datetime,level_msl_m,q_cms,rain_mm
2022-01-07T23:45:00,4.581,-,-
2022-01-07T23:30:00,4.575,-,-
2022-01-07T23:15:00,4.573,-,-
2022-01-07T23:00:00,4.570,-,-
2022-01-07T22:45:00,4.566,-,-
2022-01-07T22:30:00,4.565,-,-
2022-01-07T22:15:00,4.558,-,-
2022-01-07T22:00:00,4.549,-,-
2022-01-07T21:45:00,4.542,-,-
2022-01-07T21:30:00,4.528,-,-
2022-01-07T21:15:00,4.511,-,-
2022-01-07T21:00:00,4.492,-,-
2022-01-07T20:45:00,4.467,-,-
2022-01-07T20:30:00,4.430,-,-
2022-01-07T20:15:00,4.399,-,-
2022-01-07T20:00:00,4.364,-,-
2022-01-07T19:45:00,4.340,-,-
2022-01-07T19:30:00,4.328,-,-
2022-01-07T19:15:00,4.322,-,-
2022-01-07T19:00:00,4.321,-,-
2022-01-07T18:45:00,4.323,-,-
2022-01-07T18:30:00,4.322,-,-
2022-01-07T18:15:00,4.322,-,-
2022-01-07T18:00:00,4.322,-,-
2022-01-07T17:45:00,4.320,-,-
2022-01-07T17:30:00,4.320,-,-
2022-01-07T17:15:00,4.319,-,-
2022-01-07T17:00:00,4.319,-,-
2022-01-07T16:45:00,4.319,-,-
2022-01-07T16:30:00,4.319,-,-
2022-01-07T16:15:00,4.319,-,-
2022-01-07T16:00:00,4.319,-,-
2022-01-07T15:45:00,4.320,-,-
2022-01-07T15:30:00,4.321,-,-
2022-01-07T15:15:00,4.321,-,-
2022-01-07T15:00:00,4.321,-,-
2022-01-07T14:45:00,4.320,-,-
2022-01-07T14:30:00,4.322,-,-
2022-01-07T14:15:00,4.322,-,-
2022-01-07T14:00:00,4.323,-,-
2022-01-07T13:45:00,4.322,-,-
2022-01-07T13:30:00,4.322,-,-
2022-01-07T13:15:00,4.324,-,-
2022-01-07T13:00:00,4.325,-,-
2022-01-07T12:45:00,4.324,-,-
2022-01-07T12:30:00,4.326,-,-
2022-01-07T12:15:00,4.326,-,-
2022-01-07T12:00:00,4.326,-,-
2022-01-07T11:45:00,4.327,-,-
2022-01-07T11:30:00,4.326,-,-
2022-01-07T11:15:00,4.326,-,-
2022-01-07T11:00:00,4.327,-,-
2022-01-07T10:45:00,4.326,-,-
2022-01-07T10:30:00,4.326,-,-
2022-01-07T10:15:00,4.327,-,-
2022-01-07T10:00:00,4.327,-,-
2022-01-07T09:45:00,4.328,-,-
2022-01-07T09:30:00,4.328,-,-
2022-01-07T09:15:00,4.328,-,-
2022-01-07T09:00:00,4.329,-,-
2022-01-07T08:45:00,4.336,-,-
2022-01-07T08:30:00,4.337,-,-
2022-01-07T08:15:00,4.337,-,-
2022-01-07T08:00:00,4.337,-,-
2022-01-07T07:45:00,4.337,-,-
2022-01-07T07:30:00,4.337,-,-
2022-01-07T07:15:00,4.337,-,-
2022-01-07T07:00:00,4.337,-,-
2022-01-07T06:45:00,4.336,-,-
2022-01-07T06:30:00,4.336,-,-
2022-01-07T06:15:00,4.336,-,-
2022-01-07T06:00:00,4.336,-,-
2022-01-07T05:45:00,4.335,-,-
2022-01-07T05:30:00,4.334,-,-
2022-01-07T05:15:00,4.334,-,-
2022-01-07T05:00:00,4.336,-,-
2022-01-07T04:45:00,4.335,-,-
2022-01-07T04:30:00,4.333,-,-
2022-01-07T04:15:00,4.334,-,-
2022-01-07T04:00:00,4.334,-,-
2022-01-07T03:45:00,4.334,-,-
2022-01-07T03:30:00,4.334,-,-
2022-01-07T03:15:00,4.333,-,-
2022-01-07T03:00:00,4.333,-,-
2022-01-07T02:45:00,4.333,-,-
2022-01-07T02:30:00,4.333,-,-
2022-01-07T02:15:00,4.333,-,-
2022-01-07T02:00:00,4.332,-,-
2022-01-07T01:45:00,4.332,-,-
2022-01-07T01:30:00,4.332,-,-
2022-01-07T01:15:00,4.332,-,-
2022-01-07T01:00:00,4.331,-,-
2022-01-07T00:45:00,4.331,-,-
2022-01-07T00:30:00,4.333,-,-
2022-01-07T00:15:00,4.332,-,-
2022-01-07T00:00:00,4.332,-,-
2022-01-06T23:45:00,4.331,-,-
2022-01-06T23:30:00,4.332,-,-
2022-01-06T23:15:00,4.331,-,-
2022-01-06T23:00:00,4.330,-,-
2022-01-06T22:45:00,4.332,-,-
2022-01-06T22:30:00,4.330,-,-
2022-01-06T22:15:00,4.329,-,-
2022-01-06T22:00:00,4.330,-,-
2022-01-06T21:45:00,4.330,-,-
2022-01-06T21:30:00,4.331,-,-
2022-01-06T21:15:00,4.330,-,-
2022-01-06T21:00:00,4.329,-,-
2022-01-06T20:45:00,4.329,-,-
2022-01-06T20:30:00,4.330,-,-
2022-01-06T20:15:00,4.330,-,-
2022-01-06T20:00:00,4.329,-,-
2022-01-06T19:45:00,4.330,-,-
2022-01-06T19:30:00,4.329,-,-
2022-01-06T19:15:00,4.329,-,-
2022-01-06T19:00:00,4.331,-,-
2022-01-06T18:45:00,4.329,-,-
2022-01-06T18:30:00,4.330,-,-
2022-01-06T18:15:00,4.331,-,-
2022-01-06T18:00:00,4.330,-,-
2022-01-06T17:45:00,4.327,-,-
2022-01-06T17:30:00,4.329,-,-
2022-01-06T17:15:00,4.330,-,-
2022-01-06T17:00:00,4.329,-,-
2022-01-06T16:45:00,4.329,-,-
2022-01-06T16:30:00,4.329,-,-
2022-01-06T16:15:00,4.329,-,-
2022-01-06T16:00:00,4.328,-,-
2022-01-06T15:45:00,4.329,-,-
2022-01-06T15:30:00,4.328,-,-
2022-01-06T15:15:00,4.329,-,-
2022-01-06T15:00:00,4.330,-,-
2022-01-06T14:45:00,4.329,-,-
2022-01-06T14:30:00,4.329,-,-
2022-01-06T14:15:00,4.329,-,-
2022-01-06T14:00:00,4.329,-,-
2022-01-06T13:45:00,4.330,-,-
2022-01-06T13:30:00,4.329,-,-
2022-01-06T13:15:00,4.330,-,-
2022-01-06T13:00:00,4.330,-,-
2022-01-06T12:45:00,4.331,-,-
2022-01-06T12:30:00,4.331,-,-
2022-01-06T12:15:00,4.332,-,-
2022-01-06T12:00:00,4.332,-,-
2022-01-06T11:45:00,4.331,-,-
2022-01-06T11:30:00,4.331,-,-
2022-01-06T11:15:00,4.331,-,-
2022-01-06T11:00:00,4.331,-,-
2022-01-06T10:45:00,4.329,-,-
2022-01-06T10:30:00,4.328,-,-
2022-01-06T10:15:00,4.328,-,-
2022-01-06T10:00:00,4.326,-,-
2022-01-06T09:45:00,4.326,-,-
2022-01-06T09:30:00,4.326,-,-
2022-01-06T09:15:00,4.326,-,-
2022-01-06T09:00:00,4.327,-,-
2022-01-06T08:45:00,4.328,-,-
2022-01-06T08:30:00,4.327,-,-
2022-01-06T08:15:00,4.328,-,-
2022-01-06T08:00:00,4.327,-,-
2022-01-06T07:45:00,4.327,-,-
2022-01-06T07:30:00,4.328,-,-
2022-01-06T07:15:00,4.327,-,-
2022-01-06T07:00:00,4.328,-,-
2022-01-06T06:45:00,4.328,-,-
2022-01-06T06:30:00,4.328,-,-
2022-01-06T06:15:00,4.329,-,-
2022-01-06T06:00:00,4.327,-,-
2022-01-06T05:45:00,4.328,-,-
2022-01-06T05:30:00,4.328,-,-
2022-01-06T05:15:00,4.328,-,-
2022-01-06T05:00:00,4.328,-,-
2022-01-06T04:45:00,4.328,-,-
2022-01-06T04:30:00,4.328,-,-
2022-01-06T04:15:00,4.328,-,-
2022-01-06T04:00:00,4.328,-,-
2022-01-06T03:45:00,4.328,-,-
2022-01-06T03:30:00,4.327,-,-
2022-01-06T03:15:00,4.327,-,-
2022-01-06T03:00:00,4.327,-,-
2022-01-06T02:45:00,4.326,-,-
2022-01-06T02:30:00,4.327,-,-
2022-01-06T02:15:00,4.326,-,-
2022-01-06T02:00:00,4.326,-,-
2022-01-06T01:45:00,4.326,-,-
2022-01-06T01:30:00,4.326,-,-
2022-01-06T01:15:00,4.326,-,-
2022-01-06T01:00:00,4.326,-,-
2022-01-06T00:45:00,4.326,-,-
2022-01-06T00:30:00,4.324,-,-
2022-01-06T00:15:00,4.325,-,-
2022-01-06T00:00:00,4.325,-,-
2022-01-05T23:45:00,4.326,-,-
2022-01-05T23:30:00,4.323,-,-
2022-01-05T23:15:00,4.323,-,-
2022-01-05T23:00:00,4.323,-,-
2022-01-05T22:45:00,4.323,-,-
2022-01-05T22:30:00,4.322,-,-
2022-01-05T22:15:00,4.323,-,-
2022-01-05T22:00:00,4.322,-,-
2022-01-05T21:45:00,4.322,-,-
2022-01-05T21:30:00,4.321,-,-
2022-01-05T21:15:00,4.321,-,-
2022-01-05T21:00:00,4.320,-,-
2022-01-05T20:45:00,4.318,-,-
2022-01-05T20:30:00,4.320,-,-
2022-01-05T20:15:00,4.319,-,-
2022-01-05T20:00:00,4.319,-,-
2022-01-05T19:45:00,4.318,-,-
2022-01-05T19:30:00,4.319,-,-
2022-01-05T19:15:00,4.319,-,-
2022-01-05T19:00:00,4.319,-,-
2022-01-05T18:45:00,4.319,-,-
2022-01-05T18:30:00,4.318,-,-
2022-01-05T18:15:00,4.319,-,-
2022-01-05T18:00:00,4.319,-,-
2022-01-05T17:45:00,4.319,-,-
2022-01-05T17:30:00,4.319,-,-
2022-01-05T17:15:00,4.318,-,-
2022-01-05T17:00:00,4.319,-,-
2022-01-05T16:45:00,4.320,-,-
2022-01-05T16:30:00,4.321,-,-
2022-01-05T16:15:00,4.320,-,-
2022-01-05T16:00:00,4.321,-,-
2022-01-05T15:45:00,4.321,-,-
2022-01-05T15:30:00,4.320,-,-
2022-01-05T15:15:00,4.320,-,-
2022-01-05T15:00:00,4.320,-,-
2022-01-05T14:45:00,4.320,-,-
2022-01-05T14:30:00,4.320,-,-
2022-01-05T14:15:00,4.320,-,-
2022-01-05T14:00:00,4.320,-,-
2022-01-05T13:45:00,4.319,-,-
2022-01-05T13:30:00,4.321,-,-
2022-01-05T13:15:00,4.320,-,-
2022-01-05T13:00:00,4.321,-,-
2022-01-05T12:45:00,4.323,-,-
2022-01-05T12:30:00,4.324,-,-
2022-01-05T12:15:00,4.324,-,-
2022-01-05T12:00:00,4.323,-,-
2022-01-05T11:45:00,4.323,-,-
2022-01-05T11:30:00,4.326,-,-
2022-01-05T11:15:00,4.328,-,-
2022-01-05T11:00:00,4.328,-,-
2022-01-05T10:45:00,4.330,-,-
2022-01-05T10:30:00,4.332,-,-
2022-01-05T10:15:00,4.334,-,-
2022-01-05T10:00:00,4.335,-,-
2022-01-05T09:45:00,4.336,-,-
2022-01-05T09:30:00,4.339,-,-
2022-01-05T09:15:00,4.341,-,-
2022-01-05T09:00:00,4.341,-,-
2022-01-05T08:45:00,4.343,-,-
2022-01-05T08:30:00,4.343,-,-
2022-01-05T08:15:00,4.343,-,-
2022-01-05T08:00:00,4.343,-,-
2022-01-05T07:45:00,4.342,-,-
2022-01-05T07:30:00,4.343,-,-
2022-01-05T07:15:00,4.344,-,-
2022-01-05T07:00:00,4.345,-,-
2022-01-05T06:45:00,4.345,-,-
2022-01-05T06:30:00,4.347,-,-
2022-01-05T06:15:00,4.347,-,-
2022-01-05T06:00:00,4.348,-,-
2022-01-05T05:45:00,4.349,-,-
2022-01-05T05:30:00,4.349,-,-
2022-01-05T05:15:00,4.350,-,-
2022-01-05T05:00:00,4.351,-,-
2022-01-05T04:45:00,4.352,-,-
2022-01-05T04:30:00,4.353,-,-
2022-01-05T04:15:00,4.354,-,-
2022-01-05T04:00:00,4.354,-,-
2022-01-05T03:45:00,4.356,-,-
2022-01-05T03:30:00,4.357,-,-
2022-01-05T03:15:00,4.357,-,-
2022-01-05T03:00:00,4.359,-,-
2022-01-05T02:45:00,4.360,-,-
2022-01-05T02:30:00,4.361,-,-
2022-01-05T02:15:00,4.362,-,-
2022-01-05T02:00:00,4.363,-,-
2022-01-05T01:45:00,4.364,-,-
2022-01-05T01:30:00,4.365,-,-
2022-01-05T01:15:00,4.367,-,-
2022-01-05T01:00:00,4.368,-,-
2022-01-05T00:45:00,4.369,-,-
2022-01-05T00:30:00,4.370,-,-
2022-01-05T00:15:00,4.370,-,-
2022-01-05T00:00:00,4.372,-,-
2022-01-04T23:45:00,4.372,-,-
2022-01-04T23:30:00,4.374,-,-
2022-01-04T23:15:00,4.375,-,-
2022-01-04T23:00:00,4.376,-,-
2022-01-04T22:45:00,4.377,-,-
2022-01-04T22:30:00,4.378,-,-
2022-01-04T22:15:00,4.380,-,-
2022-01-04T22:00:00,4.382,-,-
2022-01-04T21:45:00,4.383,-,-
2022-01-04T21:30:00,4.385,-,-
2022-01-04T21:15:00,4.386,-,-
2022-01-04T21:00:00,4.387,-,-
2022-01-04T20:45:00,4.389,-,-
2022-01-04T20:30:00,4.391,-,-
2022-01-04T20:15:00,4.392,-,-
2022-01-04T20:00:00,4.396,-,-
2022-01-04T19:45:00,4.396,-,-
2022-01-04T19:30:00,4.399,-,-
2022-01-04T19:15:00,4.400,-,-
2022-01-04T19:00:00,4.401,-,-
2022-01-04T18:45:00,4.404,-,-
2022-01-04T18:30:00,4.405,-,-
2022-01-04T18:15:00,4.406,-,-
2022-01-04T18:00:00,4.410,-,-
2022-01-04T17:45:00,4.411,-,-
2022-01-04T17:30:00,4.413,-,-
2022-01-04T17:15:00,4.413,-,-
2022-01-04T17:00:00,4.415,-,-
2022-01-04T16:45:00,4.419,-,-
2022-01-04T16:30:00,4.420,-,-
2022-01-04T16:15:00,4.422,-,-
2022-01-04T16:00:00,4.424,-,-
2022-01-04T15:45:00,4.425,-,-
2022-01-04T15:30:00,4.428,-,-
2022-01-04T15:15:00,4.430,-,-
2022-01-04T15:00:00,4.431,-,-
2022-01-04T14:45:00,4.434,-,-
2022-01-04T14:30:00,4.438,-,-
2022-01-04T14:15:00,4.441,-,-
2022-01-04T14:00:00,4.446,-,-
2022-01-04T13:45:00,4.452,-,-
2022-01-04T13:30:00,4.459,-,-
2022-01-04T13:15:00,4.468,-,-
2022-01-04T13:00:00,4.482,-,-
2022-01-04T12:45:00,4.494,-,-
2022-01-04T12:30:00,4.512,-,-
2022-01-04T12:15:00,4.532,-,-
2022-01-04T12:00:00,4.557,-,-
2022-01-04T11:45:00,4.580,-,-
2022-01-04T11:30:00,4.604,-,-
2022-01-04T11:15:00,4.621,-,-
2022-01-04T11:00:00,4.631,-,-
2022-01-04T10:45:00,4.640,-,-
2022-01-04T10:30:00,4.639,-,-
2022-01-04T10:15:00,4.638,-,-
2022-01-04T10:00:00,4.636,-,-
2022-01-04T09:45:00,4.634,-,-
2022-01-04T09:30:00,4.634,-,-
2022-01-04T09:15:00,4.633,-,-
2022-01-04T09:00:00,4.630,-,-
2022-01-04T08:45:00,4.628,-,-
2022-01-04T08:30:00,4.624,-,-
2022-01-04T08:15:00,4.625,-,-
2022-01-04T08:00:00,4.622,-,-
2022-01-04T07:45:00,4.622,-,-
2022-01-04T07:30:00,4.620,-,-
2022-01-04T07:15:00,4.619,-,-
2022-01-04T07:00:00,4.618,-,-
2022-01-04T06:45:00,4.617,-,-
2022-01-04T06:30:00,4.617,-,-
2022-01-04T06:15:00,4.616,-,-
2022-01-04T06:00:00,4.615,-,-
2022-01-04T05:45:00,4.613,-,-
2022-01-04T05:30:00,4.611,-,-
2022-01-04T05:15:00,4.610,-,-
2022-01-04T05:00:00,4.609,-,-
2022-01-04T04:45:00,4.607,-,-
2022-01-04T04:30:00,4.607,-,-
2022-01-04T04:15:00,4.606,-,-
2022-01-04T04:00:00,4.604,-,-
2022-01-04T03:45:00,4.604,-,-
2022-01-04T03:30:00,4.603,-,-
2022-01-04T03:15:00,4.600,-,-
2022-01-04T03:00:00,4.600,-,-
2022-01-04T02:45:00,4.599,-,-
2022-01-04T02:30:00,4.599,-,-
2022-01-04T02:15:00,4.598,-,-
2022-01-04T02:00:00,4.596,-,-
2022-01-04T01:45:00,4.594,-,-
2022-01-04T01:30:00,4.592,-,-
2022-01-04T01:15:00,4.593,-,-
2022-01-04T01:00:00,4.591,-,-
2022-01-04T00:45:00,4.592,-,-
2022-01-04T00:30:00,4.589,-,-
2022-01-04T00:15:00,4.588,-,-
2022-01-04T00:00:00,4.586,-,-
2022-01-03T23:45:00,4.586,-,-
2022-01-03T23:30:00,4.588,-,-
2022-01-03T23:15:00,4.585,-,-
2022-01-03T23:00:00,4.580,-,-
2022-01-03T22:45:00,4.580,-,-
2022-01-03T22:30:00,4.576,-,-
2022-01-03T22:15:00,4.577,-,-
2022-01-03T22:00:00,4.571,-,-
2022-01-03T21:45:00,4.571,-,-
2022-01-03T21:30:00,4.571,-,-
2022-01-03T21:15:00,4.569,-,-
2022-01-03T21:00:00,4.566,-,-
2022-01-03T20:45:00,4.563,-,-
2022-01-03T20:30:00,4.561,-,-
2022-01-03T20:15:00,4.558,-,-
2022-01-03T20:00:00,4.552,-,-
2022-01-03T19:45:00,4.549,-,-
2022-01-03T19:30:00,4.542,-,-
2022-01-03T19:15:00,4.533,-,-
2022-01-03T19:00:00,4.519,-,-
2022-01-03T18:45:00,4.504,-,-
2022-01-03T18:30:00,4.491,-,-
2022-01-03T18:15:00,4.470,-,-
2022-01-03T18:00:00,4.444,-,-
2022-01-03T17:45:00,4.425,-,-
2022-01-03T17:30:00,4.414,-,-
2022-01-03T17:15:00,4.411,-,-
2022-01-03T17:00:00,4.415,-,-
2022-01-03T16:45:00,4.420,-,-
2022-01-03T16:30:00,4.426,-,-
2022-01-03T16:15:00,4.431,-,-
2022-01-03T16:00:00,4.435,-,-
2022-01-03T15:45:00,4.438,-,-
2022-01-03T15:30:00,4.443,-,-
2022-01-03T15:15:00,4.446,-,-
2022-01-03T15:00:00,4.452,-,-
2022-01-03T14:45:00,4.455,-,-
2022-01-03T14:30:00,4.460,-,-
2022-01-03T14:15:00,4.464,-,-
2022-01-03T14:00:00,4.467,-,-
2022-01-03T13:45:00,4.469,-,-
2022-01-03T13:30:00,4.470,-,-
2022-01-03T13:15:00,4.473,-,-
2022-01-03T13:00:00,4.470,-,-
2022-01-03T12:45:00,4.468,-,-
2022-01-03T12:30:00,4.459,-,-
2022-01-03T12:15:00,4.450,-,-
2022-01-03T12:00:00,4.436,-,-
2022-01-03T11:45:00,4.418,-,-
2022-01-03T11:30:00,4.398,-,-
2022-01-03T11:15:00,4.379,-,-
2022-01-03T11:00:00,4.362,-,-
2022-01-03T10:45:00,4.352,-,-
2022-01-03T10:30:00,4.350,-,-
2022-01-03T10:15:00,4.351,-,-
2022-01-03T10:00:00,4.352,-,-
2022-01-03T09:45:00,4.355,-,-
2022-01-03T09:30:00,4.357,-,-
2022-01-03T09:15:00,4.359,-,-
2022-01-03T09:00:00,4.361,-,-
2022-01-03T08:45:00,4.363,-,-
2022-01-03T08:30:00,4.365,-,-
2022-01-03T08:15:00,4.367,-,-
2022-01-03T08:00:00,4.371,-,-
2022-01-03T07:45:00,4.374,-,-
2022-01-03T07:30:00,4.378,-,-
2022-01-03T07:15:00,4.381,-,-
2022-01-03T07:00:00,4.384,-,-
2022-01-03T06:45:00,4.385,-,-
2022-01-03T06:30:00,4.387,-,-
2022-01-03T06:15:00,4.390,-,-
2022-01-03T06:00:00,4.392,-,-
2022-01-03T05:45:00,4.395,-,-
2022-01-03T05:30:00,4.396,-,-
2022-01-03T05:15:00,4.401,-,-
2022-01-03T05:00:00,4.404,-,-
2022-01-03T04:45:00,4.407,-,-
2022-01-03T04:30:00,4.410,-,-
2022-01-03T04:15:00,4.413,-,-
2022-01-03T04:00:00,4.417,-,-
2022-01-03T03:45:00,4.421,-,-
2022-01-03T03:30:00,4.424,-,-
2022-01-03T03:15:00,4.429,-,-
2022-01-03T03:00:00,4.433,-,-
2022-01-03T02:45:00,4.437,-,-
2022-01-03T02:30:00,4.441,-,-
2022-01-03T02:15:00,4.445,-,-
2022-01-03T02:00:00,4.450,-,-
2022-01-03T01:45:00,4.455,-,-
2022-01-03T01:30:00,4.459,-,-
2022-01-03T01:15:00,4.465,-,-
2022-01-03T01:00:00,4.469,-,-
2022-01-03T00:45:00,4.475,-,-
2022-01-03T00:30:00,4.482,-,-
2022-01-03T00:15:00,4.488,-,-
2022-01-03T00:00:00,4.492,-,-
2022-01-02T23:45:00,4.497,-,-
2022-01-02T23:30:00,4.506,-,-
2022-01-02T23:15:00,4.515,-,-
2022-01-02T23:00:00,4.526,-,-
2022-01-02T22:45:00,4.541,-,-
2022-01-02T22:30:00,4.555,-,-
2022-01-02T22:15:00,4.578,-,-
2022-01-02T22:00:00,4.601,-,-
2022-01-02T21:45:00,4.629,-,-
2022-01-02T21:30:00,4.664,-,-
2022-01-02T21:15:00,4.699,-,-
2022-01-02T21:00:00,4.739,-,-
2022-01-02T20:45:00,4.780,-,-
2022-01-02T20:30:00,4.813,-,-
2022-01-02T20:15:00,4.838,-,-
2022-01-02T20:00:00,4.852,-,-
2022-01-02T19:45:00,4.864,-,-
2022-01-02T19:30:00,4.868,-,-
2022-01-02T19:15:00,4.873,-,-
2022-01-02T19:00:00,4.880,-,-
2022-01-02T18:45:00,4.886,-,-
2022-01-02T18:30:00,4.887,-,-
2022-01-02T18:15:00,4.894,-,-
2022-01-02T18:00:00,4.896,-,-
2022-01-02T17:45:00,4.897,-,-
2022-01-02T17:30:00,4.898,-,-
2022-01-02T17:15:00,4.903,-,-
2022-01-02T17:00:00,4.904,-,-
2022-01-02T16:45:00,4.906,-,-
2022-01-02T16:30:00,4.909,-,-
2022-01-02T16:15:00,4.907,-,-
2022-01-02T16:00:00,4.907,-,-
2022-01-02T15:45:00,4.905,-,-
2022-01-02T15:30:00,4.908,-,-
2022-01-02T15:15:00,4.908,-,-
2022-01-02T15:00:00,4.903,-,-
2022-01-02T14:45:00,4.900,-,-
2022-01-02T14:30:00,4.898,-,-
2022-01-02T14:15:00,4.897,-,-
2022-01-02T14:00:00,4.889,-,-
2022-01-02T13:45:00,4.886,-,-
2022-01-02T13:30:00,4.881,-,-
2022-01-02T13:15:00,4.873,-,-
2022-01-02T13:00:00,4.861,-,-
2022-01-02T12:45:00,4.852,-,-
2022-01-02T12:30:00,4.834,-,-
2022-01-02T12:15:00,4.810,-,-
2022-01-02T12:00:00,4.778,-,-
2022-01-02T11:45:00,4.739,-,-
2022-01-02T11:30:00,4.687,-,-
2022-01-02T11:15:00,4.625,-,-
2022-01-02T11:00:00,4.555,-,-
2022-01-02T10:45:00,4.493,-,-
2022-01-02T10:30:00,4.448,-,-
2022-01-02T10:15:00,4.430,-,-
2022-01-02T10:00:00,4.429,-,-
2022-01-02T09:45:00,4.432,-,-
2022-01-02T09:30:00,4.437,-,-
2022-01-02T09:15:00,4.442,-,-
2022-01-02T09:00:00,4.445,-,-
2022-01-02T08:45:00,4.450,-,-
2022-01-02T08:30:00,4.456,-,-
2022-01-02T08:15:00,4.460,-,-
2022-01-02T08:00:00,4.465,-,-
2022-01-02T07:45:00,4.470,-,-
2022-01-02T07:30:00,4.474,-,-
2022-01-02T07:15:00,4.479,-,-
2022-01-02T07:00:00,4.483,-,-
2022-01-02T06:45:00,4.486,-,-
2022-01-02T06:30:00,4.490,-,-
2022-01-02T06:15:00,4.492,-,-
2022-01-02T06:00:00,4.496,-,-
2022-01-02T05:45:00,4.497,-,-
2022-01-02T05:30:00,4.501,-,-
2022-01-02T05:15:00,4.506,-,-
2022-01-02T05:00:00,4.510,-,-
2022-01-02T04:45:00,4.514,-,-
2022-01-02T04:30:00,4.519,-,-
2022-01-02T04:15:00,4.522,-,-
2022-01-02T04:00:00,4.527,-,-
2022-01-02T03:45:00,4.531,-,-
2022-01-02T03:30:00,4.535,-,-
2022-01-02T03:15:00,4.540,-,-
2022-01-02T03:00:00,4.544,-,-
2022-01-02T02:45:00,4.549,-,-
2022-01-02T02:30:00,4.552,-,-
2022-01-02T02:15:00,4.558,-,-
2022-01-02T02:00:00,4.562,-,-
2022-01-02T01:45:00,4.567,-,-
2022-01-02T01:30:00,4.572,-,-
2022-01-02T01:15:00,4.578,-,-
2022-01-02T01:00:00,4.583,-,-
2022-01-02T00:45:00,4.588,-,-
2022-01-02T00:30:00,4.594,-,-
2022-01-02T00:15:00,4.601,-,-
2022-01-02T00:00:00,4.606,-,-
2022-01-01T23:45:00,4.612,-,-
2022-01-01T23:30:00,4.619,-,-
2022-01-01T23:15:00,4.628,-,-
2022-01-01T23:00:00,4.638,-,-
2022-01-01T22:45:00,4.651,-,-
2022-01-01T22:30:00,4.666,-,-
2022-01-01T22:15:00,4.686,-,-
2022-01-01T22:00:00,4.710,-,-
2022-01-01T21:45:00,4.740,-,-
2022-01-01T21:30:00,4.776,-,-
2022-01-01T21:15:00,4.813,-,-
2022-01-01T21:00:00,4.855,-,-
2022-01-01T20:45:00,4.893,-,-
2022-01-01T20:30:00,4.930,-,-
2022-01-01T20:15:00,4.957,-,-
2022-01-01T20:00:00,4.973,-,-
2022-01-01T19:45:00,4.977,-,-
2022-01-01T19:30:00,4.980,-,-
2022-01-01T19:15:00,4.979,-,-
2022-01-01T19:00:00,4.980,-,-
2022-01-01T18:45:00,4.978,-,-
2022-01-01T18:30:00,4.977,-,-
2022-01-01T18:15:00,4.971,-,-
2022-01-01T18:00:00,4.972,-,-
2022-01-01T17:45:00,4.969,-,-
2022-01-01T17:30:00,4.968,-,-
2022-01-01T17:15:00,4.968,-,-
2022-01-01T17:00:00,4.967,-,-
2022-01-01T16:45:00,4.964,-,-
2022-01-01T16:30:00,4.961,-,-
2022-01-01T16:15:00,4.961,-,-
2022-01-01T16:00:00,4.958,-,-
2022-01-01T15:45:00,4.954,-,-
2022-01-01T15:30:00,4.952,-,-
2022-01-01T15:15:00,4.952,-,-
2022-01-01T15:00:00,4.952,-,-
2022-01-01T14:45:00,4.945,-,-
2022-01-01T14:30:00,4.946,-,-
2022-01-01T14:15:00,4.943,-,-
2022-01-01T14:00:00,4.939,-,-
2022-01-01T13:45:00,4.936,-,-
2022-01-01T13:30:00,4.933,-,-
2022-01-01T13:15:00,4.925,-,-
2022-01-01T13:00:00,4.921,-,-
2022-01-01T12:45:00,4.914,-,-
2022-01-01T12:30:00,4.899,-,-
2022-01-01T12:15:00,4.886,-,-
2022-01-01T12:00:00,4.872,-,-
2022-01-01T11:45:00,4.846,-,-
2022-01-01T11:30:00,4.818,-,-
2022-01-01T11:15:00,4.778,-,-
2022-01-01T11:00:00,4.725,-,-
2022-01-01T10:45:00,4.661,-,-
2022-01-01T10:30:00,4.590,-,-
2022-01-01T10:15:00,4.522,-,-
2022-01-01T10:00:00,4.479,-,-
2022-01-01T09:45:00,4.461,-,-
2022-01-01T09:30:00,4.459,-,-
2022-01-01T09:15:00,4.464,-,-
2022-01-01T09:00:00,4.470,-,-
2022-01-01T08:45:00,4.475,-,-
2022-01-01T08:30:00,4.480,-,-
2022-01-01T08:15:00,4.484,-,-
2022-01-01T08:00:00,4.487,-,-
2022-01-01T07:45:00,4.487,-,-
2022-01-01T07:30:00,4.488,-,-
2022-01-01T07:15:00,4.489,-,-
2022-01-01T07:00:00,4.488,-,-
2022-01-01T06:45:00,4.489,-,-
2022-01-01T06:30:00,4.490,-,-
2022-01-01T06:15:00,4.492,-,-
2022-01-01T06:00:00,4.492,-,-
2022-01-01T05:45:00,4.493,-,-
2022-01-01T05:30:00,4.493,-,-
2022-01-01T05:15:00,4.494,-,-
2022-01-01T05:00:00,4.495,-,-
2022-01-01T04:45:00,4.496,-,-
2022-01-01T04:30:00,4.497,-,-
2022-01-01T04:15:00,4.497,-,-
2022-01-01T04:00:00,4.498,-,-
2022-01-01T03:45:00,4.499,-,-
2022-01-01T03:30:00,4.501,-,-
2022-01-01T03:15:00,4.501,-,-
2022-01-01T03:00:00,4.501,-,-
2022-01-01T02:45:00,4.504,-,-
2022-01-01T02:30:00,4.506,-,-
2022-01-01T02:15:00,4.506,-,-
2022-01-01T02:00:00,4.509,-,-
2022-01-01T01:45:00,4.509,-,-
2022-01-01T01:30:00,4.512,-,-
2022-01-01T01:15:00,4.513,-,-
2022-01-01T01:00:00,4.515,-,-
2022-01-01T00:45:00,4.518,-,-
2022-01-01T00:30:00,4.519,-,-
2022-01-01T00:15:00,4.522,-,-
2022-01-01T00:00:00,4.523,-,-
2022-01-14T23:45:00,4.635,-,-
2022-01-14T23:30:00,4.632,-,-
2022-01-14T23:15:00,4.630,-,-
2022-01-14T23:00:00,4.629,-,-
2022-01-14T22:45:00,4.629,-,-
2022-01-14T22:30:00,4.626,-,-
2022-01-14T22:15:00,4.624,-,-
2022-01-14T22:00:00,4.624,-,-
2022-01-14T21:45:00,4.624,-,-
2022-01-14T21:30:00,4.622,-,-
2022-01-14T21:15:00,4.617,-,-
2022-01-14T21:00:00,4.617,-,-
2022-01-14T20:45:00,4.616,-,-
2022-01-14T20:30:00,4.613,-,-
2022-01-14T20:15:00,4.613,-,-
2022-01-14T20:00:00,4.612,-,-
2022-01-14T19:45:00,4.611,-,-
2022-01-14T19:30:00,4.609,-,-
2022-01-14T19:15:00,4.606,-,-
2022-01-14T19:00:00,4.606,-,-
2022-01-14T18:45:00,4.604,-,-
2022-01-14T18:30:00,4.601,-,-
2022-01-14T18:15:00,4.600,-,-
2022-01-14T18:00:00,4.600,-,-
2022-01-14T17:45:00,4.601,-,-
2022-01-14T17:30:00,4.601,-,-
2022-01-14T17:15:00,4.600,-,-
2022-01-14T17:00:00,4.600,-,-
2022-01-14T16:45:00,4.601,-,-
2022-01-14T16:30:00,4.602,-,-
2022-01-14T16:15:00,4.604,-,-
2022-01-14T16:00:00,4.605,-,-
2022-01-14T15:45:00,4.608,-,-
2022-01-14T15:30:00,4.612,-,-
2022-01-14T15:15:00,4.615,-,-
2022-01-14T15:00:00,4.620,-,-
2022-01-14T14:45:00,4.626,-,-
2022-01-14T14:30:00,4.631,-,-
2022-01-14T14:15:00,4.630,-,-
2022-01-14T14:00:00,4.627,-,-
2022-01-14T13:45:00,4.616,-,-
2022-01-14T13:30:00,4.602,-,-
2022-01-14T13:15:00,4.583,-,-
2022-01-14T13:00:00,4.561,-,-
2022-01-14T12:45:00,4.537,-,-
2022-01-14T12:30:00,4.512,-,-
2022-01-14T12:15:00,4.491,-,-
2022-01-14T12:00:00,4.481,-,-
2022-01-14T11:45:00,4.477,-,-
2022-01-14T11:30:00,4.472,-,-
2022-01-14T11:15:00,4.471,-,-
2022-01-14T11:00:00,4.472,-,-
2022-01-14T10:45:00,4.471,-,-
2022-01-14T10:30:00,4.471,-,-
2022-01-14T10:15:00,4.472,-,-
2022-01-14T10:00:00,4.471,-,-
2022-01-14T09:45:00,4.472,-,-
2022-01-14T09:30:00,4.473,-,-
2022-01-14T09:15:00,4.474,-,-
2022-01-14T09:00:00,4.475,-,-
2022-01-14T08:45:00,4.476,-,-
2022-01-14T08:30:00,4.476,-,-
2022-01-14T08:15:00,4.477,-,-
2022-01-14T08:00:00,4.476,-,-
2022-01-14T07:45:00,4.477,-,-
2022-01-14T07:30:00,4.477,-,-
2022-01-14T07:15:00,4.478,-,-
2022-01-14T07:00:00,4.477,-,-
2022-01-14T06:45:00,4.477,-,-
2022-01-14T06:30:00,4.476,-,-
2022-01-14T06:15:00,4.475,-,-
2022-01-14T06:00:00,4.475,-,-
2022-01-14T05:45:00,4.474,-,-
2022-01-14T05:30:00,4.474,-,-
2022-01-14T05:15:00,4.473,-,-
2022-01-14T05:00:00,4.472,-,-
2022-01-14T04:45:00,4.471,-,-
2022-01-14T04:30:00,4.470,-,-
2022-01-14T04:15:00,4.469,-,-
2022-01-14T04:00:00,4.468,-,-
2022-01-14T03:45:00,4.467,-,-
2022-01-14T03:30:00,4.467,-,-
2022-01-14T03:15:00,4.465,-,-
2022-01-14T03:00:00,4.465,-,-
2022-01-14T02:45:00,4.464,-,-
2022-01-14T02:30:00,4.463,-,-
2022-01-14T02:15:00,4.463,-,-
2022-01-14T02:00:00,4.461,-,-
2022-01-14T01:45:00,4.461,-,-
2022-01-14T01:30:00,4.459,-,-
2022-01-14T01:15:00,4.459,-,-
2022-01-14T01:00:00,4.457,-,-
2022-01-14T00:45:00,4.457,-,-
2022-01-14T00:30:00,4.456,-,-
2022-01-14T00:15:00,4.455,-,-
2022-01-14T00:00:00,4.454,-,-
2022-01-13T23:45:00,4.453,-,-
2022-01-13T23:30:00,4.452,-,-
2022-01-13T23:15:00,4.451,-,-
2022-01-13T23:00:00,4.450,-,-
2022-01-13T22:45:00,4.448,-,-
2022-01-13T22:30:00,4.449,-,-
2022-01-13T22:15:00,4.447,-,-
2022-01-13T22:00:00,4.446,-,-
2022-01-13T21:45:00,4.445,-,-
2022-01-13T21:30:00,4.445,-,-
2022-01-13T21:15:00,4.444,-,-
2022-01-13T21:00:00,4.442,-,-
2022-01-13T20:45:00,4.440,-,-
2022-01-13T20:30:00,4.440,-,-
2022-01-13T20:15:00,4.439,-,-
2022-01-13T20:00:00,4.438,-,-
2022-01-13T19:45:00,4.437,-,-
2022-01-13T19:30:00,4.436,-,-
2022-01-13T19:15:00,4.435,-,-
2022-01-13T19:00:00,4.434,-,-
2022-01-13T18:45:00,4.432,-,-
2022-01-13T18:30:00,4.432,-,-
2022-01-13T18:15:00,4.431,-,-
2022-01-13T18:00:00,4.430,-,-
2022-01-13T17:45:00,4.429,-,-
2022-01-13T17:30:00,4.428,-,-
2022-01-13T17:15:00,4.427,-,-
2022-01-13T17:00:00,4.426,-,-
2022-01-13T16:45:00,4.426,-,-
2022-01-13T16:30:00,4.425,-,-
2022-01-13T16:15:00,4.424,-,-
2022-01-13T16:00:00,4.422,-,-
2022-01-13T15:45:00,4.421,-,-
2022-01-13T15:30:00,4.420,-,-
2022-01-13T15:15:00,4.420,-,-
2022-01-13T15:00:00,4.419,-,-
2022-01-13T14:45:00,4.418,-,-
2022-01-13T14:30:00,4.416,-,-
2022-01-13T14:15:00,4.417,-,-
2022-01-13T14:00:00,4.416,-,-
2022-01-13T13:45:00,4.415,-,-
2022-01-13T13:30:00,4.414,-,-
2022-01-13T13:15:00,4.413,-,-
2022-01-13T13:00:00,4.412,-,-
2022-01-13T12:45:00,4.411,-,-
2022-01-13T12:30:00,4.410,-,-
2022-01-13T12:15:00,4.409,-,-
2022-01-13T12:00:00,4.409,-,-
2022-01-13T11:45:00,4.407,-,-
2022-01-13T11:30:00,4.406,-,-
2022-01-13T11:15:00,4.405,-,-
2022-01-13T11:00:00,4.404,-,-
2022-01-13T10:45:00,4.403,-,-
2022-01-13T10:30:00,4.403,-,-
2022-01-13T10:15:00,4.403,-,-
2022-01-13T10:00:00,4.402,-,-
2022-01-13T09:45:00,4.402,-,-
2022-01-13T09:30:00,4.400,-,-
2022-01-13T09:15:00,4.400,-,-
2022-01-13T09:00:00,4.400,-,-
2022-01-13T08:45:00,4.401,-,-
2022-01-13T08:30:00,4.399,-,-
2022-01-13T08:15:00,4.398,-,-
2022-01-13T08:00:00,4.397,-,-
2022-01-13T07:45:00,4.396,-,-
2022-01-13T07:30:00,4.395,-,-
2022-01-13T07:15:00,4.395,-,-
2022-01-13T07:00:00,4.393,-,-
2022-01-13T06:45:00,4.392,-,-
2022-01-13T06:30:00,4.390,-,-
2022-01-13T06:15:00,4.389,-,-
2022-01-13T06:00:00,4.388,-,-
2022-01-13T05:45:00,4.387,-,-
2022-01-13T05:30:00,4.385,-,-
2022-01-13T05:15:00,4.385,-,-
2022-01-13T05:00:00,4.383,-,-
2022-01-13T04:45:00,4.382,-,-
2022-01-13T04:30:00,4.380,-,-
2022-01-13T04:15:00,4.379,-,-
2022-01-13T04:00:00,4.378,-,-
2022-01-13T03:45:00,4.377,-,-
2022-01-13T03:30:00,4.376,-,-
2022-01-13T03:15:00,4.374,-,-
2022-01-13T03:00:00,4.374,-,-
2022-01-13T02:45:00,4.373,-,-
2022-01-13T02:30:00,4.371,-,-
2022-01-13T02:15:00,4.370,-,-
2022-01-13T02:00:00,4.368,-,-
2022-01-13T01:45:00,4.368,-,-
2022-01-13T01:30:00,4.365,-,-
2022-01-13T01:15:00,4.364,-,-
2022-01-13T01:00:00,4.364,-,-
2022-01-13T00:45:00,4.363,-,-
2022-01-13T00:30:00,4.361,-,-
2022-01-13T00:15:00,4.360,-,-
2022-01-13T00:00:00,4.362,-,-
2022-01-12T23:45:00,4.358,-,-
2022-01-12T23:30:00,4.356,-,-
2022-01-12T23:15:00,4.355,-,-
2022-01-12T23:00:00,4.355,-,-
2022-01-12T22:45:00,4.352,-,-
2022-01-12T22:30:00,4.352,-,-
2022-01-12T22:15:00,4.350,-,-
2022-01-12T22:00:00,4.350,-,-
2022-01-12T21:45:00,4.349,-,-
2022-01-12T21:30:00,4.347,-,-
2022-01-12T21:15:00,4.346,-,-
2022-01-12T21:00:00,4.344,-,-
2022-01-12T20:45:00,4.344,-,-
2022-01-12T20:30:00,4.342,-,-
2022-01-12T20:15:00,4.340,-,-
2022-01-12T20:00:00,4.338,-,-
2022-01-12T19:45:00,4.337,-,-
2022-01-12T19:30:00,4.335,-,-
2022-01-12T19:15:00,4.335,-,-
2022-01-12T19:00:00,4.334,-,-
2022-01-12T18:45:00,4.334,-,-
2022-01-12T18:30:00,4.332,-,-
2022-01-12T18:15:00,4.331,-,-
2022-01-12T18:00:00,4.330,-,-
2022-01-12T17:45:00,4.328,-,-
2022-01-12T17:30:00,4.328,-,-
2022-01-12T17:15:00,4.326,-,-
2022-01-12T17:00:00,4.326,-,-
2022-01-12T16:45:00,4.324,-,-
2022-01-12T16:30:00,4.322,-,-
2022-01-12T16:15:00,4.322,-,-
2022-01-12T16:00:00,4.320,-,-
2022-01-12T15:45:00,4.318,-,-
2022-01-12T15:30:00,4.316,-,-
2022-01-12T15:15:00,4.316,-,-
2022-01-12T15:00:00,4.314,-,-
2022-01-12T14:45:00,4.314,-,-
2022-01-12T14:30:00,4.313,-,-
2022-01-12T14:15:00,4.311,-,-
2022-01-12T14:00:00,4.310,-,-
2022-01-12T13:45:00,4.309,-,-
2022-01-12T13:30:00,4.308,-,-
2022-01-12T13:15:00,4.307,-,-
2022-01-12T13:00:00,4.308,-,-
2022-01-12T12:45:00,4.306,-,-
2022-01-12T12:30:00,4.307,-,-
2022-01-12T12:15:00,4.305,-,-
2022-01-12T12:00:00,4.305,-,-
2022-01-12T11:45:00,4.305,-,-
2022-01-12T11:30:00,4.304,-,-
2022-01-12T11:15:00,4.303,-,-
2022-01-12T11:00:00,4.302,-,-
2022-01-12T10:45:00,4.301,-,-
2022-01-12T10:30:00,4.301,-,-
2022-01-12T10:15:00,4.299,-,-
2022-01-12T10:00:00,4.300,-,-
2022-01-12T09:45:00,4.298,-,-
2022-01-12T09:30:00,4.299,-,-
2022-01-12T09:15:00,4.298,-,-
2022-01-12T09:00:00,4.299,-,-
2022-01-12T08:45:00,4.296,-,-
2022-01-12T08:30:00,4.297,-,-
2022-01-12T08:15:00,4.295,-,-
2022-01-12T08:00:00,4.295,-,-
2022-01-12T07:45:00,4.294,-,-
2022-01-12T07:30:00,4.294,-,-
2022-01-12T07:15:00,4.293,-,-
2022-01-12T07:00:00,4.292,-,-
2022-01-12T06:45:00,4.290,-,-
2022-01-12T06:30:00,4.290,-,-
2022-01-12T06:15:00,4.290,-,-
2022-01-12T06:00:00,4.289,-,-
2022-01-12T05:45:00,4.288,-,-
2022-01-12T05:30:00,4.285,-,-
2022-01-12T05:15:00,4.288,-,-
2022-01-12T05:00:00,4.286,-,-
2022-01-12T04:45:00,4.284,-,-
2022-01-12T04:30:00,4.284,-,-
2022-01-12T04:15:00,4.283,-,-
2022-01-12T04:00:00,4.281,-,-
2022-01-12T03:45:00,4.281,-,-
2022-01-12T03:30:00,4.280,-,-
2022-01-12T03:15:00,4.279,-,-
2022-01-12T03:00:00,4.278,-,-
2022-01-12T02:45:00,4.278,-,-
2022-01-12T02:30:00,4.277,-,-
2022-01-12T02:15:00,4.274,-,-
2022-01-12T02:00:00,4.274,-,-
2022-01-12T01:45:00,4.273,-,-
2022-01-12T01:30:00,4.272,-,-
2022-01-12T01:15:00,4.272,-,-
2022-01-12T01:00:00,4.270,-,-
2022-01-12T00:45:00,4.269,-,-
2022-01-12T00:30:00,4.269,-,-
2022-01-12T00:15:00,4.268,-,-
2022-01-12T00:00:00,4.268,-,-
2022-01-11T23:45:00,4.267,-,-
2022-01-11T23:30:00,4.266,-,-
2022-01-11T23:15:00,4.266,-,-
2022-01-11T23:00:00,4.265,-,-
2022-01-11T22:45:00,4.263,-,-
2022-01-11T22:30:00,4.261,-,-
2022-01-11T22:15:00,4.260,-,-
2022-01-11T22:00:00,4.259,-,-
2022-01-11T21:45:00,4.258,-,-
2022-01-11T21:30:00,4.258,-,-
2022-01-11T21:15:00,4.255,-,-
2022-01-11T21:00:00,4.255,-,-
2022-01-11T20:45:00,4.254,-,-
2022-01-11T20:30:00,4.253,-,-
2022-01-11T20:15:00,4.253,-,-
2022-01-11T20:00:00,4.251,-,-
2022-01-11T19:45:00,4.251,-,-
2022-01-11T19:30:00,4.250,-,-
2022-01-11T19:15:00,4.250,-,-
2022-01-11T19:00:00,4.249,-,-
2022-01-11T18:45:00,4.248,-,-
2022-01-11T18:30:00,4.249,-,-
2022-01-11T18:15:00,4.249,-,-
2022-01-11T18:00:00,4.247,-,-
2022-01-11T17:45:00,4.244,-,-
2022-01-11T17:30:00,4.244,-,-
2022-01-11T17:15:00,4.244,-,-
2022-01-11T17:00:00,4.245,-,-
2022-01-11T16:45:00,4.245,-,-
2022-01-11T16:30:00,4.245,-,-
2022-01-11T16:15:00,4.246,-,-
2022-01-11T16:00:00,4.246,-,-
2022-01-11T15:45:00,4.247,-,-
2022-01-11T15:30:00,4.247,-,-
2022-01-11T15:15:00,4.249,-,-
2022-01-11T15:00:00,4.251,-,-
2022-01-11T14:45:00,4.252,-,-
2022-01-11T14:30:00,4.254,-,-
2022-01-11T14:15:00,4.256,-,-
2022-01-11T14:00:00,4.258,-,-
2022-01-11T13:45:00,4.262,-,-
2022-01-11T13:30:00,4.269,-,-
2022-01-11T13:15:00,4.278,-,-
2022-01-11T13:00:00,4.285,-,-
2022-01-11T12:45:00,4.295,-,-
2022-01-11T12:30:00,4.307,-,-
2022-01-11T12:15:00,4.323,-,-
2022-01-11T12:00:00,4.344,-,-
2022-01-11T11:45:00,4.367,-,-
2022-01-11T11:30:00,4.395,-,-
2022-01-11T11:15:00,4.427,-,-
2022-01-11T11:00:00,4.463,-,-
2022-01-11T10:45:00,4.493,-,-
2022-01-11T10:30:00,4.519,-,-
2022-01-11T10:15:00,4.540,-,-
2022-01-11T10:00:00,4.556,-,-
2022-01-11T09:45:00,4.562,-,-
2022-01-11T09:30:00,4.563,-,-
2022-01-11T09:15:00,4.565,-,-
2022-01-11T09:00:00,4.561,-,-
2022-01-11T08:45:00,4.562,-,-
2022-01-11T08:30:00,4.559,-,-
2022-01-11T08:15:00,4.560,-,-
2022-01-11T08:00:00,4.556,-,-
2022-01-11T07:45:00,4.556,-,-
2022-01-11T07:30:00,4.557,-,-
2022-01-11T07:15:00,4.554,-,-
2022-01-11T07:00:00,4.555,-,-
2022-01-11T06:45:00,4.556,-,-
2022-01-11T06:30:00,4.556,-,-
2022-01-11T06:15:00,4.557,-,-
2022-01-11T06:00:00,4.557,-,-
2022-01-11T05:45:00,4.558,-,-
2022-01-11T05:30:00,4.558,-,-
2022-01-11T05:15:00,4.561,-,-
2022-01-11T05:00:00,4.559,-,-
2022-01-11T04:45:00,4.562,-,-
2022-01-11T04:30:00,4.562,-,-
2022-01-11T04:15:00,4.564,-,-
2022-01-11T04:00:00,4.564,-,-
2022-01-11T03:45:00,4.565,-,-
2022-01-11T03:30:00,4.564,-,-
2022-01-11T03:15:00,4.568,-,-
2022-01-11T03:00:00,4.566,-,-
2022-01-11T02:45:00,4.569,-,-
2022-01-11T02:30:00,4.569,-,-
2022-01-11T02:15:00,4.571,-,-
2022-01-11T02:00:00,4.570,-,-
2022-01-11T01:45:00,4.572,-,-
2022-01-11T01:30:00,4.574,-,-
2022-01-11T01:15:00,4.576,-,-
2022-01-11T01:00:00,4.577,-,-
2022-01-11T00:45:00,4.577,-,-
2022-01-11T00:30:00,4.578,-,-
2022-01-11T00:15:00,4.578,-,-
2022-01-11T00:00:00,4.580,-,-
2022-01-10T23:45:00,4.581,-,-
2022-01-10T23:30:00,4.584,-,-
2022-01-10T23:15:00,4.586,-,-
2022-01-10T23:00:00,4.584,-,-
2022-01-10T22:45:00,4.588,-,-
2022-01-10T22:30:00,4.587,-,-
2022-01-10T22:15:00,4.589,-,-
2022-01-10T22:00:00,4.591,-,-
2022-01-10T21:45:00,4.594,-,-
2022-01-10T21:30:00,4.595,-,-
2022-01-10T21:15:00,4.594,-,-
2022-01-10T21:00:00,4.597,-,-
2022-01-10T20:45:00,4.599,-,-
2022-01-10T20:30:00,4.602,-,-
2022-01-10T20:15:00,4.604,-,-
2022-01-10T20:00:00,4.606,-,-
2022-01-10T19:45:00,4.605,-,-
2022-01-10T19:30:00,4.606,-,-
2022-01-10T19:15:00,4.608,-,-
2022-01-10T19:00:00,4.610,-,-
2022-01-10T18:45:00,4.612,-,-
2022-01-10T18:30:00,4.614,-,-
2022-01-10T18:15:00,4.616,-,-
2022-01-10T18:00:00,4.615,-,-
2022-01-10T17:45:00,4.620,-,-
2022-01-10T17:30:00,4.621,-,-
2022-01-10T17:15:00,4.623,-,-
2022-01-10T17:00:00,4.624,-,-
2022-01-10T16:45:00,4.623,-,-
2022-01-10T16:30:00,4.628,-,-
2022-01-10T16:15:00,4.631,-,-
2022-01-10T16:00:00,4.632,-,-
2022-01-10T15:45:00,4.636,-,-
2022-01-10T15:30:00,4.638,-,-
2022-01-10T15:15:00,4.641,-,-
2022-01-10T15:00:00,4.645,-,-
2022-01-10T14:45:00,4.647,-,-
2022-01-10T14:30:00,4.649,-,-
2022-01-10T14:15:00,4.654,-,-
2022-01-10T14:00:00,4.657,-,-
2022-01-10T13:45:00,4.661,-,-
2022-01-10T13:30:00,4.665,-,-
2022-01-10T13:15:00,4.670,-,-
2022-01-10T13:00:00,4.674,-,-
2022-01-10T12:45:00,4.678,-,-
2022-01-10T12:30:00,4.683,-,-
2022-01-10T12:15:00,4.686,-,-
2022-01-10T12:00:00,4.689,-,-
2022-01-10T11:45:00,4.690,-,-
2022-01-10T11:30:00,4.697,-,-
2022-01-10T11:15:00,4.697,-,-
2022-01-10T11:00:00,4.699,-,-
2022-01-10T10:45:00,4.702,-,-
2022-01-10T10:30:00,4.706,-,-
2022-01-10T10:15:00,4.706,-,-
2022-01-10T10:00:00,4.704,-,-
2022-01-10T09:45:00,4.704,-,-
2022-01-10T09:30:00,4.704,-,-
2022-01-10T09:15:00,4.707,-,-
2022-01-10T09:00:00,4.708,-,-
2022-01-10T08:45:00,4.706,-,-
2022-01-10T08:30:00,4.707,-,-
2022-01-10T08:15:00,4.707,-,-
2022-01-10T08:00:00,4.708,-,-
2022-01-10T07:45:00,4.708,-,-
2022-01-10T07:30:00,4.710,-,-
2022-01-10T07:15:00,4.714,-,-
2022-01-10T07:00:00,4.713,-,-
2022-01-10T06:45:00,4.715,-,-
2022-01-10T06:30:00,4.716,-,-
2022-01-10T06:15:00,4.715,-,-
2022-01-10T06:00:00,4.716,-,-
2022-01-10T05:45:00,4.718,-,-
2022-01-10T05:30:00,4.717,-,-
2022-01-10T05:15:00,4.718,-,-
2022-01-10T05:00:00,4.719,-,-
2022-01-10T04:45:00,4.720,-,-
2022-01-10T04:30:00,4.719,-,-
2022-01-10T04:15:00,4.720,-,-
2022-01-10T04:00:00,4.722,-,-
2022-01-10T03:45:00,4.723,-,-
2022-01-10T03:30:00,4.723,-,-
2022-01-10T03:15:00,4.723,-,-
2022-01-10T03:00:00,4.721,-,-
2022-01-10T02:45:00,4.723,-,-
2022-01-10T02:30:00,4.724,-,-
2022-01-10T02:15:00,4.724,-,-
2022-01-10T02:00:00,4.725,-,-
2022-01-10T01:45:00,4.727,-,-
2022-01-10T01:30:00,4.728,-,-
2022-01-10T01:15:00,4.729,-,-
2022-01-10T01:00:00,4.728,-,-
2022-01-10T00:45:00,4.730,-,-
2022-01-10T00:30:00,4.730,-,-
2022-01-10T00:15:00,4.731,-,-
2022-01-10T00:00:00,4.731,-,-
2022-01-09T23:45:00,4.732,-,-
2022-01-09T23:30:00,4.734,-,-
2022-01-09T23:15:00,4.735,-,-
2022-01-09T23:00:00,4.735,-,-
2022-01-09T22:45:00,4.736,-,-
2022-01-09T22:30:00,4.738,-,-
2022-01-09T22:15:00,4.739,-,-
2022-01-09T22:00:00,4.740,-,-
2022-01-09T21:45:00,4.741,-,-
2022-01-09T21:30:00,4.742,-,-
2022-01-09T21:15:00,4.745,-,-
2022-01-09T21:00:00,4.746,-,-
2022-01-09T20:45:00,4.746,-,-
2022-01-09T20:30:00,4.748,-,-
2022-01-09T20:15:00,4.749,-,-
2022-01-09T20:00:00,4.752,-,-
2022-01-09T19:45:00,4.754,-,-
2022-01-09T19:30:00,4.756,-,-
2022-01-09T19:15:00,4.759,-,-
2022-01-09T19:00:00,4.760,-,-
2022-01-09T18:45:00,4.763,-,-
2022-01-09T18:30:00,4.762,-,-
2022-01-09T18:15:00,4.765,-,-
2022-01-09T18:00:00,4.766,-,-
2022-01-09T17:45:00,4.765,-,-
2022-01-09T17:30:00,4.767,-,-
2022-01-09T17:15:00,4.767,-,-
2022-01-09T17:00:00,4.770,-,-
2022-01-09T16:45:00,4.771,-,-
2022-01-09T16:30:00,4.770,-,-
2022-01-09T16:15:00,4.771,-,-
2022-01-09T16:00:00,4.774,-,-
2022-01-09T15:45:00,4.774,-,-
2022-01-09T15:30:00,4.774,-,-
2022-01-09T15:15:00,4.777,-,-
2022-01-09T15:00:00,4.779,-,-
2022-01-09T14:45:00,4.780,-,-
2022-01-09T14:30:00,4.779,-,-
2022-01-09T14:15:00,4.782,-,-
2022-01-09T14:00:00,4.787,-,-
2022-01-09T13:45:00,4.787,-,-
2022-01-09T13:30:00,4.787,-,-
2022-01-09T13:15:00,4.791,-,-
2022-01-09T13:00:00,4.792,-,-
2022-01-09T12:45:00,4.788,-,-
2022-01-09T12:30:00,4.787,-,-
2022-01-09T12:15:00,4.784,-,-
2022-01-09T12:00:00,4.778,-,-
2022-01-09T11:45:00,4.778,-,-
2022-01-09T11:30:00,4.778,-,-
2022-01-09T11:15:00,4.778,-,-
2022-01-09T11:00:00,4.778,-,-
2022-01-09T10:45:00,4.780,-,-
2022-01-09T10:30:00,4.780,-,-
2022-01-09T10:15:00,4.779,-,-
2022-01-09T10:00:00,4.783,-,-
2022-01-09T09:45:00,4.781,-,-
2022-01-09T09:30:00,4.782,-,-
2022-01-09T09:15:00,4.784,-,-
2022-01-09T09:00:00,4.785,-,-
2022-01-09T08:45:00,4.785,-,-
2022-01-09T08:30:00,4.787,-,-
2022-01-09T08:15:00,4.785,-,-
2022-01-09T08:00:00,4.787,-,-
2022-01-09T07:45:00,4.790,-,-
2022-01-09T07:30:00,4.790,-,-
2022-01-09T07:15:00,4.790,-,-
2022-01-09T07:00:00,4.790,-,-
2022-01-09T06:45:00,4.790,-,-
2022-01-09T06:30:00,4.788,-,-
2022-01-09T06:15:00,4.786,-,-
2022-01-09T06:00:00,4.785,-,-
2022-01-09T05:45:00,4.784,-,-
2022-01-09T05:30:00,4.782,-,-
2022-01-09T05:15:00,4.782,-,-
2022-01-09T05:00:00,4.779,-,-
2022-01-09T04:45:00,4.776,-,-
2022-01-09T04:30:00,4.776,-,-
2022-01-09T04:15:00,4.775,-,-
2022-01-09T04:00:00,4.775,-,-
2022-01-09T03:45:00,4.771,-,-
2022-01-09T03:30:00,4.770,-,-
2022-01-09T03:15:00,4.769,-,-
2022-01-09T03:00:00,4.766,-,-
2022-01-09T02:45:00,4.766,-,-
2022-01-09T02:30:00,4.764,-,-
2022-01-09T02:15:00,4.764,-,-
2022-01-09T02:00:00,4.761,-,-
2022-01-09T01:45:00,4.758,-,-
2022-01-09T01:30:00,4.757,-,-
2022-01-09T01:15:00,4.754,-,-
2022-01-09T01:00:00,4.755,-,-
2022-01-09T00:45:00,4.750,-,-
2022-01-09T00:30:00,4.751,-,-
2022-01-09T00:15:00,4.751,-,-
2022-01-09T00:00:00,4.747,-,-
2022-01-08T23:45:00,4.746,-,-
2022-01-08T23:30:00,4.745,-,-
2022-01-08T23:15:00,4.741,-,-
2022-01-08T23:00:00,4.739,-,-
2022-01-08T22:45:00,4.740,-,-
2022-01-08T22:30:00,4.738,-,-
2022-01-08T22:15:00,4.739,-,-
2022-01-08T22:00:00,4.735,-,-
2022-01-08T21:45:00,4.732,-,-
2022-01-08T21:30:00,4.732,-,-
2022-01-08T21:15:00,4.731,-,-
2022-01-08T21:00:00,4.728,-,-
2022-01-08T20:45:00,4.728,-,-
2022-01-08T20:30:00,4.725,-,-
2022-01-08T20:15:00,4.724,-,-
2022-01-08T20:00:00,4.722,-,-
2022-01-08T19:45:00,4.721,-,-
2022-01-08T19:30:00,4.719,-,-
2022-01-08T19:15:00,4.716,-,-
2022-01-08T19:00:00,4.716,-,-
2022-01-08T18:45:00,4.714,-,-
2022-01-08T18:30:00,4.711,-,-
2022-01-08T18:15:00,4.710,-,-
2022-01-08T18:00:00,4.707,-,-
2022-01-08T17:45:00,4.705,-,-
2022-01-08T17:30:00,4.704,-,-
2022-01-08T17:15:00,4.704,-,-
2022-01-08T17:00:00,4.701,-,-
2022-01-08T16:45:00,4.702,-,-
2022-01-08T16:30:00,4.699,-,-
2022-01-08T16:15:00,4.696,-,-
2022-01-08T16:00:00,4.694,-,-
2022-01-08T15:45:00,4.690,-,-
2022-01-08T15:30:00,4.691,-,-
2022-01-08T15:15:00,4.690,-,-
2022-01-08T15:00:00,4.688,-,-
2022-01-08T14:45:00,4.686,-,-
2022-01-08T14:30:00,4.683,-,-
2022-01-08T14:15:00,4.683,-,-
2022-01-08T14:00:00,4.680,-,-
2022-01-08T13:45:00,4.679,-,-
2022-01-08T13:30:00,4.675,-,-
2022-01-08T13:15:00,4.675,-,-
2022-01-08T13:00:00,4.675,-,-
2022-01-08T12:45:00,4.673,-,-
2022-01-08T12:30:00,4.671,-,-
2022-01-08T12:15:00,4.669,-,-
2022-01-08T12:00:00,4.667,-,-
2022-01-08T11:45:00,4.665,-,-
2022-01-08T11:30:00,4.666,-,-
2022-01-08T11:15:00,4.663,-,-
2022-01-08T11:00:00,4.660,-,-
2022-01-08T10:45:00,4.660,-,-
2022-01-08T10:30:00,4.656,-,-
2022-01-08T10:15:00,4.654,-,-
2022-01-08T10:00:00,4.652,-,-
2022-01-08T09:45:00,4.652,-,-
2022-01-08T09:30:00,4.648,-,-
2022-01-08T09:15:00,4.649,-,-
2022-01-08T09:00:00,4.646,-,-
2022-01-08T08:45:00,4.646,-,-
2022-01-08T08:30:00,4.643,-,-
2022-01-08T08:15:00,4.644,-,-
2022-01-08T08:00:00,4.642,-,-
2022-01-08T07:45:00,4.638,-,-
2022-01-08T07:30:00,4.637,-,-
2022-01-08T07:15:00,4.637,-,-
2022-01-08T07:00:00,4.633,-,-
2022-01-08T06:45:00,4.633,-,-
2022-01-08T06:30:00,4.632,-,-
2022-01-08T06:15:00,4.628,-,-
2022-01-08T06:00:00,4.629,-,-
2022-01-08T05:45:00,4.625,-,-
2022-01-08T05:30:00,4.624,-,-
2022-01-08T05:15:00,4.621,-,-
2022-01-08T05:00:00,4.619,-,-
2022-01-08T04:45:00,4.619,-,-
2022-01-08T04:30:00,4.618,-,-
2022-01-08T04:15:00,4.615,-,-
2022-01-08T04:00:00,4.613,-,-
2022-01-08T03:45:00,4.611,-,-
2022-01-08T03:30:00,4.609,-,-
2022-01-08T03:15:00,4.607,-,-
2022-01-08T03:00:00,4.606,-,-
2022-01-08T02:45:00,4.605,-,-
2022-01-08T02:30:00,4.602,-,-
2022-01-08T02:15:00,4.600,-,-
2022-01-08T02:00:00,4.598,-,-
2022-01-08T01:45:00,4.599,-,-
2022-01-08T01:30:00,4.595,-,-
2022-01-08T01:15:00,4.593,-,-
2022-01-08T01:00:00,4.592,-,-
2022-01-08T00:45:00,4.586,-,-
2022-01-08T00:30:00,4.588,-,-
2022-01-08T00:15:00,4.584,-,-
2022-01-08T00:00:00,4.582,-,-
2022-01-21T23:45:00,4.615,-,-
2022-01-21T23:30:00,4.621,-,-
2022-01-21T23:15:00,4.623,-,-
2022-01-21T23:00:00,4.626,-,-
2022-01-21T22:45:00,4.630,-,-
2022-01-21T22:30:00,4.635,-,-
2022-01-21T22:15:00,4.638,-,-
2022-01-21T22:00:00,4.642,-,-
2022-01-21T21:45:00,4.646,-,-
2022-01-21T21:30:00,4.649,-,-
2022-01-21T21:15:00,4.653,-,-
2022-01-21T21:00:00,4.657,-,-
2022-01-21T20:45:00,4.661,-,-
2022-01-21T20:30:00,4.665,-,-
2022-01-21T20:15:00,4.669,-,-
2022-01-21T20:00:00,4.674,-,-
2022-01-21T19:45:00,4.677,-,-
2022-01-21T19:30:00,4.680,-,-
2022-01-21T19:15:00,4.684,-,-
2022-01-21T19:00:00,4.689,-,-
2022-01-21T18:45:00,4.695,-,-
2022-01-21T18:30:00,4.702,-,-
2022-01-21T18:15:00,4.704,-,-
2022-01-21T18:00:00,4.707,-,-
2022-01-21T17:45:00,4.708,-,-
2022-01-21T17:30:00,4.711,-,-
2022-01-21T17:15:00,4.712,-,-
2022-01-21T17:00:00,4.715,-,-
2022-01-21T16:45:00,4.717,-,-
2022-01-21T16:30:00,4.719,-,-
2022-01-21T16:15:00,4.722,-,-
2022-01-21T16:00:00,4.724,-,-
2022-01-21T15:45:00,4.726,-,-
2022-01-21T15:30:00,4.726,-,-
2022-01-21T15:15:00,4.726,-,-
2022-01-21T15:00:00,4.727,-,-
2022-01-21T14:45:00,4.728,-,-
2022-01-21T14:30:00,4.728,-,-
2022-01-21T14:15:00,4.730,-,-
2022-01-21T14:00:00,4.728,-,-
2022-01-21T13:45:00,4.728,-,-
2022-01-21T13:30:00,4.727,-,-
2022-01-21T13:15:00,4.726,-,-
2022-01-21T13:00:00,4.727,-,-
2022-01-21T12:45:00,4.726,-,-
2022-01-21T12:30:00,4.725,-,-
2022-01-21T12:15:00,4.724,-,-
2022-01-21T12:00:00,4.724,-,-
2022-01-21T11:45:00,4.722,-,-
2022-01-21T11:30:00,4.720,-,-
2022-01-21T11:15:00,4.720,-,-
2022-01-21T11:00:00,4.718,-,-
2022-01-21T10:45:00,4.717,-,-
2022-01-21T10:30:00,4.716,-,-
2022-01-21T10:15:00,4.715,-,-
2022-01-21T10:00:00,4.714,-,-
2022-01-21T09:45:00,4.712,-,-
2022-01-21T09:30:00,4.710,-,-
2022-01-21T09:15:00,4.707,-,-
2022-01-21T09:00:00,4.703,-,-
2022-01-21T08:45:00,4.700,-,-
2022-01-21T08:30:00,4.700,-,-
2022-01-21T08:15:00,4.698,-,-
2022-01-21T08:00:00,4.697,-,-
2022-01-21T07:45:00,4.695,-,-
2022-01-21T07:30:00,4.693,-,-
2022-01-21T07:15:00,4.690,-,-
2022-01-21T07:00:00,4.686,-,-
2022-01-21T06:45:00,4.682,-,-
2022-01-21T06:30:00,4.680,-,-
2022-01-21T06:15:00,4.679,-,-
2022-01-21T06:00:00,4.678,-,-
2022-01-21T05:45:00,4.676,-,-
2022-01-21T05:30:00,4.675,-,-
2022-01-21T05:15:00,4.674,-,-
2022-01-21T05:00:00,4.672,-,-
2022-01-21T04:45:00,4.671,-,-
2022-01-21T04:30:00,4.670,-,-
2022-01-21T04:15:00,4.669,-,-
2022-01-21T04:00:00,4.668,-,-
2022-01-21T03:45:00,4.667,-,-
2022-01-21T03:30:00,4.667,-,-
2022-01-21T03:15:00,4.668,-,-
2022-01-21T03:00:00,4.667,-,-
2022-01-21T02:45:00,4.664,-,-
2022-01-21T02:30:00,4.662,-,-
2022-01-21T02:15:00,4.659,-,-
2022-01-21T02:00:00,4.659,-,-
2022-01-21T01:45:00,4.657,-,-
2022-01-21T01:30:00,4.656,-,-
2022-01-21T01:15:00,4.655,-,-
2022-01-21T01:00:00,4.655,-,-
2022-01-21T00:45:00,4.654,-,-
2022-01-21T00:30:00,4.654,-,-
2022-01-21T00:15:00,4.653,-,-
2022-01-21T00:00:00,4.652,-,-
2022-01-20T23:45:00,4.652,-,-
2022-01-20T23:30:00,4.650,-,-
2022-01-20T23:15:00,4.648,-,-
2022-01-20T23:00:00,4.648,-,-
2022-01-20T22:45:00,4.647,-,-
2022-01-20T22:30:00,4.646,-,-
2022-01-20T22:15:00,4.645,-,-
2022-01-20T22:00:00,4.645,-,-
2022-01-20T21:45:00,4.644,-,-
2022-01-20T21:30:00,4.643,-,-
2022-01-20T21:15:00,4.641,-,-
2022-01-20T21:00:00,4.641,-,-
2022-01-20T20:45:00,4.639,-,-
2022-01-20T20:30:00,4.638,-,-
2022-01-20T20:15:00,4.638,-,-
2022-01-20T20:00:00,4.637,-,-
2022-01-20T19:45:00,4.637,-,-
2022-01-20T19:30:00,4.635,-,-
2022-01-20T19:15:00,4.633,-,-
2022-01-20T19:00:00,4.631,-,-
2022-01-20T18:45:00,4.630,-,-
2022-01-20T18:30:00,4.629,-,-
2022-01-20T18:15:00,4.627,-,-
2022-01-20T18:00:00,4.626,-,-
2022-01-20T17:45:00,4.624,-,-
2022-01-20T17:30:00,4.622,-,-
2022-01-20T17:15:00,4.620,-,-
2022-01-20T17:00:00,4.618,-,-
2022-01-20T16:45:00,4.616,-,-
2022-01-20T16:30:00,4.615,-,-
2022-01-20T16:15:00,4.613,-,-
2022-01-20T16:00:00,4.612,-,-
2022-01-20T15:45:00,4.611,-,-
2022-01-20T15:30:00,4.608,-,-
2022-01-20T15:15:00,4.608,-,-
2022-01-20T15:00:00,4.606,-,-
2022-01-20T14:45:00,4.605,-,-
2022-01-20T14:30:00,4.603,-,-
2022-01-20T14:15:00,4.601,-,-
2022-01-20T14:00:00,4.601,-,-
2022-01-20T13:45:00,4.600,-,-
2022-01-20T13:30:00,4.597,-,-
2022-01-20T13:15:00,4.596,-,-
2022-01-20T13:00:00,4.593,-,-
2022-01-20T12:45:00,4.592,-,-
2022-01-20T12:30:00,4.589,-,-
2022-01-20T12:15:00,4.589,-,-
2022-01-20T12:00:00,4.588,-,-
2022-01-20T11:45:00,4.586,-,-
2022-01-20T11:30:00,4.585,-,-
2022-01-20T11:15:00,4.582,-,-
2022-01-20T11:00:00,4.579,-,-
2022-01-20T10:45:00,4.578,-,-
2022-01-20T10:30:00,4.575,-,-
2022-01-20T10:15:00,4.575,-,-
2022-01-20T10:00:00,4.572,-,-
2022-01-20T09:45:00,4.571,-,-
2022-01-20T09:30:00,4.570,-,-
2022-01-20T09:15:00,4.568,-,-
2022-01-20T09:00:00,4.567,-,-
2022-01-20T08:45:00,4.565,-,-
2022-01-20T08:30:00,4.564,-,-
2022-01-20T08:15:00,4.562,-,-
2022-01-20T08:00:00,4.560,-,-
2022-01-20T07:45:00,4.558,-,-
2022-01-20T07:30:00,4.556,-,-
2022-01-20T07:15:00,4.554,-,-
2022-01-20T07:00:00,4.552,-,-
2022-01-20T06:45:00,4.550,-,-
2022-01-20T06:30:00,4.547,-,-
2022-01-20T06:15:00,4.547,-,-
2022-01-20T06:00:00,4.544,-,-
2022-01-20T05:45:00,4.541,-,-
2022-01-20T05:30:00,4.539,-,-
2022-01-20T05:15:00,4.536,-,-
2022-01-20T05:00:00,4.534,-,-
2022-01-20T04:45:00,4.533,-,-
2022-01-20T04:30:00,4.530,-,-
2022-01-20T04:15:00,4.528,-,-
2022-01-20T04:00:00,4.526,-,-
2022-01-20T03:45:00,4.524,-,-
2022-01-20T03:30:00,4.522,-,-
2022-01-20T03:15:00,4.520,-,-
2022-01-20T03:00:00,4.518,-,-
2022-01-20T02:45:00,4.516,-,-
2022-01-20T02:30:00,4.515,-,-
2022-01-20T02:15:00,4.513,-,-
2022-01-20T02:00:00,4.511,-,-
2022-01-20T01:45:00,4.507,-,-
2022-01-20T01:30:00,4.504,-,-
2022-01-20T01:15:00,4.503,-,-
2022-01-20T01:00:00,4.500,-,-
2022-01-20T00:45:00,4.498,-,-
2022-01-20T00:30:00,4.496,-,-
2022-01-20T00:15:00,4.494,-,-
2022-01-20T00:00:00,4.492,-,-
2022-01-19T23:45:00,4.490,-,-
2022-01-19T23:30:00,4.488,-,-
2022-01-19T23:15:00,4.487,-,-
2022-01-19T23:00:00,4.485,-,-
2022-01-19T22:45:00,4.483,-,-
2022-01-19T22:30:00,4.480,-,-
2022-01-19T22:15:00,4.478,-,-
2022-01-19T22:00:00,4.477,-,-
2022-01-19T21:45:00,4.474,-,-
2022-01-19T21:30:00,4.471,-,-
2022-01-19T21:15:00,4.470,-,-
2022-01-19T21:00:00,4.468,-,-
2022-01-19T20:45:00,4.465,-,-
2022-01-19T20:30:00,4.464,-,-
2022-01-19T20:15:00,4.460,-,-
2022-01-19T20:00:00,4.457,-,-
2022-01-19T19:45:00,4.455,-,-
2022-01-19T19:30:00,4.452,-,-
2022-01-19T19:15:00,4.451,-,-
2022-01-19T19:00:00,4.448,-,-
2022-01-19T18:45:00,4.445,-,-
2022-01-19T18:30:00,4.443,-,-
2022-01-19T18:15:00,4.441,-,-
2022-01-19T18:00:00,4.440,-,-
2022-01-19T17:45:00,4.437,-,-
2022-01-19T17:30:00,4.435,-,-
2022-01-19T17:15:00,4.433,-,-
2022-01-19T17:00:00,4.431,-,-
2022-01-19T16:45:00,4.428,-,-
2022-01-19T16:30:00,4.427,-,-
2022-01-19T16:15:00,4.423,-,-
2022-01-19T16:00:00,4.422,-,-
2022-01-19T15:45:00,4.419,-,-
2022-01-19T15:30:00,4.416,-,-
2022-01-19T15:15:00,4.414,-,-
2022-01-19T15:00:00,4.412,-,-
2022-01-19T14:45:00,4.410,-,-
2022-01-19T14:30:00,4.408,-,-
2022-01-19T14:15:00,4.406,-,-
2022-01-19T14:00:00,4.404,-,-
2022-01-19T13:45:00,4.402,-,-
2022-01-19T13:30:00,4.399,-,-
2022-01-19T13:15:00,4.398,-,-
2022-01-19T13:00:00,4.396,-,-
2022-01-19T12:45:00,4.394,-,-
2022-01-19T12:30:00,4.392,-,-
2022-01-19T12:15:00,4.390,-,-
2022-01-19T12:00:00,4.388,-,-
2022-01-19T11:45:00,4.385,-,-
2022-01-19T11:30:00,4.383,-,-
2022-01-19T11:15:00,4.382,-,-
2022-01-19T11:00:00,4.378,-,-
2022-01-19T10:45:00,4.376,-,-
2022-01-19T10:30:00,4.374,-,-
2022-01-19T10:15:00,4.372,-,-
2022-01-19T10:00:00,4.369,-,-
2022-01-19T09:45:00,4.368,-,-
2022-01-19T09:30:00,4.366,-,-
2022-01-19T09:15:00,4.365,-,-
2022-01-19T09:00:00,4.363,-,-
2022-01-19T08:45:00,4.361,-,-
2022-01-19T08:30:00,4.360,-,-
2022-01-19T08:15:00,4.358,-,-
2022-01-19T08:00:00,4.356,-,-
2022-01-19T07:45:00,4.354,-,-
2022-01-19T07:30:00,4.352,-,-
2022-01-19T07:15:00,4.350,-,-
2022-01-19T07:00:00,4.348,-,-
2022-01-19T06:45:00,4.346,-,-
2022-01-19T06:30:00,4.344,-,-
2022-01-19T06:15:00,4.342,-,-
2022-01-19T06:00:00,4.341,-,-
2022-01-19T05:45:00,4.339,-,-
2022-01-19T05:30:00,4.336,-,-
2022-01-19T05:15:00,4.334,-,-
2022-01-19T05:00:00,4.332,-,-
2022-01-19T04:45:00,4.331,-,-
2022-01-19T04:30:00,4.328,-,-
2022-01-19T04:15:00,4.326,-,-
2022-01-19T04:00:00,4.323,-,-
2022-01-19T03:45:00,4.321,-,-
2022-01-19T03:30:00,4.320,-,-
2022-01-19T03:15:00,4.319,-,-
2022-01-19T03:00:00,4.316,-,-
2022-01-19T02:45:00,4.314,-,-
2022-01-19T02:30:00,4.311,-,-
2022-01-19T02:15:00,4.310,-,-
2022-01-19T02:00:00,4.308,-,-
2022-01-19T01:45:00,4.306,-,-
2022-01-19T01:30:00,4.304,-,-
2022-01-19T01:15:00,4.303,-,-
2022-01-19T01:00:00,4.300,-,-
2022-01-19T00:45:00,4.299,-,-
2022-01-19T00:30:00,4.296,-,-
2022-01-19T00:15:00,4.294,-,-
2022-01-19T00:00:00,4.292,-,-
2022-01-18T23:45:00,4.290,-,-
2022-01-18T23:30:00,4.288,-,-
2022-01-18T23:15:00,4.286,-,-
2022-01-18T23:00:00,4.289,-,-
2022-01-18T22:45:00,4.287,-,-
2022-01-18T22:30:00,4.280,-,-
2022-01-18T22:15:00,4.279,-,-
2022-01-18T22:00:00,4.277,-,-
2022-01-18T21:45:00,4.274,-,-
2022-01-18T21:30:00,4.273,-,-
2022-01-18T21:15:00,4.271,-,-
2022-01-18T21:00:00,4.269,-,-
2022-01-18T20:45:00,4.267,-,-
2022-01-18T20:30:00,4.265,-,-
2022-01-18T20:15:00,4.264,-,-
2022-01-18T20:00:00,4.262,-,-
2022-01-18T19:45:00,4.261,-,-
2022-01-18T19:30:00,4.259,-,-
2022-01-18T19:15:00,4.256,-,-
2022-01-18T19:00:00,4.255,-,-
2022-01-18T18:45:00,4.253,-,-
2022-01-18T18:30:00,4.251,-,-
2022-01-18T18:15:00,4.251,-,-
2022-01-18T18:00:00,4.248,-,-
2022-01-18T17:45:00,4.247,-,-
2022-01-18T17:30:00,4.245,-,-
2022-01-18T17:15:00,4.244,-,-
2022-01-18T17:00:00,4.243,-,-
2022-01-18T16:45:00,4.241,-,-
2022-01-18T16:30:00,4.240,-,-
2022-01-18T16:15:00,4.239,-,-
2022-01-18T16:00:00,4.237,-,-
2022-01-18T15:45:00,4.236,-,-
2022-01-18T15:30:00,4.234,-,-
2022-01-18T15:15:00,4.233,-,-
2022-01-18T15:00:00,4.232,-,-
2022-01-18T14:45:00,4.233,-,-
2022-01-18T14:30:00,4.230,-,-
2022-01-18T14:15:00,4.229,-,-
2022-01-18T14:00:00,4.228,-,-
2022-01-18T13:45:00,4.226,-,-
2022-01-18T13:30:00,4.226,-,-
2022-01-18T13:15:00,4.224,-,-
2022-01-18T13:00:00,4.224,-,-
2022-01-18T12:45:00,4.224,-,-
2022-01-18T12:30:00,4.222,-,-
2022-01-18T12:15:00,4.221,-,-
2022-01-18T12:00:00,4.220,-,-
2022-01-18T11:45:00,4.220,-,-
2022-01-18T11:30:00,4.218,-,-
2022-01-18T11:15:00,4.219,-,-
2022-01-18T11:00:00,4.219,-,-
2022-01-18T10:45:00,4.219,-,-
2022-01-18T10:30:00,4.219,-,-
2022-01-18T10:15:00,4.220,-,-
2022-01-18T10:00:00,4.221,-,-
2022-01-18T09:45:00,4.221,-,-
2022-01-18T09:30:00,4.222,-,-
2022-01-18T09:15:00,4.224,-,-
2022-01-18T09:00:00,4.224,-,-
2022-01-18T08:45:00,4.224,-,-
2022-01-18T08:30:00,4.225,-,-
2022-01-18T08:15:00,4.225,-,-
2022-01-18T08:00:00,4.226,-,-
2022-01-18T07:45:00,4.228,-,-
2022-01-18T07:30:00,4.228,-,-
2022-01-18T07:15:00,4.230,-,-
2022-01-18T07:00:00,4.232,-,-
2022-01-18T06:45:00,4.232,-,-
2022-01-18T06:30:00,4.234,-,-
2022-01-18T06:15:00,4.236,-,-
2022-01-18T06:00:00,4.236,-,-
2022-01-18T05:45:00,4.238,-,-
2022-01-18T05:30:00,4.239,-,-
2022-01-18T05:15:00,4.239,-,-
2022-01-18T05:00:00,4.240,-,-
2022-01-18T04:45:00,4.243,-,-
2022-01-18T04:30:00,4.244,-,-
2022-01-18T04:15:00,4.246,-,-
2022-01-18T04:00:00,4.247,-,-
2022-01-18T03:45:00,4.250,-,-
2022-01-18T03:30:00,4.251,-,-
2022-01-18T03:15:00,4.253,-,-
2022-01-18T03:00:00,4.255,-,-
2022-01-18T02:45:00,4.257,-,-
2022-01-18T02:30:00,4.259,-,-
2022-01-18T02:15:00,4.262,-,-
2022-01-18T02:00:00,4.264,-,-
2022-01-18T01:45:00,4.267,-,-
2022-01-18T01:30:00,4.269,-,-
2022-01-18T01:15:00,4.272,-,-
2022-01-18T01:00:00,4.275,-,-
2022-01-18T00:45:00,4.278,-,-
2022-01-18T00:30:00,4.282,-,-
2022-01-18T00:15:00,4.286,-,-
2022-01-18T00:00:00,4.291,-,-
2022-01-17T23:45:00,4.295,-,-
2022-01-17T23:30:00,4.300,-,-
2022-01-17T23:15:00,4.306,-,-
2022-01-17T23:00:00,4.314,-,-
2022-01-17T22:45:00,4.324,-,-
2022-01-17T22:30:00,4.336,-,-
2022-01-17T22:15:00,4.351,-,-
2022-01-17T22:00:00,4.368,-,-
2022-01-17T21:45:00,4.389,-,-
2022-01-17T21:30:00,4.412,-,-
2022-01-17T21:15:00,4.436,-,-
2022-01-17T21:00:00,4.460,-,-
2022-01-17T20:45:00,4.482,-,-
2022-01-17T20:30:00,4.493,-,-
2022-01-17T20:15:00,4.502,-,-
2022-01-17T20:00:00,4.506,-,-
2022-01-17T19:45:00,4.508,-,-
2022-01-17T19:30:00,4.510,-,-
2022-01-17T19:15:00,4.512,-,-
2022-01-17T19:00:00,4.515,-,-
2022-01-17T18:45:00,4.516,-,-
2022-01-17T18:30:00,4.517,-,-
2022-01-17T18:15:00,4.516,-,-
2022-01-17T18:00:00,4.519,-,-
2022-01-17T17:45:00,4.520,-,-
2022-01-17T17:30:00,4.524,-,-
2022-01-17T17:15:00,4.524,-,-
2022-01-17T17:00:00,4.528,-,-
2022-01-17T16:45:00,4.530,-,-
2022-01-17T16:30:00,4.531,-,-
2022-01-17T16:15:00,4.533,-,-
2022-01-17T16:00:00,4.536,-,-
2022-01-17T15:45:00,4.536,-,-
2022-01-17T15:30:00,4.540,-,-
2022-01-17T15:15:00,4.542,-,-
2022-01-17T15:00:00,4.545,-,-
2022-01-17T14:45:00,4.550,-,-
2022-01-17T14:30:00,4.552,-,-
2022-01-17T14:15:00,4.555,-,-
2022-01-17T14:00:00,4.557,-,-
2022-01-17T13:45:00,4.559,-,-
2022-01-17T13:30:00,4.563,-,-
2022-01-17T13:15:00,4.567,-,-
2022-01-17T13:00:00,4.571,-,-
2022-01-17T12:45:00,4.575,-,-
2022-01-17T12:30:00,4.580,-,-
2022-01-17T12:15:00,4.582,-,-
2022-01-17T12:00:00,4.586,-,-
2022-01-17T11:45:00,4.588,-,-
2022-01-17T11:30:00,4.590,-,-
2022-01-17T11:15:00,4.594,-,-
2022-01-17T11:00:00,4.595,-,-
2022-01-17T10:45:00,4.599,-,-
2022-01-17T10:30:00,4.601,-,-
2022-01-17T10:15:00,4.606,-,-
2022-01-17T10:00:00,4.608,-,-
2022-01-17T09:45:00,4.609,-,-
2022-01-17T09:30:00,4.610,-,-
2022-01-17T09:15:00,4.610,-,-
2022-01-17T09:00:00,4.610,-,-
2022-01-17T08:45:00,4.608,-,-
2022-01-17T08:30:00,4.611,-,-
2022-01-17T08:15:00,4.610,-,-
2022-01-17T08:00:00,4.611,-,-
2022-01-17T07:45:00,4.610,-,-
2022-01-17T07:30:00,4.611,-,-
2022-01-17T07:15:00,4.608,-,-
2022-01-17T07:00:00,4.608,-,-
2022-01-17T06:45:00,4.608,-,-
2022-01-17T06:30:00,4.604,-,-
2022-01-17T06:15:00,4.604,-,-
2022-01-17T06:00:00,4.603,-,-
2022-01-17T05:45:00,4.600,-,-
2022-01-17T05:30:00,4.604,-,-
2022-01-17T05:15:00,4.604,-,-
2022-01-17T05:00:00,4.603,-,-
2022-01-17T04:45:00,4.605,-,-
2022-01-17T04:30:00,4.606,-,-
2022-01-17T04:15:00,4.607,-,-
2022-01-17T04:00:00,4.609,-,-
2022-01-17T03:45:00,4.608,-,-
2022-01-17T03:30:00,4.609,-,-
2022-01-17T03:15:00,4.610,-,-
2022-01-17T03:00:00,4.611,-,-
2022-01-17T02:45:00,4.611,-,-
2022-01-17T02:30:00,4.613,-,-
2022-01-17T02:15:00,4.612,-,-
2022-01-17T02:00:00,4.612,-,-
2022-01-17T01:45:00,4.614,-,-
2022-01-17T01:30:00,4.618,-,-
2022-01-17T01:15:00,4.616,-,-
2022-01-17T01:00:00,4.618,-,-
2022-01-17T00:45:00,4.620,-,-
2022-01-17T00:30:00,4.619,-,-
2022-01-17T00:15:00,4.622,-,-
2022-01-17T00:00:00,4.622,-,-
2022-01-16T23:45:00,4.623,-,-
2022-01-16T23:30:00,4.623,-,-
2022-01-16T23:15:00,4.625,-,-
2022-01-16T23:00:00,4.627,-,-
2022-01-16T22:45:00,4.625,-,-
2022-01-16T22:30:00,4.628,-,-
2022-01-16T22:15:00,4.630,-,-
2022-01-16T22:00:00,4.631,-,-
2022-01-16T21:45:00,4.631,-,-
2022-01-16T21:30:00,4.634,-,-
2022-01-16T21:15:00,4.633,-,-
2022-01-16T21:00:00,4.636,-,-
2022-01-16T20:45:00,4.637,-,-
2022-01-16T20:30:00,4.639,-,-
2022-01-16T20:15:00,4.639,-,-
2022-01-16T20:00:00,4.642,-,-
2022-01-16T19:45:00,4.644,-,-
2022-01-16T19:30:00,4.644,-,-
2022-01-16T19:15:00,4.648,-,-
2022-01-16T19:00:00,4.650,-,-
2022-01-16T18:45:00,4.652,-,-
2022-01-16T18:30:00,4.653,-,-
2022-01-16T18:15:00,4.655,-,-
2022-01-16T18:00:00,4.658,-,-
2022-01-16T17:45:00,4.659,-,-
2022-01-16T17:30:00,4.661,-,-
2022-01-16T17:15:00,4.663,-,-
2022-01-16T17:00:00,4.665,-,-
2022-01-16T16:45:00,4.666,-,-
2022-01-16T16:30:00,4.669,-,-
2022-01-16T16:15:00,4.670,-,-
2022-01-16T16:00:00,4.672,-,-
2022-01-16T15:45:00,4.675,-,-
2022-01-16T15:30:00,4.679,-,-
2022-01-16T15:15:00,4.680,-,-
2022-01-16T15:00:00,4.683,-,-
2022-01-16T14:45:00,4.687,-,-
2022-01-16T14:30:00,4.688,-,-
2022-01-16T14:15:00,4.692,-,-
2022-01-16T14:00:00,4.695,-,-
2022-01-16T13:45:00,4.699,-,-
2022-01-16T13:30:00,4.701,-,-
2022-01-16T13:15:00,4.704,-,-
2022-01-16T13:00:00,4.707,-,-
2022-01-16T12:45:00,4.710,-,-
2022-01-16T12:30:00,4.712,-,-
2022-01-16T12:15:00,4.715,-,-
2022-01-16T12:00:00,4.719,-,-
2022-01-16T11:45:00,4.720,-,-
2022-01-16T11:30:00,4.722,-,-
2022-01-16T11:15:00,4.725,-,-
2022-01-16T11:00:00,4.727,-,-
2022-01-16T10:45:00,4.728,-,-
2022-01-16T10:30:00,4.732,-,-
2022-01-16T10:15:00,4.734,-,-
2022-01-16T10:00:00,4.736,-,-
2022-01-16T09:45:00,4.739,-,-
2022-01-16T09:30:00,4.743,-,-
2022-01-16T09:15:00,4.745,-,-
2022-01-16T09:00:00,4.749,-,-
2022-01-16T08:45:00,4.753,-,-
2022-01-16T08:30:00,4.757,-,-
2022-01-16T08:15:00,4.759,-,-
2022-01-16T08:00:00,4.764,-,-
2022-01-16T07:45:00,4.767,-,-
2022-01-16T07:30:00,4.770,-,-
2022-01-16T07:15:00,4.772,-,-
2022-01-16T07:00:00,4.775,-,-
2022-01-16T06:45:00,4.775,-,-
2022-01-16T06:30:00,4.775,-,-
2022-01-16T06:15:00,4.773,-,-
2022-01-16T06:00:00,4.772,-,-
2022-01-16T05:45:00,4.772,-,-
2022-01-16T05:30:00,4.772,-,-
2022-01-16T05:15:00,4.770,-,-
2022-01-16T05:00:00,4.769,-,-
2022-01-16T04:45:00,4.768,-,-
2022-01-16T04:30:00,4.768,-,-
2022-01-16T04:15:00,4.768,-,-
2022-01-16T04:00:00,4.767,-,-
2022-01-16T03:45:00,4.765,-,-
2022-01-16T03:30:00,4.764,-,-
2022-01-16T03:15:00,4.763,-,-
2022-01-16T03:00:00,4.763,-,-
2022-01-16T02:45:00,4.762,-,-
2022-01-16T02:30:00,4.760,-,-
2022-01-16T02:15:00,4.760,-,-
2022-01-16T02:00:00,4.759,-,-
2022-01-16T01:45:00,4.757,-,-
2022-01-16T01:30:00,4.756,-,-
2022-01-16T01:15:00,4.755,-,-
2022-01-16T01:00:00,4.756,-,-
2022-01-16T00:45:00,4.754,-,-
2022-01-16T00:30:00,4.753,-,-
2022-01-16T00:15:00,4.751,-,-
2022-01-16T00:00:00,4.751,-,-
2022-01-15T23:45:00,4.750,-,-
2022-01-15T23:30:00,4.750,-,-
2022-01-15T23:15:00,4.749,-,-
2022-01-15T23:00:00,4.749,-,-
2022-01-15T22:45:00,4.748,-,-
2022-01-15T22:30:00,4.748,-,-
2022-01-15T22:15:00,4.748,-,-
2022-01-15T22:00:00,4.747,-,-
2022-01-15T21:45:00,4.746,-,-
2022-01-15T21:30:00,4.745,-,-
2022-01-15T21:15:00,4.745,-,-
2022-01-15T21:00:00,4.744,-,-
2022-01-15T20:45:00,4.744,-,-
2022-01-15T20:30:00,4.744,-,-
2022-01-15T20:15:00,4.743,-,-
2022-01-15T20:00:00,4.742,-,-
2022-01-15T19:45:00,4.742,-,-
2022-01-15T19:30:00,4.742,-,-
2022-01-15T19:15:00,4.742,-,-
2022-01-15T19:00:00,4.744,-,-
2022-01-15T18:45:00,4.743,-,-
2022-01-15T18:30:00,4.742,-,-
2022-01-15T18:15:00,4.739,-,-
2022-01-15T18:00:00,4.736,-,-
2022-01-15T17:45:00,4.735,-,-
2022-01-15T17:30:00,4.732,-,-
2022-01-15T17:15:00,4.731,-,-
2022-01-15T17:00:00,4.728,-,-
2022-01-15T16:45:00,4.727,-,-
2022-01-15T16:30:00,4.724,-,-
2022-01-15T16:15:00,4.722,-,-
2022-01-15T16:00:00,4.718,-,-
2022-01-15T15:45:00,4.716,-,-
2022-01-15T15:30:00,4.714,-,-
2022-01-15T15:15:00,4.712,-,-
2022-01-15T15:00:00,4.708,-,-
2022-01-15T14:45:00,4.707,-,-
2022-01-15T14:30:00,4.704,-,-
2022-01-15T14:15:00,4.700,-,-
2022-01-15T14:00:00,4.697,-,-
2022-01-15T13:45:00,4.697,-,-
2022-01-15T13:30:00,4.690,-,-
2022-01-15T13:15:00,4.686,-,-
2022-01-15T13:00:00,4.687,-,-
2022-01-15T12:45:00,4.686,-,-
2022-01-15T12:30:00,4.688,-,-
2022-01-15T12:15:00,4.686,-,-
2022-01-15T12:00:00,4.688,-,-
2022-01-15T11:45:00,4.687,-,-
2022-01-15T11:30:00,4.688,-,-
2022-01-15T11:15:00,4.688,-,-
2022-01-15T11:00:00,4.684,-,-
2022-01-15T10:45:00,4.684,-,-
2022-01-15T10:30:00,4.682,-,-
2022-01-15T10:15:00,4.682,-,-
2022-01-15T10:00:00,4.679,-,-
2022-01-15T09:45:00,4.678,-,-
2022-01-15T09:30:00,4.679,-,-
2022-01-15T09:15:00,4.680,-,-
2022-01-15T09:00:00,4.682,-,-
2022-01-15T08:45:00,4.682,-,-
2022-01-15T08:30:00,4.681,-,-
2022-01-15T08:15:00,4.680,-,-
2022-01-15T08:00:00,4.682,-,-
2022-01-15T07:45:00,4.681,-,-
2022-01-15T07:30:00,4.681,-,-
2022-01-15T07:15:00,4.680,-,-
2022-01-15T07:00:00,4.678,-,-
2022-01-15T06:45:00,4.676,-,-
2022-01-15T06:30:00,4.676,-,-
2022-01-15T06:15:00,4.675,-,-
2022-01-15T06:00:00,4.672,-,-
2022-01-15T05:45:00,4.671,-,-
2022-01-15T05:30:00,4.669,-,-
2022-01-15T05:15:00,4.669,-,-
2022-01-15T05:00:00,4.665,-,-
2022-01-15T04:45:00,4.665,-,-
2022-01-15T04:30:00,4.663,-,-
2022-01-15T04:15:00,4.660,-,-
2022-01-15T04:00:00,4.661,-,-
2022-01-15T03:45:00,4.660,-,-
2022-01-15T03:30:00,4.658,-,-
2022-01-15T03:15:00,4.656,-,-
2022-01-15T03:00:00,4.654,-,-
2022-01-15T02:45:00,4.652,-,-
2022-01-15T02:30:00,4.652,-,-
2022-01-15T02:15:00,4.651,-,-
2022-01-15T02:00:00,4.648,-,-
2022-01-15T01:45:00,4.647,-,-
2022-01-15T01:30:00,4.647,-,-
2022-01-15T01:15:00,4.643,-,-
2022-01-15T01:00:00,4.643,-,-
2022-01-15T00:45:00,4.642,-,-
2022-01-15T00:30:00,4.640,-,-
2022-01-15T00:15:00,4.640,-,-
2022-01-15T00:00:00,4.637,-,-
2022-01-28T23:45:00,4.398,-,-
2022-01-28T23:30:00,4.396,-,-
2022-01-28T23:15:00,4.393,-,-
2022-01-28T23:00:00,4.389,-,-
2022-01-28T22:45:00,4.387,-,-
2022-01-28T22:30:00,4.384,-,-
2022-01-28T22:15:00,4.380,-,-
2022-01-28T22:00:00,4.380,-,-
2022-01-28T21:45:00,4.376,-,-
2022-01-28T21:30:00,4.372,-,-
2022-01-28T21:15:00,4.370,-,-
2022-01-28T21:00:00,4.367,-,-
2022-01-28T20:45:00,4.365,-,-
2022-01-28T20:30:00,4.362,-,-
2022-01-28T20:15:00,4.361,-,-
2022-01-28T20:00:00,4.357,-,-
2022-01-28T19:45:00,4.355,-,-
2022-01-28T19:30:00,4.354,-,-
2022-01-28T19:15:00,4.351,-,-
2022-01-28T19:00:00,4.349,-,-
2022-01-28T18:45:00,4.345,-,-
2022-01-28T18:30:00,4.344,-,-
2022-01-28T18:15:00,4.340,-,-
2022-01-28T18:00:00,4.338,-,-
2022-01-28T17:45:00,4.335,-,-
2022-01-28T17:30:00,4.332,-,-
2022-01-28T17:15:00,4.330,-,-
2022-01-28T17:00:00,4.329,-,-
2022-01-28T16:45:00,4.326,-,-
2022-01-28T16:30:00,4.324,-,-
2022-01-28T16:15:00,4.321,-,-
2022-01-28T16:00:00,4.318,-,-
2022-01-28T15:45:00,4.317,-,-
2022-01-28T15:30:00,4.315,-,-
2022-01-28T15:15:00,4.312,-,-
2022-01-28T15:00:00,4.311,-,-
2022-01-28T14:45:00,4.309,-,-
2022-01-28T14:30:00,4.305,-,-
2022-01-28T14:15:00,4.304,-,-
2022-01-28T14:00:00,4.301,-,-
2022-01-28T13:45:00,4.298,-,-
2022-01-28T13:30:00,4.295,-,-
2022-01-28T13:15:00,4.293,-,-
2022-01-28T13:00:00,4.289,-,-
2022-01-28T12:45:00,4.286,-,-
2022-01-28T12:30:00,4.282,-,-
2022-01-28T12:15:00,4.275,-,-
2022-01-28T12:00:00,4.269,-,-
2022-01-28T11:45:00,4.257,-,-
2022-01-28T11:30:00,4.243,-,-
2022-01-28T11:15:00,4.223,-,-
2022-01-28T11:00:00,4.194,-,-
2022-01-28T10:45:00,4.153,-,-
2022-01-28T10:30:00,4.098,-,-
2022-01-28T10:15:00,4.017,-,-
2022-01-28T10:00:00,3.924,-,-
2022-01-28T09:45:00,3.859,-,-
2022-01-28T09:30:00,3.837,-,-
2022-01-28T09:15:00,3.833,-,-
2022-01-28T09:00:00,3.833,-,-
2022-01-28T08:45:00,3.833,-,-
2022-01-28T08:30:00,3.833,-,-
2022-01-28T08:15:00,3.833,-,-
2022-01-28T08:00:00,3.833,-,-
2022-01-28T07:45:00,3.833,-,-
2022-01-28T07:30:00,3.833,-,-
2022-01-28T07:15:00,3.833,-,-
2022-01-28T07:00:00,3.833,-,-
2022-01-28T06:45:00,3.832,-,-
2022-01-28T06:30:00,3.832,-,-
2022-01-28T06:15:00,3.832,-,-
2022-01-28T06:00:00,3.832,-,-
2022-01-28T05:45:00,3.832,-,-
2022-01-28T05:30:00,3.832,-,-
2022-01-28T05:15:00,3.831,-,-
2022-01-28T05:00:00,3.831,-,-
2022-01-28T04:45:00,3.831,-,-
2022-01-28T04:30:00,3.830,-,-
2022-01-28T04:15:00,3.830,-,-
2022-01-28T04:00:00,3.830,-,-
2022-01-28T03:45:00,3.830,-,-
2022-01-28T03:30:00,3.829,-,-
2022-01-28T03:15:00,3.829,-,-
2022-01-28T03:00:00,3.829,-,-
2022-01-28T02:45:00,3.829,-,-
2022-01-28T02:30:00,3.829,-,-
2022-01-28T02:15:00,3.828,-,-
2022-01-28T02:00:00,3.828,-,-
2022-01-28T01:45:00,3.827,-,-
2022-01-28T01:30:00,3.827,-,-
2022-01-28T01:15:00,3.827,-,-
2022-01-28T01:00:00,3.826,-,-
2022-01-28T00:45:00,3.826,-,-
2022-01-28T00:30:00,3.826,-,-
2022-01-28T00:15:00,3.826,-,-
2022-01-28T00:00:00,3.825,-,-
2022-01-27T23:45:00,3.825,-,-
2022-01-27T23:30:00,3.824,-,-
2022-01-27T23:15:00,3.823,-,-
2022-01-27T23:00:00,3.822,-,-
2022-01-27T22:45:00,3.822,-,-
2022-01-27T22:30:00,3.821,-,-
2022-01-27T22:15:00,3.821,-,-
2022-01-27T22:00:00,3.821,-,-
2022-01-27T21:45:00,3.821,-,-
2022-01-27T21:30:00,3.820,-,-
2022-01-27T21:15:00,3.821,-,-
2022-01-27T21:00:00,3.819,-,-
2022-01-27T20:45:00,3.819,-,-
2022-01-27T20:30:00,3.818,-,-
2022-01-27T20:15:00,3.817,-,-
2022-01-27T20:00:00,3.818,-,-
2022-01-27T19:45:00,3.818,-,-
2022-01-27T19:30:00,3.818,-,-
2022-01-27T19:15:00,3.818,-,-
2022-01-27T19:00:00,3.818,-,-
2022-01-27T18:45:00,3.818,-,-
2022-01-27T18:30:00,3.817,-,-
2022-01-27T18:15:00,3.818,-,-
2022-01-27T18:00:00,3.817,-,-
2022-01-27T17:45:00,3.817,-,-
2022-01-27T17:30:00,3.817,-,-
2022-01-27T17:15:00,3.818,-,-
2022-01-27T17:00:00,3.818,-,-
2022-01-27T16:45:00,3.818,-,-
2022-01-27T16:30:00,3.818,-,-
2022-01-27T16:15:00,3.817,-,-
2022-01-27T16:00:00,3.817,-,-
2022-01-27T15:45:00,3.817,-,-
2022-01-27T15:30:00,3.818,-,-
2022-01-27T15:15:00,3.819,-,-
2022-01-27T15:00:00,3.819,-,-
2022-01-27T14:45:00,3.819,-,-
2022-01-27T14:30:00,3.819,-,-
2022-01-27T14:15:00,3.820,-,-
2022-01-27T14:00:00,3.819,-,-
2022-01-27T13:45:00,3.819,-,-
2022-01-27T13:30:00,3.819,-,-
2022-01-27T13:15:00,3.819,-,-
2022-01-27T13:00:00,3.819,-,-
2022-01-27T12:45:00,3.819,-,-
2022-01-27T12:30:00,3.819,-,-
2022-01-27T12:15:00,3.818,-,-
2022-01-27T12:00:00,3.818,-,-
2022-01-27T11:45:00,3.817,-,-
2022-01-27T11:30:00,3.818,-,-
2022-01-27T11:15:00,3.817,-,-
2022-01-27T11:00:00,3.816,-,-
2022-01-27T10:45:00,3.816,-,-
2022-01-27T10:30:00,3.816,-,-
2022-01-27T10:15:00,3.816,-,-
2022-01-27T10:00:00,3.817,-,-
2022-01-27T09:45:00,3.818,-,-
2022-01-27T09:30:00,3.818,-,-
2022-01-27T09:15:00,3.819,-,-
2022-01-27T09:00:00,3.820,-,-
2022-01-27T08:45:00,3.821,-,-
2022-01-27T08:30:00,3.822,-,-
2022-01-27T08:15:00,3.823,-,-
2022-01-27T08:00:00,3.824,-,-
2022-01-27T07:45:00,3.825,-,-
2022-01-27T07:30:00,3.826,-,-
2022-01-27T07:15:00,3.827,-,-
2022-01-27T07:00:00,3.828,-,-
2022-01-27T06:45:00,3.828,-,-
2022-01-27T06:30:00,3.829,-,-
2022-01-27T06:15:00,3.829,-,-
2022-01-27T06:00:00,3.829,-,-
2022-01-27T05:45:00,3.829,-,-
2022-01-27T05:30:00,3.829,-,-
2022-01-27T05:15:00,3.830,-,-
2022-01-27T05:00:00,3.830,-,-
2022-01-27T04:45:00,3.830,-,-
2022-01-27T04:30:00,3.831,-,-
2022-01-27T04:15:00,3.831,-,-
2022-01-27T04:00:00,3.831,-,-
2022-01-27T03:45:00,3.832,-,-
2022-01-27T03:30:00,3.832,-,-
2022-01-27T03:15:00,3.833,-,-
2022-01-27T03:00:00,3.833,-,-
2022-01-27T02:45:00,3.833,-,-
2022-01-27T02:30:00,3.833,-,-
2022-01-27T02:15:00,3.834,-,-
2022-01-27T02:00:00,3.834,-,-
2022-01-27T01:45:00,3.835,-,-
2022-01-27T01:30:00,3.832,-,-
2022-01-27T01:15:00,3.835,-,-
2022-01-27T01:00:00,3.836,-,-
2022-01-27T00:45:00,3.835,-,-
2022-01-27T00:30:00,3.835,-,-
2022-01-27T00:15:00,3.836,-,-
2022-01-27T00:00:00,3.836,-,-
2022-01-26T23:45:00,3.836,-,-
2022-01-26T23:30:00,3.835,-,-
2022-01-26T23:15:00,3.840,-,-
2022-01-26T23:00:00,3.834,-,-
2022-01-26T22:45:00,3.833,-,-
2022-01-26T22:30:00,3.831,-,-
2022-01-26T22:15:00,3.829,-,-
2022-01-26T22:00:00,3.825,-,-
2022-01-26T21:45:00,3.821,-,-
2022-01-26T21:30:00,3.814,-,-
2022-01-26T21:15:00,3.806,-,-
2022-01-26T21:00:00,3.796,-,-
2022-01-26T20:45:00,3.787,-,-
2022-01-26T20:30:00,3.778,-,-
2022-01-26T20:15:00,3.773,-,-
2022-01-26T20:00:00,3.768,-,-
2022-01-26T19:45:00,3.768,-,-
2022-01-26T19:30:00,3.769,-,-
2022-01-26T19:15:00,3.771,-,-
2022-01-26T19:00:00,3.773,-,-
2022-01-26T18:45:00,3.776,-,-
2022-01-26T18:30:00,3.779,-,-
2022-01-26T18:15:00,3.782,-,-
2022-01-26T18:00:00,3.785,-,-
2022-01-26T17:45:00,3.790,-,-
2022-01-26T17:30:00,3.795,-,-
2022-01-26T17:15:00,3.801,-,-
2022-01-26T17:00:00,3.807,-,-
2022-01-26T16:45:00,3.815,-,-
2022-01-26T16:30:00,3.824,-,-
2022-01-26T16:15:00,3.832,-,-
2022-01-26T16:00:00,3.843,-,-
2022-01-26T15:45:00,3.855,-,-
2022-01-26T15:30:00,3.868,-,-
2022-01-26T15:15:00,3.883,-,-
2022-01-26T15:00:00,3.902,-,-
2022-01-26T14:45:00,3.920,-,-
2022-01-26T14:30:00,3.939,-,-
2022-01-26T14:15:00,3.954,-,-
2022-01-26T14:00:00,3.967,-,-
2022-01-26T13:45:00,3.974,-,-
2022-01-26T13:30:00,3.978,-,-
2022-01-26T13:15:00,3.980,-,-
2022-01-26T13:00:00,3.982,-,-
2022-01-26T12:45:00,3.983,-,-
2022-01-26T12:30:00,3.983,-,-
2022-01-26T12:15:00,3.980,-,-
2022-01-26T12:00:00,3.975,-,-
2022-01-26T11:45:00,3.964,-,-
2022-01-26T11:30:00,3.949,-,-
2022-01-26T11:15:00,3.928,-,-
2022-01-26T11:00:00,3.907,-,-
2022-01-26T10:45:00,3.889,-,-
2022-01-26T10:30:00,3.881,-,-
2022-01-26T10:15:00,3.880,-,-
2022-01-26T10:00:00,3.880,-,-
2022-01-26T09:45:00,3.881,-,-
2022-01-26T09:30:00,3.883,-,-
2022-01-26T09:15:00,3.884,-,-
2022-01-26T09:00:00,3.886,-,-
2022-01-26T08:45:00,3.887,-,-
2022-01-26T08:30:00,3.889,-,-
2022-01-26T08:15:00,3.890,-,-
2022-01-26T08:00:00,3.892,-,-
2022-01-26T07:45:00,3.894,-,-
2022-01-26T07:30:00,3.895,-,-
2022-01-26T07:15:00,3.896,-,-
2022-01-26T07:00:00,3.898,-,-
2022-01-26T06:45:00,3.899,-,-
2022-01-26T06:30:00,3.900,-,-
2022-01-26T06:15:00,3.901,-,-
2022-01-26T06:00:00,3.902,-,-
2022-01-26T05:45:00,3.903,-,-
2022-01-26T05:30:00,3.904,-,-
2022-01-26T05:15:00,3.905,-,-
2022-01-26T05:00:00,3.906,-,-
2022-01-26T04:45:00,3.907,-,-
2022-01-26T04:30:00,3.908,-,-
2022-01-26T04:15:00,3.908,-,-
2022-01-26T04:00:00,3.910,-,-
2022-01-26T03:45:00,3.910,-,-
2022-01-26T03:30:00,3.912,-,-
2022-01-26T03:15:00,3.913,-,-
2022-01-26T03:00:00,3.915,-,-
2022-01-26T02:45:00,3.916,-,-
2022-01-26T02:30:00,3.916,-,-
2022-01-26T02:15:00,3.916,-,-
2022-01-26T02:00:00,3.917,-,-
2022-01-26T01:45:00,3.918,-,-
2022-01-26T01:30:00,3.920,-,-
2022-01-26T01:15:00,3.922,-,-
2022-01-26T01:00:00,3.923,-,-
2022-01-26T00:45:00,3.927,-,-
2022-01-26T00:30:00,3.927,-,-
2022-01-26T00:15:00,3.926,-,-
2022-01-26T00:00:00,3.927,-,-
2022-01-25T23:45:00,3.924,-,-
2022-01-25T23:30:00,3.924,-,-
2022-01-25T23:15:00,3.924,-,-
2022-01-25T23:00:00,3.924,-,-
2022-01-25T22:45:00,3.923,-,-
2022-01-25T22:30:00,3.922,-,-
2022-01-25T22:15:00,3.922,-,-
2022-01-25T22:00:00,3.921,-,-
2022-01-25T21:45:00,3.921,-,-
2022-01-25T21:30:00,3.922,-,-
2022-01-25T21:15:00,3.924,-,-
2022-01-25T21:00:00,3.926,-,-
2022-01-25T20:45:00,3.928,-,-
2022-01-25T20:30:00,3.930,-,-
2022-01-25T20:15:00,3.933,-,-
2022-01-25T20:00:00,3.935,-,-
2022-01-25T19:45:00,3.938,-,-
2022-01-25T19:30:00,3.941,-,-
2022-01-25T19:15:00,3.945,-,-
2022-01-25T19:00:00,3.950,-,-
2022-01-25T18:45:00,3.957,-,-
2022-01-25T18:30:00,3.964,-,-
2022-01-25T18:15:00,3.972,-,-
2022-01-25T18:00:00,3.980,-,-
2022-01-25T17:45:00,3.987,-,-
2022-01-25T17:30:00,3.993,-,-
2022-01-25T17:15:00,3.999,-,-
2022-01-25T17:00:00,4.002,-,-
2022-01-25T16:45:00,4.005,-,-
2022-01-25T16:30:00,4.007,-,-
2022-01-25T16:15:00,4.009,-,-
2022-01-25T16:00:00,4.011,-,-
2022-01-25T15:45:00,4.013,-,-
2022-01-25T15:30:00,4.015,-,-
2022-01-25T15:15:00,4.018,-,-
2022-01-25T15:00:00,4.021,-,-
2022-01-25T14:45:00,4.024,-,-
2022-01-25T14:30:00,4.027,-,-
2022-01-25T14:15:00,4.032,-,-
2022-01-25T14:00:00,4.036,-,-
2022-01-25T13:45:00,4.041,-,-
2022-01-25T13:30:00,4.048,-,-
2022-01-25T13:15:00,4.056,-,-
2022-01-25T13:00:00,4.067,-,-
2022-01-25T12:45:00,4.078,-,-
2022-01-25T12:30:00,4.094,-,-
2022-01-25T12:15:00,4.110,-,-
2022-01-25T12:00:00,4.126,-,-
2022-01-25T11:45:00,4.145,-,-
2022-01-25T11:30:00,4.164,-,-
2022-01-25T11:15:00,4.183,-,-
2022-01-25T11:00:00,4.200,-,-
2022-01-25T10:45:00,4.216,-,-
2022-01-25T10:30:00,4.226,-,-
2022-01-25T10:15:00,4.234,-,-
2022-01-25T10:00:00,4.235,-,-
2022-01-25T09:45:00,4.236,-,-
2022-01-25T09:30:00,4.236,-,-
2022-01-25T09:15:00,4.236,-,-
2022-01-25T09:00:00,4.237,-,-
2022-01-25T08:45:00,4.237,-,-
2022-01-25T08:30:00,4.236,-,-
2022-01-25T08:15:00,4.236,-,-
2022-01-25T08:00:00,4.236,-,-
2022-01-25T07:45:00,4.235,-,-
2022-01-25T07:30:00,4.236,-,-
2022-01-25T07:15:00,4.236,-,-
2022-01-25T07:00:00,4.236,-,-
2022-01-25T06:45:00,4.237,-,-
2022-01-25T06:30:00,4.237,-,-
2022-01-25T06:15:00,4.237,-,-
2022-01-25T06:00:00,4.238,-,-
2022-01-25T05:45:00,4.238,-,-
2022-01-25T05:30:00,4.238,-,-
2022-01-25T05:15:00,4.238,-,-
2022-01-25T05:00:00,4.239,-,-
2022-01-25T04:45:00,4.239,-,-
2022-01-25T04:30:00,4.238,-,-
2022-01-25T04:15:00,4.239,-,-
2022-01-25T04:00:00,4.239,-,-
2022-01-25T03:45:00,4.238,-,-
2022-01-25T03:30:00,4.239,-,-
2022-01-25T03:15:00,4.239,-,-
2022-01-25T03:00:00,4.240,-,-
2022-01-25T02:45:00,4.240,-,-
2022-01-25T02:30:00,4.241,-,-
2022-01-25T02:15:00,4.242,-,-
2022-01-25T02:00:00,4.243,-,-
2022-01-25T01:45:00,4.243,-,-
2022-01-25T01:30:00,4.243,-,-
2022-01-25T01:15:00,4.244,-,-
2022-01-25T01:00:00,4.244,-,-
2022-01-25T00:45:00,4.244,-,-
2022-01-25T00:30:00,4.242,-,-
2022-01-25T00:15:00,4.241,-,-
2022-01-25T00:00:00,4.241,-,-
2022-01-24T23:45:00,4.241,-,-
2022-01-24T23:30:00,4.242,-,-
2022-01-24T23:15:00,4.242,-,-
2022-01-24T23:00:00,4.242,-,-
2022-01-24T22:45:00,4.242,-,-
2022-01-24T22:30:00,4.243,-,-
2022-01-24T22:15:00,4.242,-,-
2022-01-24T22:00:00,4.242,-,-
2022-01-24T21:45:00,4.243,-,-
2022-01-24T21:30:00,4.244,-,-
2022-01-24T21:15:00,4.243,-,-
2022-01-24T21:00:00,4.244,-,-
2022-01-24T20:45:00,4.245,-,-
2022-01-24T20:30:00,4.244,-,-
2022-01-24T20:15:00,4.245,-,-
2022-01-24T20:00:00,4.245,-,-
2022-01-24T19:45:00,4.244,-,-
2022-01-24T19:30:00,4.245,-,-
2022-01-24T19:15:00,4.247,-,-
2022-01-24T19:00:00,4.245,-,-
2022-01-24T18:45:00,4.247,-,-
2022-01-24T18:30:00,4.247,-,-
2022-01-24T18:15:00,4.247,-,-
2022-01-24T18:00:00,4.248,-,-
2022-01-24T17:45:00,4.247,-,-
2022-01-24T17:30:00,4.247,-,-
2022-01-24T17:15:00,4.246,-,-
2022-01-24T17:00:00,4.248,-,-
2022-01-24T16:45:00,4.248,-,-
2022-01-24T16:30:00,4.249,-,-
2022-01-24T16:15:00,4.249,-,-
2022-01-24T16:00:00,4.250,-,-
2022-01-24T15:45:00,4.249,-,-
2022-01-24T15:30:00,4.250,-,-
2022-01-24T15:15:00,4.252,-,-
2022-01-24T15:00:00,4.251,-,-
2022-01-24T14:45:00,4.252,-,-
2022-01-24T14:30:00,4.252,-,-
2022-01-24T14:15:00,4.253,-,-
2022-01-24T14:00:00,4.253,-,-
2022-01-24T13:45:00,4.254,-,-
2022-01-24T13:30:00,4.255,-,-
2022-01-24T13:15:00,4.256,-,-
2022-01-24T13:00:00,4.257,-,-
2022-01-24T12:45:00,4.257,-,-
2022-01-24T12:30:00,4.258,-,-
2022-01-24T12:15:00,4.257,-,-
2022-01-24T12:00:00,4.257,-,-
2022-01-24T11:45:00,4.258,-,-
2022-01-24T11:30:00,4.258,-,-
2022-01-24T11:15:00,4.258,-,-
2022-01-24T11:00:00,4.258,-,-
2022-01-24T10:45:00,4.260,-,-
2022-01-24T10:30:00,4.259,-,-
2022-01-24T10:15:00,4.261,-,-
2022-01-24T10:00:00,4.261,-,-
2022-01-24T09:45:00,4.262,-,-
2022-01-24T09:30:00,4.263,-,-
2022-01-24T09:15:00,4.264,-,-
2022-01-24T09:00:00,4.265,-,-
2022-01-24T08:45:00,4.266,-,-
2022-01-24T08:30:00,4.268,-,-
2022-01-24T08:15:00,4.271,-,-
2022-01-24T08:00:00,4.272,-,-
2022-01-24T07:45:00,4.270,-,-
2022-01-24T07:30:00,4.268,-,-
2022-01-24T07:15:00,4.267,-,-
2022-01-24T07:00:00,4.265,-,-
2022-01-24T06:45:00,4.262,-,-
2022-01-24T06:30:00,4.261,-,-
2022-01-24T06:15:00,4.259,-,-
2022-01-24T06:00:00,4.257,-,-
2022-01-24T05:45:00,4.256,-,-
2022-01-24T05:30:00,4.256,-,-
2022-01-24T05:15:00,4.255,-,-
2022-01-24T05:00:00,4.255,-,-
2022-01-24T04:45:00,4.255,-,-
2022-01-24T04:30:00,4.254,-,-
2022-01-24T04:15:00,4.253,-,-
2022-01-24T04:00:00,4.254,-,-
2022-01-24T03:45:00,4.252,-,-
2022-01-24T03:30:00,4.253,-,-
2022-01-24T03:15:00,4.252,-,-
2022-01-24T03:00:00,4.252,-,-
2022-01-24T02:45:00,4.251,-,-
2022-01-24T02:30:00,4.251,-,-
2022-01-24T02:15:00,4.250,-,-
2022-01-24T02:00:00,4.250,-,-
2022-01-24T01:45:00,4.249,-,-
2022-01-24T01:30:00,4.248,-,-
2022-01-24T01:15:00,4.248,-,-
2022-01-24T01:00:00,4.248,-,-
2022-01-24T00:45:00,4.247,-,-
2022-01-24T00:30:00,4.248,-,-
2022-01-24T00:15:00,4.247,-,-
2022-01-24T00:00:00,4.246,-,-
2022-01-23T23:45:00,4.246,-,-
2022-01-23T23:30:00,4.246,-,-
2022-01-23T23:15:00,4.244,-,-
2022-01-23T23:00:00,4.244,-,-
2022-01-23T22:45:00,4.243,-,-
2022-01-23T22:30:00,4.243,-,-
2022-01-23T22:15:00,4.242,-,-
2022-01-23T22:00:00,4.241,-,-
2022-01-23T21:45:00,4.242,-,-
2022-01-23T21:30:00,4.240,-,-
2022-01-23T21:15:00,4.241,-,-
2022-01-23T21:00:00,4.240,-,-
2022-01-23T20:45:00,4.240,-,-
2022-01-23T20:30:00,4.239,-,-
2022-01-23T20:15:00,4.239,-,-
2022-01-23T20:00:00,4.239,-,-
2022-01-23T19:45:00,4.239,-,-
2022-01-23T19:30:00,4.238,-,-
2022-01-23T19:15:00,4.238,-,-
2022-01-23T19:00:00,4.238,-,-
2022-01-23T18:45:00,4.239,-,-
2022-01-23T18:30:00,4.238,-,-
2022-01-23T18:15:00,4.238,-,-
2022-01-23T18:00:00,4.237,-,-
2022-01-23T17:45:00,4.236,-,-
2022-01-23T17:30:00,4.236,-,-
2022-01-23T17:15:00,4.236,-,-
2022-01-23T17:00:00,4.235,-,-
2022-01-23T16:45:00,4.235,-,-
2022-01-23T16:30:00,4.234,-,-
2022-01-23T16:15:00,4.234,-,-
2022-01-23T16:00:00,4.234,-,-
2022-01-23T15:45:00,4.235,-,-
2022-01-23T15:30:00,4.235,-,-
2022-01-23T15:15:00,4.234,-,-
2022-01-23T15:00:00,4.235,-,-
2022-01-23T14:45:00,4.235,-,-
2022-01-23T14:30:00,4.236,-,-
2022-01-23T14:15:00,4.236,-,-
2022-01-23T14:00:00,4.235,-,-
2022-01-23T13:45:00,4.235,-,-
2022-01-23T13:30:00,4.237,-,-
2022-01-23T13:15:00,4.236,-,-
2022-01-23T13:00:00,4.236,-,-
2022-01-23T12:45:00,4.236,-,-
2022-01-23T12:30:00,4.237,-,-
2022-01-23T12:15:00,4.238,-,-
2022-01-23T12:00:00,4.239,-,-
2022-01-23T11:45:00,4.240,-,-
2022-01-23T11:30:00,4.244,-,-
2022-01-23T11:15:00,4.245,-,-
2022-01-23T11:00:00,4.246,-,-
2022-01-23T10:45:00,4.247,-,-
2022-01-23T10:30:00,4.249,-,-
2022-01-23T10:15:00,4.250,-,-
2022-01-23T10:00:00,4.251,-,-
2022-01-23T09:45:00,4.252,-,-
2022-01-23T09:30:00,4.254,-,-
2022-01-23T09:15:00,4.257,-,-
2022-01-23T09:00:00,4.260,-,-
2022-01-23T08:45:00,4.261,-,-
2022-01-23T08:30:00,4.262,-,-
2022-01-23T08:15:00,4.266,-,-
2022-01-23T08:00:00,4.270,-,-
2022-01-23T07:45:00,4.272,-,-
2022-01-23T07:30:00,4.274,-,-
2022-01-23T07:15:00,4.277,-,-
2022-01-23T07:00:00,4.280,-,-
2022-01-23T06:45:00,4.282,-,-
2022-01-23T06:30:00,4.285,-,-
2022-01-23T06:15:00,4.287,-,-
2022-01-23T06:00:00,4.289,-,-
2022-01-23T05:45:00,4.291,-,-
2022-01-23T05:30:00,4.293,-,-
2022-01-23T05:15:00,4.295,-,-
2022-01-23T05:00:00,4.298,-,-
2022-01-23T04:45:00,4.300,-,-
2022-01-23T04:30:00,4.301,-,-
2022-01-23T04:15:00,4.303,-,-
2022-01-23T04:00:00,4.305,-,-
2022-01-23T03:45:00,4.308,-,-
2022-01-23T03:30:00,4.310,-,-
2022-01-23T03:15:00,4.313,-,-
2022-01-23T03:00:00,4.314,-,-
2022-01-23T02:45:00,4.317,-,-
2022-01-23T02:30:00,4.320,-,-
2022-01-23T02:15:00,4.321,-,-
2022-01-23T02:00:00,4.323,-,-
2022-01-23T01:45:00,4.325,-,-
2022-01-23T01:30:00,4.328,-,-
2022-01-23T01:15:00,4.331,-,-
2022-01-23T01:00:00,4.333,-,-
2022-01-23T00:45:00,4.335,-,-
2022-01-23T00:30:00,4.338,-,-
2022-01-23T00:15:00,4.341,-,-
2022-01-23T00:00:00,4.344,-,-
2022-01-22T23:45:00,4.347,-,-
2022-01-22T23:30:00,4.349,-,-
2022-01-22T23:15:00,4.352,-,-
2022-01-22T23:00:00,4.354,-,-
2022-01-22T22:45:00,4.358,-,-
2022-01-22T22:30:00,4.360,-,-
2022-01-22T22:15:00,4.363,-,-
2022-01-22T22:00:00,4.365,-,-
2022-01-22T21:45:00,4.369,-,-
2022-01-22T21:30:00,4.373,-,-
2022-01-22T21:15:00,4.376,-,-
2022-01-22T21:00:00,4.379,-,-
2022-01-22T20:45:00,4.383,-,-
2022-01-22T20:30:00,4.387,-,-
2022-01-22T20:15:00,4.390,-,-
2022-01-22T20:00:00,4.394,-,-
2022-01-22T19:45:00,4.397,-,-
2022-01-22T19:30:00,4.401,-,-
2022-01-22T19:15:00,4.404,-,-
2022-01-22T19:00:00,4.408,-,-
2022-01-22T18:45:00,4.412,-,-
2022-01-22T18:30:00,4.417,-,-
2022-01-22T18:15:00,4.422,-,-
2022-01-22T18:00:00,4.426,-,-
2022-01-22T17:45:00,4.431,-,-
2022-01-22T17:30:00,4.434,-,-
2022-01-22T17:15:00,4.438,-,-
2022-01-22T17:00:00,4.441,-,-
2022-01-22T16:45:00,4.445,-,-
2022-01-22T16:30:00,4.451,-,-
2022-01-22T16:15:00,4.457,-,-
2022-01-22T16:00:00,4.466,-,-
2022-01-22T15:45:00,4.476,-,-
2022-01-22T15:30:00,4.488,-,-
2022-01-22T15:15:00,4.499,-,-
2022-01-22T15:00:00,4.516,-,-
2022-01-22T14:45:00,4.530,-,-
2022-01-22T14:30:00,4.542,-,-
2022-01-22T14:15:00,4.547,-,-
2022-01-22T14:00:00,4.547,-,-
2022-01-22T13:45:00,4.536,-,-
2022-01-22T13:30:00,4.518,-,-
2022-01-22T13:15:00,4.497,-,-
2022-01-22T13:00:00,4.480,-,-
2022-01-22T12:45:00,4.468,-,-
2022-01-22T12:30:00,4.464,-,-
2022-01-22T12:15:00,4.464,-,-
2022-01-22T12:00:00,4.466,-,-
2022-01-22T11:45:00,4.469,-,-
2022-01-22T11:30:00,4.471,-,-
2022-01-22T11:15:00,4.474,-,-
2022-01-22T11:00:00,4.476,-,-
2022-01-22T10:45:00,4.479,-,-
2022-01-22T10:30:00,4.482,-,-
2022-01-22T10:15:00,4.485,-,-
2022-01-22T10:00:00,4.488,-,-
2022-01-22T09:45:00,4.491,-,-
2022-01-22T09:30:00,4.494,-,-
2022-01-22T09:15:00,4.497,-,-
2022-01-22T09:00:00,4.498,-,-
2022-01-22T08:45:00,4.503,-,-
2022-01-22T08:30:00,4.506,-,-
2022-01-22T08:15:00,4.509,-,-
2022-01-22T08:00:00,4.512,-,-
2022-01-22T07:45:00,4.514,-,-
2022-01-22T07:30:00,4.516,-,-
2022-01-22T07:15:00,4.519,-,-
2022-01-22T07:00:00,4.524,-,-
2022-01-22T06:45:00,4.526,-,-
2022-01-22T06:30:00,4.529,-,-
2022-01-22T06:15:00,4.532,-,-
2022-01-22T06:00:00,4.536,-,-
2022-01-22T05:45:00,4.538,-,-
2022-01-22T05:30:00,4.540,-,-
2022-01-22T05:15:00,4.545,-,-
2022-01-22T05:00:00,4.545,-,-
2022-01-22T04:45:00,4.548,-,-
2022-01-22T04:30:00,4.552,-,-
2022-01-22T04:15:00,4.555,-,-
2022-01-22T04:00:00,4.558,-,-
2022-01-22T03:45:00,4.561,-,-
2022-01-22T03:30:00,4.565,-,-
2022-01-22T03:15:00,4.567,-,-
2022-01-22T03:00:00,4.571,-,-
2022-01-22T02:45:00,4.574,-,-
2022-01-22T02:30:00,4.576,-,-
2022-01-22T02:15:00,4.580,-,-
2022-01-22T02:00:00,4.584,-,-
2022-01-22T01:45:00,4.589,-,-
2022-01-22T01:30:00,4.593,-,-
2022-01-22T01:15:00,4.596,-,-
2022-01-22T01:00:00,4.599,-,-
2022-01-22T00:45:00,4.602,-,-
2022-01-22T00:30:00,4.605,-,-
2022-01-22T00:15:00,4.608,-,-
2022-01-22T00:00:00,4.611,-,-
2022-02-04T23:45:00,4.368,-,-
2022-02-04T23:30:00,4.365,-,-
2022-02-04T23:15:00,4.364,-,-
2022-02-04T23:00:00,4.363,-,-
2022-02-04T22:45:00,4.360,-,-
2022-02-04T22:30:00,4.360,-,-
2022-02-04T22:15:00,4.357,-,-
2022-02-04T22:00:00,4.355,-,-
2022-02-04T21:45:00,4.353,-,-
2022-02-04T21:30:00,4.351,-,-
2022-02-04T21:15:00,4.349,-,-
2022-02-04T21:00:00,4.347,-,-
2022-02-04T20:45:00,4.346,-,-
2022-02-04T20:30:00,4.343,-,-
2022-02-04T20:15:00,4.342,-,-
2022-02-04T20:00:00,4.339,-,-
2022-02-04T19:45:00,4.338,-,-
2022-02-04T19:30:00,4.337,-,-
2022-02-04T19:15:00,4.335,-,-
2022-02-04T19:00:00,4.334,-,-
2022-02-04T18:45:00,4.333,-,-
2022-02-04T18:30:00,4.330,-,-
2022-02-04T18:15:00,4.330,-,-
2022-02-04T18:00:00,4.328,-,-
2022-02-04T17:45:00,4.326,-,-
2022-02-04T17:30:00,4.324,-,-
2022-02-04T17:15:00,4.324,-,-
2022-02-04T17:00:00,4.323,-,-
2022-02-04T16:45:00,4.321,-,-
2022-02-04T16:30:00,4.319,-,-
2022-02-04T16:15:00,4.318,-,-
2022-02-04T16:00:00,4.316,-,-
2022-02-04T15:45:00,4.315,-,-
2022-02-04T15:30:00,4.314,-,-
2022-02-04T15:15:00,4.312,-,-
2022-02-04T15:00:00,4.311,-,-
2022-02-04T14:45:00,4.308,-,-
2022-02-04T14:30:00,4.306,-,-
2022-02-04T14:15:00,4.306,-,-
2022-02-04T14:00:00,4.303,-,-
2022-02-04T13:45:00,4.301,-,-
2022-02-04T13:30:00,4.298,-,-
2022-02-04T13:15:00,4.295,-,-
2022-02-04T13:00:00,4.291,-,-
2022-02-04T12:45:00,4.285,-,-
2022-02-04T12:30:00,4.281,-,-
2022-02-04T12:15:00,4.274,-,-
2022-02-04T12:00:00,4.263,-,-
2022-02-04T11:45:00,4.249,-,-
2022-02-04T11:30:00,4.225,-,-
2022-02-04T11:15:00,4.195,-,-
2022-02-04T11:00:00,4.154,-,-
2022-02-04T10:45:00,4.096,-,-
2022-02-04T10:30:00,4.019,-,-
2022-02-04T10:15:00,3.926,-,-
2022-02-04T10:00:00,3.877,-,-
2022-02-04T09:45:00,3.861,-,-
2022-02-04T09:30:00,3.859,-,-
2022-02-04T09:15:00,3.860,-,-
2022-02-04T09:00:00,3.861,-,-
2022-02-04T08:45:00,3.862,-,-
2022-02-04T08:30:00,3.863,-,-
2022-02-04T08:15:00,3.865,-,-
2022-02-04T08:00:00,3.866,-,-
2022-02-04T07:45:00,3.869,-,-
2022-02-04T07:30:00,3.872,-,-
2022-02-04T07:15:00,3.874,-,-
2022-02-04T07:00:00,3.875,-,-
2022-02-04T06:45:00,3.876,-,-
2022-02-04T06:30:00,3.875,-,-
2022-02-04T06:15:00,3.873,-,-
2022-02-04T06:00:00,3.870,-,-
2022-02-04T05:45:00,3.866,-,-
2022-02-04T05:30:00,3.863,-,-
2022-02-04T05:15:00,3.862,-,-
2022-02-04T05:00:00,3.862,-,-
2022-02-04T04:45:00,3.862,-,-
2022-02-04T04:30:00,3.862,-,-
2022-02-04T04:15:00,3.862,-,-
2022-02-04T04:00:00,3.863,-,-
2022-02-04T03:45:00,3.863,-,-
2022-02-04T03:30:00,3.863,-,-
2022-02-04T03:15:00,3.864,-,-
2022-02-04T03:00:00,3.864,-,-
2022-02-04T02:45:00,3.864,-,-
2022-02-04T02:30:00,3.865,-,-
2022-02-04T02:15:00,3.865,-,-
2022-02-04T02:00:00,3.865,-,-
2022-02-04T01:45:00,3.865,-,-
2022-02-04T01:30:00,3.865,-,-
2022-02-04T01:15:00,3.866,-,-
2022-02-04T01:00:00,3.867,-,-
2022-02-04T00:45:00,3.867,-,-
2022-02-04T00:30:00,3.867,-,-
2022-02-04T00:15:00,3.867,-,-
2022-02-04T00:00:00,3.867,-,-
2022-02-03T23:45:00,3.867,-,-
2022-02-03T23:30:00,3.867,-,-
2022-02-03T23:15:00,3.868,-,-
2022-02-03T23:00:00,3.868,-,-
2022-02-03T22:45:00,3.869,-,-
2022-02-03T22:30:00,3.869,-,-
2022-02-03T22:15:00,3.870,-,-
2022-02-03T22:00:00,3.871,-,-
2022-02-03T21:45:00,3.871,-,-
2022-02-03T21:30:00,3.871,-,-
2022-02-03T21:15:00,3.871,-,-
2022-02-03T21:00:00,3.872,-,-
2022-02-03T20:45:00,3.873,-,-
2022-02-03T20:30:00,3.874,-,-
2022-02-03T20:15:00,3.875,-,-
2022-02-03T20:00:00,3.876,-,-
2022-02-03T19:45:00,3.877,-,-
2022-02-03T19:30:00,3.877,-,-
2022-02-03T19:15:00,3.879,-,-
2022-02-03T19:00:00,3.879,-,-
2022-02-03T18:45:00,3.880,-,-
2022-02-03T18:30:00,3.881,-,-
2022-02-03T18:15:00,3.881,-,-
2022-02-03T18:00:00,3.882,-,-
2022-02-03T17:45:00,3.882,-,-
2022-02-03T17:30:00,3.883,-,-
2022-02-03T17:15:00,3.884,-,-
2022-02-03T17:00:00,3.885,-,-
2022-02-03T16:45:00,3.886,-,-
2022-02-03T16:30:00,3.887,-,-
2022-02-03T16:15:00,3.887,-,-
2022-02-03T16:00:00,3.889,-,-
2022-02-03T15:45:00,3.889,-,-
2022-02-03T15:30:00,3.890,-,-
2022-02-03T15:15:00,3.890,-,-
2022-02-03T15:00:00,3.891,-,-
2022-02-03T14:45:00,3.893,-,-
2022-02-03T14:30:00,3.894,-,-
2022-02-03T14:15:00,3.895,-,-
2022-02-03T14:00:00,3.897,-,-
2022-02-03T13:45:00,3.897,-,-
2022-02-03T13:30:00,3.898,-,-
2022-02-03T13:15:00,3.898,-,-
2022-02-03T13:00:00,3.899,-,-
2022-02-03T12:45:00,3.900,-,-
2022-02-03T12:30:00,3.901,-,-
2022-02-03T12:15:00,3.902,-,-
2022-02-03T12:00:00,3.902,-,-
2022-02-03T11:45:00,3.903,-,-
2022-02-03T11:30:00,3.905,-,-
2022-02-03T11:15:00,3.905,-,-
2022-02-03T11:00:00,3.906,-,-
2022-02-03T10:45:00,3.906,-,-
2022-02-03T10:30:00,3.907,-,-
2022-02-03T10:15:00,3.907,-,-
2022-02-03T10:00:00,3.907,-,-
2022-02-03T09:45:00,3.908,-,-
2022-02-03T09:30:00,3.909,-,-
2022-02-03T09:15:00,3.910,-,-
2022-02-03T09:00:00,3.911,-,-
2022-02-03T08:45:00,3.912,-,-
2022-02-03T08:30:00,3.913,-,-
2022-02-03T08:15:00,3.913,-,-
2022-02-03T08:00:00,3.914,-,-
2022-02-03T07:45:00,3.915,-,-
2022-02-03T07:30:00,3.916,-,-
2022-02-03T07:15:00,3.916,-,-
2022-02-03T07:00:00,3.918,-,-
2022-02-03T06:45:00,3.919,-,-
2022-02-03T06:30:00,3.919,-,-
2022-02-03T06:15:00,3.920,-,-
2022-02-03T06:00:00,3.921,-,-
2022-02-03T05:45:00,3.922,-,-
2022-02-03T05:30:00,3.922,-,-
2022-02-03T05:15:00,3.923,-,-
2022-02-03T05:00:00,3.924,-,-
2022-02-03T04:45:00,3.925,-,-
2022-02-03T04:30:00,3.925,-,-
2022-02-03T04:15:00,3.926,-,-
2022-02-03T04:00:00,3.927,-,-
2022-02-03T03:45:00,3.928,-,-
2022-02-03T03:30:00,3.929,-,-
2022-02-03T03:15:00,3.930,-,-
2022-02-03T03:00:00,3.931,-,-
2022-02-03T02:45:00,3.931,-,-
2022-02-03T02:30:00,3.932,-,-
2022-02-03T02:15:00,3.933,-,-
2022-02-03T02:00:00,3.933,-,-
2022-02-03T01:45:00,3.934,-,-
2022-02-03T01:30:00,3.935,-,-
2022-02-03T01:15:00,3.936,-,-
2022-02-03T01:00:00,3.936,-,-
2022-02-03T00:45:00,3.937,-,-
2022-02-03T00:30:00,3.938,-,-
2022-02-03T00:15:00,3.939,-,-
2022-02-03T00:00:00,3.940,-,-
2022-02-02T23:45:00,3.940,-,-
2022-02-02T23:30:00,3.942,-,-
2022-02-02T23:15:00,3.941,-,-
2022-02-02T23:00:00,3.942,-,-
2022-02-02T22:45:00,3.943,-,-
2022-02-02T22:30:00,3.943,-,-
2022-02-02T22:15:00,3.943,-,-
2022-02-02T22:00:00,3.944,-,-
2022-02-02T21:45:00,3.944,-,-
2022-02-02T21:30:00,3.944,-,-
2022-02-02T21:15:00,3.945,-,-
2022-02-02T21:00:00,3.946,-,-
2022-02-02T20:45:00,3.947,-,-
2022-02-02T20:30:00,3.947,-,-
2022-02-02T20:15:00,3.948,-,-
2022-02-02T20:00:00,3.948,-,-
2022-02-02T19:45:00,3.949,-,-
2022-02-02T19:30:00,3.950,-,-
2022-02-02T19:15:00,3.952,-,-
2022-02-02T19:00:00,3.954,-,-
2022-02-02T18:45:00,3.956,-,-
2022-02-02T18:30:00,3.957,-,-
2022-02-02T18:15:00,3.959,-,-
2022-02-02T18:00:00,3.961,-,-
2022-02-02T17:45:00,3.962,-,-
2022-02-02T17:30:00,3.963,-,-
2022-02-02T17:15:00,3.964,-,-
2022-02-02T17:00:00,3.963,-,-
2022-02-02T16:45:00,3.963,-,-
2022-02-02T16:30:00,3.964,-,-
2022-02-02T16:15:00,3.966,-,-
2022-02-02T16:00:00,3.967,-,-
2022-02-02T15:45:00,3.968,-,-
2022-02-02T15:30:00,3.969,-,-
2022-02-02T15:15:00,3.970,-,-
2022-02-02T15:00:00,3.971,-,-
2022-02-02T14:45:00,3.972,-,-
2022-02-02T14:30:00,3.973,-,-
2022-02-02T14:15:00,3.974,-,-
2022-02-02T14:00:00,3.976,-,-
2022-02-02T13:45:00,3.979,-,-
2022-02-02T13:30:00,3.983,-,-
2022-02-02T13:15:00,3.983,-,-
2022-02-02T13:00:00,3.984,-,-
2022-02-02T12:45:00,3.984,-,-
2022-02-02T12:30:00,3.985,-,-
2022-02-02T12:15:00,3.985,-,-
2022-02-02T12:00:00,3.985,-,-
2022-02-02T11:45:00,3.986,-,-
2022-02-02T11:30:00,3.987,-,-
2022-02-02T11:15:00,3.988,-,-
2022-02-02T11:00:00,3.989,-,-
2022-02-02T10:45:00,3.990,-,-
2022-02-02T10:30:00,3.990,-,-
2022-02-02T10:15:00,3.989,-,-
2022-02-02T10:00:00,3.989,-,-
2022-02-02T09:45:00,3.988,-,-
2022-02-02T09:30:00,3.990,-,-
2022-02-02T09:15:00,3.991,-,-
2022-02-02T09:00:00,3.994,-,-
2022-02-02T08:45:00,3.996,-,-
2022-02-02T08:30:00,3.998,-,-
2022-02-02T08:15:00,4.001,-,-
2022-02-02T08:00:00,4.003,-,-
2022-02-02T07:45:00,4.005,-,-
2022-02-02T07:30:00,4.006,-,-
2022-02-02T07:15:00,4.006,-,-
2022-02-02T07:00:00,4.007,-,-
2022-02-02T06:45:00,4.010,-,-
2022-02-02T06:30:00,4.013,-,-
2022-02-02T06:15:00,4.016,-,-
2022-02-02T06:00:00,4.018,-,-
2022-02-02T05:45:00,4.021,-,-
2022-02-02T05:30:00,4.024,-,-
2022-02-02T05:15:00,4.027,-,-
2022-02-02T05:00:00,4.030,-,-
2022-02-02T04:45:00,4.032,-,-
2022-02-02T04:30:00,4.035,-,-
2022-02-02T04:15:00,4.038,-,-
2022-02-02T04:00:00,4.042,-,-
2022-02-02T03:45:00,4.046,-,-
2022-02-02T03:30:00,4.050,-,-
2022-02-02T03:15:00,4.053,-,-
2022-02-02T03:00:00,4.057,-,-
2022-02-02T02:45:00,4.060,-,-
2022-02-02T02:30:00,4.064,-,-
2022-02-02T02:15:00,4.069,-,-
2022-02-02T02:00:00,4.073,-,-
2022-02-02T01:45:00,4.078,-,-
2022-02-02T01:30:00,4.083,-,-
2022-02-02T01:15:00,4.090,-,-
2022-02-02T01:00:00,4.095,-,-
2022-02-02T00:45:00,4.103,-,-
2022-02-02T00:30:00,4.110,-,-
2022-02-02T00:15:00,4.119,-,-
2022-02-02T00:00:00,4.130,-,-
2022-02-01T23:45:00,4.141,-,-
2022-02-01T23:30:00,4.153,-,-
2022-02-01T23:15:00,4.169,-,-
2022-02-01T23:00:00,4.187,-,-
2022-02-01T22:45:00,4.205,-,-
2022-02-01T22:30:00,4.226,-,-
2022-02-01T22:15:00,4.249,-,-
2022-02-01T22:00:00,4.271,-,-
2022-02-01T21:45:00,4.294,-,-
2022-02-01T21:30:00,4.316,-,-
2022-02-01T21:15:00,4.335,-,-
2022-02-01T21:00:00,4.348,-,-
2022-02-01T20:45:00,4.355,-,-
2022-02-01T20:30:00,4.358,-,-
2022-02-01T20:15:00,4.357,-,-
2022-02-01T20:00:00,4.355,-,-
2022-02-01T19:45:00,4.350,-,-
2022-02-01T19:30:00,4.346,-,-
2022-02-01T19:15:00,4.341,-,-
2022-02-01T19:00:00,4.335,-,-
2022-02-01T18:45:00,4.330,-,-
2022-02-01T18:30:00,4.321,-,-
2022-02-01T18:15:00,4.310,-,-
2022-02-01T18:00:00,4.295,-,-
2022-02-01T17:45:00,4.273,-,-
2022-02-01T17:30:00,4.245,-,-
2022-02-01T17:15:00,4.208,-,-
2022-02-01T17:00:00,4.161,-,-
2022-02-01T16:45:00,4.108,-,-
2022-02-01T16:30:00,4.059,-,-
2022-02-01T16:15:00,4.031,-,-
2022-02-01T16:00:00,4.024,-,-
2022-02-01T15:45:00,4.025,-,-
2022-02-01T15:30:00,4.026,-,-
2022-02-01T15:15:00,4.029,-,-
2022-02-01T15:00:00,4.031,-,-
2022-02-01T14:45:00,4.035,-,-
2022-02-01T14:30:00,4.036,-,-
2022-02-01T14:15:00,4.038,-,-
2022-02-01T14:00:00,4.044,-,-
2022-02-01T13:45:00,4.048,-,-
2022-02-01T13:30:00,4.052,-,-
2022-02-01T13:15:00,4.057,-,-
2022-02-01T13:00:00,4.063,-,-
2022-02-01T12:45:00,4.069,-,-
2022-02-01T12:30:00,4.075,-,-
2022-02-01T12:15:00,4.084,-,-
2022-02-01T12:00:00,4.093,-,-
2022-02-01T11:45:00,4.103,-,-
2022-02-01T11:30:00,4.114,-,-
2022-02-01T11:15:00,4.129,-,-
2022-02-01T11:00:00,4.146,-,-
2022-02-01T10:45:00,4.163,-,-
2022-02-01T10:30:00,4.183,-,-
2022-02-01T10:15:00,4.205,-,-
2022-02-01T10:00:00,4.233,-,-
2022-02-01T09:45:00,4.262,-,-
2022-02-01T09:30:00,4.290,-,-
2022-02-01T09:15:00,4.317,-,-
2022-02-01T09:00:00,4.340,-,-
2022-02-01T08:45:00,4.359,-,-
2022-02-01T08:30:00,4.372,-,-
2022-02-01T08:15:00,4.379,-,-
2022-02-01T08:00:00,4.381,-,-
2022-02-01T07:45:00,4.381,-,-
2022-02-01T07:30:00,4.382,-,-
2022-02-01T07:15:00,4.381,-,-
2022-02-01T07:00:00,4.382,-,-
2022-02-01T06:45:00,4.382,-,-
2022-02-01T06:30:00,4.382,-,-
2022-02-01T06:15:00,4.382,-,-
2022-02-01T06:00:00,4.383,-,-
2022-02-01T05:45:00,4.383,-,-
2022-02-01T05:30:00,4.383,-,-
2022-02-01T05:15:00,4.382,-,-
2022-02-01T05:00:00,4.384,-,-
2022-02-01T04:45:00,4.383,-,-
2022-02-01T04:30:00,4.384,-,-
2022-02-01T04:15:00,4.383,-,-
2022-02-01T04:00:00,4.383,-,-
2022-02-01T03:45:00,4.384,-,-
2022-02-01T03:30:00,4.385,-,-
2022-02-01T03:15:00,4.385,-,-
2022-02-01T03:00:00,4.385,-,-
2022-02-01T02:45:00,4.384,-,-
2022-02-01T02:30:00,4.384,-,-
2022-02-01T02:15:00,4.386,-,-
2022-02-01T02:00:00,4.385,-,-
2022-02-01T01:45:00,4.387,-,-
2022-02-01T01:30:00,4.387,-,-
2022-02-01T01:15:00,4.387,-,-
2022-02-01T01:00:00,4.387,-,-
2022-02-01T00:45:00,4.387,-,-
2022-02-01T00:30:00,4.388,-,-
2022-02-01T00:15:00,4.388,-,-
2022-02-01T00:00:00,4.388,-,-
2022-01-31T23:45:00,4.389,-,-
2022-01-31T23:30:00,4.389,-,-
2022-01-31T23:15:00,4.390,-,-
2022-01-31T23:00:00,4.390,-,-
2022-01-31T22:45:00,4.390,-,-
2022-01-31T22:30:00,4.389,-,-
2022-01-31T22:15:00,4.390,-,-
2022-01-31T22:00:00,4.389,-,-
2022-01-31T21:45:00,4.389,-,-
2022-01-31T21:30:00,4.390,-,-
2022-01-31T21:15:00,4.390,-,-
2022-01-31T21:00:00,4.390,-,-
2022-01-31T20:45:00,4.390,-,-
2022-01-31T20:30:00,4.391,-,-
2022-01-31T20:15:00,4.392,-,-
2022-01-31T20:00:00,4.390,-,-
2022-01-31T19:45:00,4.393,-,-
2022-01-31T19:30:00,4.393,-,-
2022-01-31T19:15:00,4.393,-,-
2022-01-31T19:00:00,4.394,-,-
2022-01-31T18:45:00,4.394,-,-
2022-01-31T18:30:00,4.395,-,-
2022-01-31T18:15:00,4.395,-,-
2022-01-31T18:00:00,4.397,-,-
2022-01-31T17:45:00,4.397,-,-
2022-01-31T17:30:00,4.395,-,-
2022-01-31T17:15:00,4.395,-,-
2022-01-31T17:00:00,4.394,-,-
2022-01-31T16:45:00,4.394,-,-
2022-01-31T16:30:00,4.394,-,-
2022-01-31T16:15:00,4.394,-,-
2022-01-31T16:00:00,4.392,-,-
2022-01-31T15:45:00,4.392,-,-
2022-01-31T15:30:00,4.391,-,-
2022-01-31T15:15:00,4.391,-,-
2022-01-31T15:00:00,4.390,-,-
2022-01-31T14:45:00,4.390,-,-
2022-01-31T14:30:00,4.391,-,-
2022-01-31T14:15:00,4.390,-,-
2022-01-31T14:00:00,4.390,-,-
2022-01-31T13:45:00,4.360,-,-
2022-01-31T13:30:00,4.360,-,-
2022-01-31T13:15:00,4.360,-,-
2022-01-31T13:00:00,4.359,-,-
2022-01-31T12:45:00,4.360,-,-
2022-01-31T12:30:00,4.359,-,-
2022-01-31T12:15:00,4.359,-,-
2022-01-31T12:00:00,4.359,-,-
2022-01-31T11:45:00,4.360,-,-
2022-01-31T11:30:00,4.361,-,-
2022-01-31T11:15:00,4.365,-,-
2022-01-31T11:00:00,4.367,-,-
2022-01-31T10:45:00,4.370,-,-
2022-01-31T10:30:00,4.371,-,-
2022-01-31T10:15:00,4.375,-,-
2022-01-31T10:00:00,4.378,-,-
2022-01-31T09:45:00,4.380,-,-
2022-01-31T09:30:00,4.381,-,-
2022-01-31T09:15:00,4.382,-,-
2022-01-31T09:00:00,4.382,-,-
2022-01-31T08:45:00,4.383,-,-
2022-01-31T08:30:00,4.383,-,-
2022-01-31T08:15:00,4.384,-,-
2022-01-31T08:00:00,4.385,-,-
2022-01-31T07:45:00,4.385,-,-
2022-01-31T07:30:00,4.386,-,-
2022-01-31T07:15:00,4.386,-,-
2022-01-31T07:00:00,4.386,-,-
2022-01-31T06:45:00,4.384,-,-
2022-01-31T06:30:00,4.385,-,-
2022-01-31T06:15:00,4.385,-,-
2022-01-31T06:00:00,4.384,-,-
2022-01-31T05:45:00,4.383,-,-
2022-01-31T05:30:00,4.381,-,-
2022-01-31T05:15:00,4.386,-,-
2022-01-31T05:00:00,4.382,-,-
2022-01-31T04:45:00,4.380,-,-
2022-01-31T04:30:00,4.382,-,-
2022-01-31T04:15:00,4.382,-,-
2022-01-31T04:00:00,4.381,-,-
2022-01-31T03:45:00,4.383,-,-
2022-01-31T03:30:00,4.383,-,-
2022-01-31T03:15:00,4.384,-,-
2022-01-31T03:00:00,4.383,-,-
2022-01-31T02:45:00,4.382,-,-
2022-01-31T02:30:00,4.387,-,-
2022-01-31T02:15:00,4.384,-,-
2022-01-31T02:00:00,4.385,-,-
2022-01-31T01:45:00,4.385,-,-
2022-01-31T01:30:00,4.388,-,-
2022-01-31T01:15:00,4.384,-,-
2022-01-31T01:00:00,4.385,-,-
2022-01-31T00:45:00,4.386,-,-
2022-01-31T00:30:00,4.386,-,-
2022-01-31T00:15:00,4.384,-,-
2022-01-31T00:00:00,4.387,-,-
2022-01-30T23:45:00,4.387,-,-
2022-01-30T23:30:00,4.388,-,-
2022-01-30T23:15:00,4.388,-,-
2022-01-30T23:00:00,4.389,-,-
2022-01-30T22:45:00,4.388,-,-
2022-01-30T22:30:00,4.389,-,-
2022-01-30T22:15:00,4.390,-,-
2022-01-30T22:00:00,4.390,-,-
2022-01-30T21:45:00,4.390,-,-
2022-01-30T21:30:00,4.391,-,-
2022-01-30T21:15:00,4.390,-,-
2022-01-30T21:00:00,4.392,-,-
2022-01-30T20:45:00,4.393,-,-
2022-01-30T20:30:00,4.394,-,-
2022-01-30T20:15:00,4.394,-,-
2022-01-30T20:00:00,4.395,-,-
2022-01-30T19:45:00,4.396,-,-
2022-01-30T19:30:00,4.396,-,-
2022-01-30T19:15:00,4.396,-,-
2022-01-30T19:00:00,4.397,-,-
2022-01-30T18:45:00,4.397,-,-
2022-01-30T18:30:00,4.399,-,-
2022-01-30T18:15:00,4.399,-,-
2022-01-30T18:00:00,4.399,-,-
2022-01-30T17:45:00,4.399,-,-
2022-01-30T17:30:00,4.401,-,-
2022-01-30T17:15:00,4.402,-,-
2022-01-30T17:00:00,4.402,-,-
2022-01-30T16:45:00,4.403,-,-
2022-01-30T16:30:00,4.402,-,-
2022-01-30T16:15:00,4.403,-,-
2022-01-30T16:00:00,4.403,-,-
2022-01-30T15:45:00,4.402,-,-
2022-01-30T15:30:00,4.403,-,-
2022-01-30T15:15:00,4.404,-,-
2022-01-30T15:00:00,4.404,-,-
2022-01-30T14:45:00,4.406,-,-
2022-01-30T14:30:00,4.407,-,-
2022-01-30T14:15:00,4.410,-,-
2022-01-30T14:00:00,4.411,-,-
2022-01-30T13:45:00,4.412,-,-
2022-01-30T13:30:00,4.414,-,-
2022-01-30T13:15:00,4.416,-,-
2022-01-30T13:00:00,4.417,-,-
2022-01-30T12:45:00,4.419,-,-
2022-01-30T12:30:00,4.420,-,-
2022-01-30T12:15:00,4.421,-,-
2022-01-30T12:00:00,4.423,-,-
2022-01-30T11:45:00,4.423,-,-
2022-01-30T11:30:00,4.425,-,-
2022-01-30T11:15:00,4.426,-,-
2022-01-30T11:00:00,4.428,-,-
2022-01-30T10:45:00,4.429,-,-
2022-01-30T10:30:00,4.431,-,-
2022-01-30T10:15:00,4.431,-,-
2022-01-30T10:00:00,4.433,-,-
2022-01-30T09:45:00,4.435,-,-
2022-01-30T09:30:00,4.438,-,-
2022-01-30T09:15:00,4.440,-,-
2022-01-30T09:00:00,4.441,-,-
2022-01-30T08:45:00,4.443,-,-
2022-01-30T08:30:00,4.444,-,-
2022-01-30T08:15:00,4.446,-,-
2022-01-30T08:00:00,4.448,-,-
2022-01-30T07:45:00,4.450,-,-
2022-01-30T07:30:00,4.451,-,-
2022-01-30T07:15:00,4.453,-,-
2022-01-30T07:00:00,4.453,-,-
2022-01-30T06:45:00,4.453,-,-
2022-01-30T06:30:00,4.454,-,-
2022-01-30T06:15:00,4.453,-,-
2022-01-30T06:00:00,4.454,-,-
2022-01-30T05:45:00,4.453,-,-
2022-01-30T05:30:00,4.453,-,-
2022-01-30T05:15:00,4.453,-,-
2022-01-30T05:00:00,4.453,-,-
2022-01-30T04:45:00,4.454,-,-
2022-01-30T04:30:00,4.453,-,-
2022-01-30T04:15:00,4.453,-,-
2022-01-30T04:00:00,4.454,-,-
2022-01-30T03:45:00,4.454,-,-
2022-01-30T03:30:00,4.454,-,-
2022-01-30T03:15:00,4.455,-,-
2022-01-30T03:00:00,4.454,-,-
2022-01-30T02:45:00,4.454,-,-
2022-01-30T02:30:00,4.455,-,-
2022-01-30T02:15:00,4.455,-,-
2022-01-30T02:00:00,4.455,-,-
2022-01-30T01:45:00,4.454,-,-
2022-01-30T01:30:00,4.455,-,-
2022-01-30T01:15:00,4.455,-,-
2022-01-30T01:00:00,4.456,-,-
2022-01-30T00:45:00,4.456,-,-
2022-01-30T00:30:00,4.456,-,-
2022-01-30T00:15:00,4.456,-,-
2022-01-30T00:00:00,4.457,-,-
2022-01-29T23:45:00,4.456,-,-
2022-01-29T23:30:00,4.456,-,-
2022-01-29T23:15:00,4.458,-,-
2022-01-29T23:00:00,4.457,-,-
2022-01-29T22:45:00,4.457,-,-
2022-01-29T22:30:00,4.457,-,-
2022-01-29T22:15:00,4.457,-,-
2022-01-29T22:00:00,4.458,-,-
2022-01-29T21:45:00,4.458,-,-
2022-01-29T21:30:00,4.459,-,-
2022-01-29T21:15:00,4.457,-,-
2022-01-29T21:00:00,4.458,-,-
2022-01-29T20:45:00,4.459,-,-
2022-01-29T20:30:00,4.459,-,-
2022-01-29T20:15:00,4.460,-,-
2022-01-29T20:00:00,4.460,-,-
2022-01-29T19:45:00,4.461,-,-
2022-01-29T19:30:00,4.461,-,-
2022-01-29T19:15:00,4.461,-,-
2022-01-29T19:00:00,4.462,-,-
2022-01-29T18:45:00,4.462,-,-
2022-01-29T18:30:00,4.462,-,-
2022-01-29T18:15:00,4.461,-,-
2022-01-29T18:00:00,4.462,-,-
2022-01-29T17:45:00,4.464,-,-
2022-01-29T17:30:00,4.464,-,-
2022-01-29T17:15:00,4.466,-,-
2022-01-29T17:00:00,4.467,-,-
2022-01-29T16:45:00,4.469,-,-
2022-01-29T16:30:00,4.470,-,-
2022-01-29T16:15:00,4.470,-,-
2022-01-29T16:00:00,4.472,-,-
2022-01-29T15:45:00,4.473,-,-
2022-01-29T15:30:00,4.473,-,-
2022-01-29T15:15:00,4.476,-,-
2022-01-29T15:00:00,4.477,-,-
2022-01-29T14:45:00,4.479,-,-
2022-01-29T14:30:00,4.480,-,-
2022-01-29T14:15:00,4.482,-,-
2022-01-29T14:00:00,4.484,-,-
2022-01-29T13:45:00,4.486,-,-
2022-01-29T13:30:00,4.487,-,-
2022-01-29T13:15:00,4.489,-,-
2022-01-29T13:00:00,4.490,-,-
2022-01-29T12:45:00,4.492,-,-
2022-01-29T12:30:00,4.494,-,-
2022-01-29T12:15:00,4.496,-,-
2022-01-29T12:00:00,4.497,-,-
2022-01-29T11:45:00,4.498,-,-
2022-01-29T11:30:00,4.499,-,-
2022-01-29T11:15:00,4.499,-,-
2022-01-29T11:00:00,4.500,-,-
2022-01-29T10:45:00,4.501,-,-
2022-01-29T10:30:00,4.502,-,-
2022-01-29T10:15:00,4.503,-,-
2022-01-29T10:00:00,4.504,-,-
2022-01-29T09:45:00,4.504,-,-
2022-01-29T09:30:00,4.505,-,-
2022-01-29T09:15:00,4.505,-,-
2022-01-29T09:00:00,4.504,-,-
2022-01-29T08:45:00,4.501,-,-
2022-01-29T08:30:00,4.501,-,-
2022-01-29T08:15:00,4.498,-,-
2022-01-29T08:00:00,4.496,-,-
2022-01-29T07:45:00,4.493,-,-
2022-01-29T07:30:00,4.490,-,-
2022-01-29T07:15:00,4.488,-,-
2022-01-29T07:00:00,4.485,-,-
2022-01-29T06:45:00,4.481,-,-
2022-01-29T06:30:00,4.478,-,-
2022-01-29T06:15:00,4.476,-,-
2022-01-29T06:00:00,4.473,-,-
2022-01-29T05:45:00,4.470,-,-
2022-01-29T05:30:00,4.468,-,-
2022-01-29T05:15:00,4.464,-,-
2022-01-29T05:00:00,4.461,-,-
2022-01-29T04:45:00,4.458,-,-
2022-01-29T04:30:00,4.454,-,-
2022-01-29T04:15:00,4.452,-,-
2022-01-29T04:00:00,4.447,-,-
2022-01-29T03:45:00,4.444,-,-
2022-01-29T03:30:00,4.441,-,-
2022-01-29T03:15:00,4.438,-,-
2022-01-29T03:00:00,4.435,-,-
2022-01-29T02:45:00,4.431,-,-
2022-01-29T02:30:00,4.428,-,-
2022-01-29T02:15:00,4.426,-,-
2022-01-29T02:00:00,4.422,-,-
2022-01-29T01:45:00,4.420,-,-
2022-01-29T01:30:00,4.417,-,-
2022-01-29T01:15:00,4.414,-,-
2022-01-29T01:00:00,4.411,-,-
2022-01-29T00:45:00,4.408,-,-
2022-01-29T00:30:00,4.407,-,-
2022-01-29T00:15:00,4.403,-,-
2022-01-29T00:00:00,4.400,-,-
2022-02-11T23:45:00,4.343,-,-
2022-02-11T23:30:00,4.342,-,-
2022-02-11T23:15:00,4.341,-,-
2022-02-11T23:00:00,4.340,-,-
2022-02-11T22:45:00,4.339,-,-
2022-02-11T22:30:00,4.338,-,-
2022-02-11T22:15:00,4.337,-,-
2022-02-11T22:00:00,4.336,-,-
2022-02-11T21:45:00,4.336,-,-
2022-02-11T21:30:00,4.336,-,-
2022-02-11T21:15:00,4.334,-,-
2022-02-11T21:00:00,4.332,-,-
2022-02-11T20:45:00,4.332,-,-
2022-02-11T20:30:00,4.333,-,-
2022-02-11T20:15:00,4.331,-,-
2022-02-11T20:00:00,4.331,-,-
2022-02-11T19:45:00,4.331,-,-
2022-02-11T19:30:00,4.330,-,-
2022-02-11T19:15:00,4.330,-,-
2022-02-11T19:00:00,4.329,-,-
2022-02-11T18:45:00,4.329,-,-
2022-02-11T18:30:00,4.328,-,-
2022-02-11T18:15:00,4.329,-,-
2022-02-11T18:00:00,4.328,-,-
2022-02-11T17:45:00,4.327,-,-
2022-02-11T17:30:00,4.325,-,-
2022-02-11T17:15:00,4.323,-,-
2022-02-11T17:00:00,4.319,-,-
2022-02-11T16:45:00,4.315,-,-
2022-02-11T16:30:00,4.311,-,-
2022-02-11T16:15:00,4.304,-,-
2022-02-11T16:00:00,4.298,-,-
2022-02-11T15:45:00,4.293,-,-
2022-02-11T15:30:00,4.286,-,-
2022-02-11T15:15:00,4.282,-,-
2022-02-11T15:00:00,4.278,-,-
2022-02-11T14:45:00,4.276,-,-
2022-02-11T14:30:00,4.276,-,-
2022-02-11T14:15:00,4.277,-,-
2022-02-11T14:00:00,4.277,-,-
2022-02-11T13:45:00,4.276,-,-
2022-02-11T13:30:00,4.275,-,-
2022-02-11T13:15:00,4.272,-,-
2022-02-11T13:00:00,4.269,-,-
2022-02-11T12:45:00,4.264,-,-
2022-02-11T12:30:00,4.258,-,-
2022-02-11T12:15:00,4.250,-,-
2022-02-11T12:00:00,4.234,-,-
2022-02-11T11:45:00,4.214,-,-
2022-02-11T11:30:00,4.186,-,-
2022-02-11T11:15:00,4.146,-,-
2022-02-11T11:00:00,4.086,-,-
2022-02-11T10:45:00,4.007,-,-
2022-02-11T10:30:00,3.909,-,-
2022-02-11T10:15:00,3.841,-,-
2022-02-11T10:00:00,3.819,-,-
2022-02-11T09:45:00,3.814,-,-
2022-02-11T09:30:00,3.814,-,-
2022-02-11T09:15:00,3.814,-,-
2022-02-11T09:00:00,3.814,-,-
2022-02-11T08:45:00,3.813,-,-
2022-02-11T08:30:00,3.814,-,-
2022-02-11T08:15:00,3.815,-,-
2022-02-11T08:00:00,3.814,-,-
2022-02-11T07:45:00,3.815,-,-
2022-02-11T07:30:00,3.815,-,-
2022-02-11T07:15:00,3.815,-,-
2022-02-11T07:00:00,3.814,-,-
2022-02-11T06:45:00,3.814,-,-
2022-02-11T06:30:00,3.813,-,-
2022-02-11T06:15:00,3.813,-,-
2022-02-11T06:00:00,3.812,-,-
2022-02-11T05:45:00,3.812,-,-
2022-02-11T05:30:00,3.811,-,-
2022-02-11T05:15:00,3.809,-,-
2022-02-11T05:00:00,3.808,-,-
2022-02-11T04:45:00,3.810,-,-
2022-02-11T04:30:00,3.808,-,-
2022-02-11T04:15:00,3.809,-,-
2022-02-11T04:00:00,3.807,-,-
2022-02-11T03:45:00,3.807,-,-
2022-02-11T03:30:00,3.807,-,-
2022-02-11T03:15:00,3.807,-,-
2022-02-11T03:00:00,3.806,-,-
2022-02-11T02:45:00,3.805,-,-
2022-02-11T02:30:00,3.803,-,-
2022-02-11T02:15:00,3.803,-,-
2022-02-11T02:00:00,3.802,-,-
2022-02-11T01:45:00,3.801,-,-
2022-02-11T01:30:00,3.799,-,-
2022-02-11T01:15:00,3.799,-,-
2022-02-11T01:00:00,3.798,-,-
2022-02-11T00:45:00,3.797,-,-
2022-02-11T00:30:00,3.796,-,-
2022-02-11T00:15:00,3.795,-,-
2022-02-11T00:00:00,3.795,-,-
2022-02-10T23:45:00,3.794,-,-
2022-02-10T23:30:00,3.794,-,-
2022-02-10T23:15:00,3.793,-,-
2022-02-10T23:00:00,3.791,-,-
2022-02-10T22:45:00,3.791,-,-
2022-02-10T22:30:00,3.790,-,-
2022-02-10T22:15:00,3.790,-,-
2022-02-10T22:00:00,3.790,-,-
2022-02-10T21:45:00,3.790,-,-
2022-02-10T21:30:00,3.791,-,-
2022-02-10T21:15:00,3.791,-,-
2022-02-10T21:00:00,3.791,-,-
2022-02-10T20:45:00,3.791,-,-
2022-02-10T20:30:00,3.791,-,-
2022-02-10T20:15:00,3.792,-,-
2022-02-10T20:00:00,3.793,-,-
2022-02-10T19:45:00,3.794,-,-
2022-02-10T19:30:00,3.794,-,-
2022-02-10T19:15:00,3.794,-,-
2022-02-10T19:00:00,3.794,-,-
2022-02-10T18:45:00,3.796,-,-
2022-02-10T18:30:00,3.798,-,-
2022-02-10T18:15:00,3.797,-,-
2022-02-10T18:00:00,3.798,-,-
2022-02-10T17:45:00,3.798,-,-
2022-02-10T17:30:00,3.799,-,-
2022-02-10T17:15:00,3.799,-,-
2022-02-10T17:00:00,3.799,-,-
2022-02-10T16:45:00,3.798,-,-
2022-02-10T16:30:00,3.798,-,-
2022-02-10T16:15:00,3.799,-,-
2022-02-10T16:00:00,3.799,-,-
2022-02-10T15:45:00,3.799,-,-
2022-02-10T15:30:00,3.800,-,-
2022-02-10T15:15:00,3.802,-,-
2022-02-10T15:00:00,3.803,-,-
2022-02-10T14:45:00,3.803,-,-
2022-02-10T14:30:00,3.803,-,-
2022-02-10T14:15:00,3.804,-,-
2022-02-10T14:00:00,3.804,-,-
2022-02-10T13:45:00,3.805,-,-
2022-02-10T13:30:00,3.806,-,-
2022-02-10T13:15:00,3.808,-,-
2022-02-10T13:00:00,3.809,-,-
2022-02-10T12:45:00,3.809,-,-
2022-02-10T12:30:00,3.811,-,-
2022-02-10T12:15:00,3.812,-,-
2022-02-10T12:00:00,3.813,-,-
2022-02-10T11:45:00,3.813,-,-
2022-02-10T11:30:00,3.813,-,-
2022-02-10T11:15:00,3.814,-,-
2022-02-10T11:00:00,3.813,-,-
2022-02-10T10:45:00,3.813,-,-
2022-02-10T10:30:00,3.813,-,-
2022-02-10T10:15:00,3.813,-,-
2022-02-10T10:00:00,3.813,-,-
2022-02-10T09:45:00,3.813,-,-
2022-02-10T09:30:00,3.813,-,-
2022-02-10T09:15:00,3.813,-,-
2022-02-10T09:00:00,3.813,-,-
2022-02-10T08:45:00,3.814,-,-
2022-02-10T08:30:00,3.814,-,-
2022-02-10T08:15:00,3.814,-,-
2022-02-10T08:00:00,3.814,-,-
2022-02-10T07:45:00,3.815,-,-
2022-02-10T07:30:00,3.815,-,-
2022-02-10T07:15:00,3.816,-,-
2022-02-10T07:00:00,3.816,-,-
2022-02-10T06:45:00,3.816,-,-
2022-02-10T06:30:00,3.815,-,-
2022-02-10T06:15:00,3.815,-,-
2022-02-10T06:00:00,3.816,-,-
2022-02-10T05:45:00,3.816,-,-
2022-02-10T05:30:00,3.816,-,-
2022-02-10T05:15:00,3.816,-,-
2022-02-10T05:00:00,3.817,-,-
2022-02-10T04:45:00,3.817,-,-
2022-02-10T04:30:00,3.817,-,-
2022-02-10T04:15:00,3.817,-,-
2022-02-10T04:00:00,3.817,-,-
2022-02-10T03:45:00,3.817,-,-
2022-02-10T03:30:00,3.817,-,-
2022-02-10T03:15:00,3.817,-,-
2022-02-10T03:00:00,3.817,-,-
2022-02-10T02:45:00,3.817,-,-
2022-02-10T02:30:00,3.817,-,-
2022-02-10T02:15:00,3.817,-,-
2022-02-10T02:00:00,3.817,-,-
2022-02-10T01:45:00,3.818,-,-
2022-02-10T01:30:00,3.818,-,-
2022-02-10T01:15:00,3.818,-,-
2022-02-10T01:00:00,3.818,-,-
2022-02-10T00:45:00,3.818,-,-
2022-02-10T00:30:00,3.818,-,-
2022-02-10T00:15:00,3.819,-,-
2022-02-10T00:00:00,3.818,-,-
2022-02-09T23:45:00,3.819,-,-
2022-02-09T23:30:00,3.819,-,-
2022-02-09T23:15:00,3.819,-,-
2022-02-09T23:00:00,3.819,-,-
2022-02-09T22:45:00,3.818,-,-
2022-02-09T22:30:00,3.819,-,-
2022-02-09T22:15:00,3.819,-,-
2022-02-09T22:00:00,3.819,-,-
2022-02-09T21:45:00,3.820,-,-
2022-02-09T21:30:00,3.820,-,-
2022-02-09T21:15:00,3.820,-,-
2022-02-09T21:00:00,3.821,-,-
2022-02-09T20:45:00,3.820,-,-
2022-02-09T20:30:00,3.820,-,-
2022-02-09T20:15:00,3.822,-,-
2022-02-09T20:00:00,3.822,-,-
2022-02-09T19:45:00,3.822,-,-
2022-02-09T19:30:00,3.822,-,-
2022-02-09T19:15:00,3.824,-,-
2022-02-09T19:00:00,3.824,-,-
2022-02-09T18:45:00,3.824,-,-
2022-02-09T18:30:00,3.825,-,-
2022-02-09T18:15:00,3.827,-,-
2022-02-09T18:00:00,3.827,-,-
2022-02-09T17:45:00,3.828,-,-
2022-02-09T17:30:00,3.829,-,-
2022-02-09T17:15:00,3.830,-,-
2022-02-09T17:00:00,3.831,-,-
2022-02-09T16:45:00,3.831,-,-
2022-02-09T16:30:00,3.829,-,-
2022-02-09T16:15:00,3.831,-,-
2022-02-09T16:00:00,3.830,-,-
2022-02-09T15:45:00,3.831,-,-
2022-02-09T15:30:00,3.832,-,-
2022-02-09T15:15:00,3.832,-,-
2022-02-09T15:00:00,3.833,-,-
2022-02-09T14:45:00,3.833,-,-
2022-02-09T14:30:00,3.834,-,-
2022-02-09T14:15:00,3.835,-,-
2022-02-09T14:00:00,3.836,-,-
2022-02-09T13:45:00,3.837,-,-
2022-02-09T13:30:00,3.839,-,-
2022-02-09T13:15:00,3.840,-,-
2022-02-09T13:00:00,3.841,-,-
2022-02-09T12:45:00,3.842,-,-
2022-02-09T12:30:00,3.842,-,-
2022-02-09T12:15:00,3.843,-,-
2022-02-09T12:00:00,3.844,-,-
2022-02-09T11:45:00,3.845,-,-
2022-02-09T11:30:00,3.845,-,-
2022-02-09T11:15:00,3.846,-,-
2022-02-09T11:00:00,3.847,-,-
2022-02-09T10:45:00,3.847,-,-
2022-02-09T10:30:00,3.849,-,-
2022-02-09T10:15:00,3.850,-,-
2022-02-09T10:00:00,3.851,-,-
2022-02-09T09:45:00,3.852,-,-
2022-02-09T09:30:00,3.852,-,-
2022-02-09T09:15:00,3.853,-,-
2022-02-09T09:00:00,3.854,-,-
2022-02-09T08:45:00,3.855,-,-
2022-02-09T08:30:00,3.856,-,-
2022-02-09T08:15:00,3.857,-,-
2022-02-09T08:00:00,3.857,-,-
2022-02-09T07:45:00,3.858,-,-
2022-02-09T07:30:00,3.859,-,-
2022-02-09T07:15:00,3.859,-,-
2022-02-09T07:00:00,3.860,-,-
2022-02-09T06:45:00,3.860,-,-
2022-02-09T06:30:00,3.861,-,-
2022-02-09T06:15:00,3.867,-,-
2022-02-09T06:00:00,3.867,-,-
2022-02-09T05:45:00,3.864,-,-
2022-02-09T05:30:00,3.865,-,-
2022-02-09T05:15:00,3.865,-,-
2022-02-09T05:00:00,3.866,-,-
2022-02-09T04:45:00,3.867,-,-
2022-02-09T04:30:00,3.867,-,-
2022-02-09T04:15:00,3.868,-,-
2022-02-09T04:00:00,3.867,-,-
2022-02-09T03:45:00,3.868,-,-
2022-02-09T03:30:00,3.868,-,-
2022-02-09T03:15:00,3.868,-,-
2022-02-09T03:00:00,3.868,-,-
2022-02-09T02:45:00,3.869,-,-
2022-02-09T02:30:00,3.869,-,-
2022-02-09T02:15:00,3.869,-,-
2022-02-09T02:00:00,3.869,-,-
2022-02-09T01:45:00,3.869,-,-
2022-02-09T01:30:00,3.869,-,-
2022-02-09T01:15:00,3.869,-,-
2022-02-09T01:00:00,3.868,-,-
2022-02-09T00:45:00,3.868,-,-
2022-02-09T00:30:00,3.867,-,-
2022-02-09T00:15:00,3.865,-,-
2022-02-09T00:00:00,3.863,-,-
2022-02-08T23:45:00,3.859,-,-
2022-02-08T23:30:00,3.855,-,-
2022-02-08T23:15:00,3.850,-,-
2022-02-08T23:00:00,3.842,-,-
2022-02-08T22:45:00,3.833,-,-
2022-02-08T22:30:00,3.825,-,-
2022-02-08T22:15:00,3.818,-,-
2022-02-08T22:00:00,3.814,-,-
2022-02-08T21:45:00,3.813,-,-
2022-02-08T21:30:00,3.815,-,-
2022-02-08T21:15:00,3.819,-,-
2022-02-08T21:00:00,3.823,-,-
2022-02-08T20:45:00,3.829,-,-
2022-02-08T20:30:00,3.836,-,-
2022-02-08T20:15:00,3.843,-,-
2022-02-08T20:00:00,3.852,-,-
2022-02-08T19:45:00,3.862,-,-
2022-02-08T19:30:00,3.874,-,-
2022-02-08T19:15:00,3.887,-,-
2022-02-08T19:00:00,3.899,-,-
2022-02-08T18:45:00,3.911,-,-
2022-02-08T18:30:00,3.923,-,-
2022-02-08T18:15:00,3.936,-,-
2022-02-08T18:00:00,3.946,-,-
2022-02-08T17:45:00,3.953,-,-
2022-02-08T17:30:00,3.957,-,-
2022-02-08T17:15:00,3.961,-,-
2022-02-08T17:00:00,3.962,-,-
2022-02-08T16:45:00,3.963,-,-
2022-02-08T16:30:00,3.964,-,-
2022-02-08T16:15:00,3.965,-,-
2022-02-08T16:00:00,3.966,-,-
2022-02-08T15:45:00,3.967,-,-
2022-02-08T15:30:00,3.969,-,-
2022-02-08T15:15:00,3.970,-,-
2022-02-08T15:00:00,3.971,-,-
2022-02-08T14:45:00,3.973,-,-
2022-02-08T14:30:00,3.974,-,-
2022-02-08T14:15:00,3.976,-,-
2022-02-08T14:00:00,3.979,-,-
2022-02-08T13:45:00,3.982,-,-
2022-02-08T13:30:00,3.986,-,-
2022-02-08T13:15:00,3.992,-,-
2022-02-08T13:00:00,3.999,-,-
2022-02-08T12:45:00,4.007,-,-
2022-02-08T12:30:00,4.017,-,-
2022-02-08T12:15:00,4.029,-,-
2022-02-08T12:00:00,4.044,-,-
2022-02-08T11:45:00,4.060,-,-
2022-02-08T11:30:00,4.080,-,-
2022-02-08T11:15:00,4.102,-,-
2022-02-08T11:00:00,4.127,-,-
2022-02-08T10:45:00,4.153,-,-
2022-02-08T10:30:00,4.180,-,-
2022-02-08T10:15:00,4.209,-,-
2022-02-08T10:00:00,4.237,-,-
2022-02-08T09:45:00,4.265,-,-
2022-02-08T09:30:00,4.289,-,-
2022-02-08T09:15:00,4.308,-,-
2022-02-08T09:00:00,4.322,-,-
2022-02-08T08:45:00,4.329,-,-
2022-02-08T08:30:00,4.332,-,-
2022-02-08T08:15:00,4.333,-,-
2022-02-08T08:00:00,4.332,-,-
2022-02-08T07:45:00,4.331,-,-
2022-02-08T07:30:00,4.330,-,-
2022-02-08T07:15:00,4.331,-,-
2022-02-08T07:00:00,4.331,-,-
2022-02-08T06:45:00,4.332,-,-
2022-02-08T06:30:00,4.332,-,-
2022-02-08T06:15:00,4.333,-,-
2022-02-08T06:00:00,4.333,-,-
2022-02-08T05:45:00,4.333,-,-
2022-02-08T05:30:00,4.334,-,-
2022-02-08T05:15:00,4.335,-,-
2022-02-08T05:00:00,4.336,-,-
2022-02-08T04:45:00,4.336,-,-
2022-02-08T04:30:00,4.336,-,-
2022-02-08T04:15:00,4.341,-,-
2022-02-08T04:00:00,4.337,-,-
2022-02-08T03:45:00,4.339,-,-
2022-02-08T03:30:00,4.337,-,-
2022-02-08T03:15:00,4.339,-,-
2022-02-08T03:00:00,4.339,-,-
2022-02-08T02:45:00,4.339,-,-
2022-02-08T02:30:00,4.340,-,-
2022-02-08T02:15:00,4.341,-,-
2022-02-08T02:00:00,4.342,-,-
2022-02-08T01:45:00,4.343,-,-
2022-02-08T01:30:00,4.341,-,-
2022-02-08T01:15:00,4.344,-,-
2022-02-08T01:00:00,4.344,-,-
2022-02-08T00:45:00,4.344,-,-
2022-02-08T00:30:00,4.344,-,-
2022-02-08T00:15:00,4.342,-,-
2022-02-08T00:00:00,4.345,-,-
2022-02-07T23:45:00,4.346,-,-
2022-02-07T23:30:00,4.346,-,-
2022-02-07T23:15:00,4.347,-,-
2022-02-07T23:00:00,4.348,-,-
2022-02-07T22:45:00,4.348,-,-
2022-02-07T22:30:00,4.350,-,-
2022-02-07T22:15:00,4.349,-,-
2022-02-07T22:00:00,4.351,-,-
2022-02-07T21:45:00,4.351,-,-
2022-02-07T21:30:00,4.351,-,-
2022-02-07T21:15:00,4.353,-,-
2022-02-07T21:00:00,4.353,-,-
2022-02-07T20:45:00,4.354,-,-
2022-02-07T20:30:00,4.354,-,-
2022-02-07T20:15:00,4.356,-,-
2022-02-07T20:00:00,4.357,-,-
2022-02-07T19:45:00,4.357,-,-
2022-02-07T19:30:00,4.359,-,-
2022-02-07T19:15:00,4.360,-,-
2022-02-07T19:00:00,4.360,-,-
2022-02-07T18:45:00,4.362,-,-
2022-02-07T18:30:00,4.362,-,-
2022-02-07T18:15:00,4.363,-,-
2022-02-07T18:00:00,4.363,-,-
2022-02-07T17:45:00,4.365,-,-
2022-02-07T17:30:00,4.366,-,-
2022-02-07T17:15:00,4.368,-,-
2022-02-07T17:00:00,4.369,-,-
2022-02-07T16:45:00,4.370,-,-
2022-02-07T16:30:00,4.372,-,-
2022-02-07T16:15:00,4.373,-,-
2022-02-07T16:00:00,4.375,-,-
2022-02-07T15:45:00,4.377,-,-
2022-02-07T15:30:00,4.378,-,-
2022-02-07T15:15:00,4.379,-,-
2022-02-07T15:00:00,4.381,-,-
2022-02-07T14:45:00,4.383,-,-
2022-02-07T14:30:00,4.384,-,-
2022-02-07T14:15:00,4.387,-,-
2022-02-07T14:00:00,4.389,-,-
2022-02-07T13:45:00,4.392,-,-
2022-02-07T13:30:00,4.395,-,-
2022-02-07T13:15:00,4.397,-,-
2022-02-07T13:00:00,4.399,-,-
2022-02-07T12:45:00,4.402,-,-
2022-02-07T12:30:00,4.405,-,-
2022-02-07T12:15:00,4.408,-,-
2022-02-07T12:00:00,4.411,-,-
2022-02-07T11:45:00,4.414,-,-
2022-02-07T11:30:00,4.415,-,-
2022-02-07T11:15:00,4.416,-,-
2022-02-07T11:00:00,4.418,-,-
2022-02-07T10:45:00,4.418,-,-
2022-02-07T10:30:00,4.417,-,-
2022-02-07T10:15:00,4.418,-,-
2022-02-07T10:00:00,4.417,-,-
2022-02-07T09:45:00,4.418,-,-
2022-02-07T09:30:00,4.417,-,-
2022-02-07T09:15:00,4.419,-,-
2022-02-07T09:00:00,4.419,-,-
2022-02-07T08:45:00,4.421,-,-
2022-02-07T08:30:00,4.422,-,-
2022-02-07T08:15:00,4.422,-,-
2022-02-07T08:00:00,4.424,-,-
2022-02-07T07:45:00,4.429,-,-
2022-02-07T07:30:00,4.431,-,-
2022-02-07T07:15:00,4.429,-,-
2022-02-07T07:00:00,4.428,-,-
2022-02-07T06:45:00,4.425,-,-
2022-02-07T06:30:00,4.423,-,-
2022-02-07T06:15:00,4.421,-,-
2022-02-07T06:00:00,4.419,-,-
2022-02-07T05:45:00,4.416,-,-
2022-02-07T05:30:00,4.414,-,-
2022-02-07T05:15:00,4.414,-,-
2022-02-07T05:00:00,4.414,-,-
2022-02-07T04:45:00,4.414,-,-
2022-02-07T04:30:00,4.414,-,-
2022-02-07T04:15:00,4.414,-,-
2022-02-07T04:00:00,4.415,-,-
2022-02-07T03:45:00,4.415,-,-
2022-02-07T03:30:00,4.415,-,-
2022-02-07T03:15:00,4.415,-,-
2022-02-07T03:00:00,4.416,-,-
2022-02-07T02:45:00,4.415,-,-
2022-02-07T02:30:00,4.417,-,-
2022-02-07T02:15:00,4.416,-,-
2022-02-07T02:00:00,4.416,-,-
2022-02-07T01:45:00,4.416,-,-
2022-02-07T01:30:00,4.416,-,-
2022-02-07T01:15:00,4.415,-,-
2022-02-07T01:00:00,4.417,-,-
2022-02-07T00:45:00,4.417,-,-
2022-02-07T00:30:00,4.417,-,-
2022-02-07T00:15:00,4.416,-,-
2022-02-07T00:00:00,4.417,-,-
2022-02-06T23:45:00,4.418,-,-
2022-02-06T23:30:00,4.417,-,-
2022-02-06T23:15:00,4.418,-,-
2022-02-06T23:00:00,4.419,-,-
2022-02-06T22:45:00,4.420,-,-
2022-02-06T22:30:00,4.420,-,-
2022-02-06T22:15:00,4.421,-,-
2022-02-06T22:00:00,4.422,-,-
2022-02-06T21:45:00,4.423,-,-
2022-02-06T21:30:00,4.424,-,-
2022-02-06T21:15:00,4.423,-,-
2022-02-06T21:00:00,4.424,-,-
2022-02-06T20:45:00,4.425,-,-
2022-02-06T20:30:00,4.426,-,-
2022-02-06T20:15:00,4.425,-,-
2022-02-06T20:00:00,4.426,-,-
2022-02-06T19:45:00,4.427,-,-
2022-02-06T19:30:00,4.428,-,-
2022-02-06T19:15:00,4.428,-,-
2022-02-06T19:00:00,4.429,-,-
2022-02-06T18:45:00,4.430,-,-
2022-02-06T18:30:00,4.431,-,-
2022-02-06T18:15:00,4.432,-,-
2022-02-06T18:00:00,4.432,-,-
2022-02-06T17:45:00,4.435,-,-
2022-02-06T17:30:00,4.436,-,-
2022-02-06T17:15:00,4.437,-,-
2022-02-06T17:00:00,4.439,-,-
2022-02-06T16:45:00,4.439,-,-
2022-02-06T16:30:00,4.439,-,-
2022-02-06T16:15:00,4.440,-,-
2022-02-06T16:00:00,4.440,-,-
2022-02-06T15:45:00,4.440,-,-
2022-02-06T15:30:00,4.442,-,-
2022-02-06T15:15:00,4.443,-,-
2022-02-06T15:00:00,4.444,-,-
2022-02-06T14:45:00,4.446,-,-
2022-02-06T14:30:00,4.447,-,-
2022-02-06T14:15:00,4.448,-,-
2022-02-06T14:00:00,4.447,-,-
2022-02-06T13:45:00,4.448,-,-
2022-02-06T13:30:00,4.449,-,-
2022-02-06T13:15:00,4.450,-,-
2022-02-06T13:00:00,4.451,-,-
2022-02-06T12:45:00,4.451,-,-
2022-02-06T12:30:00,4.453,-,-
2022-02-06T12:15:00,4.453,-,-
2022-02-06T12:00:00,4.455,-,-
2022-02-06T11:45:00,4.456,-,-
2022-02-06T11:30:00,4.458,-,-
2022-02-06T11:15:00,4.458,-,-
2022-02-06T11:00:00,4.460,-,-
2022-02-06T10:45:00,4.460,-,-
2022-02-06T10:30:00,4.461,-,-
2022-02-06T10:15:00,4.462,-,-
2022-02-06T10:00:00,4.463,-,-
2022-02-06T09:45:00,4.464,-,-
2022-02-06T09:30:00,4.466,-,-
2022-02-06T09:15:00,4.467,-,-
2022-02-06T09:00:00,4.469,-,-
2022-02-06T08:45:00,4.470,-,-
2022-02-06T08:30:00,4.471,-,-
2022-02-06T08:15:00,4.472,-,-
2022-02-06T08:00:00,4.474,-,-
2022-02-06T07:45:00,4.475,-,-
2022-02-06T07:30:00,4.475,-,-
2022-02-06T07:15:00,4.476,-,-
2022-02-06T07:00:00,4.476,-,-
2022-02-06T06:45:00,4.475,-,-
2022-02-06T06:30:00,4.475,-,-
2022-02-06T06:15:00,4.475,-,-
2022-02-06T06:00:00,4.475,-,-
2022-02-06T05:45:00,4.475,-,-
2022-02-06T05:30:00,4.475,-,-
2022-02-06T05:15:00,4.474,-,-
2022-02-06T05:00:00,4.475,-,-
2022-02-06T04:45:00,4.476,-,-
2022-02-06T04:30:00,4.475,-,-
2022-02-06T04:15:00,4.475,-,-
2022-02-06T04:00:00,4.475,-,-
2022-02-06T03:45:00,4.474,-,-
2022-02-06T03:30:00,4.475,-,-
2022-02-06T03:15:00,4.475,-,-
2022-02-06T03:00:00,4.474,-,-
2022-02-06T02:45:00,4.475,-,-
2022-02-06T02:30:00,4.475,-,-
2022-02-06T02:15:00,4.473,-,-
2022-02-06T02:00:00,4.474,-,-
2022-02-06T01:45:00,4.475,-,-
2022-02-06T01:30:00,4.474,-,-
2022-02-06T01:15:00,4.474,-,-
2022-02-06T01:00:00,4.475,-,-
2022-02-06T00:45:00,4.475,-,-
2022-02-06T00:30:00,4.474,-,-
2022-02-06T00:15:00,4.474,-,-
2022-02-06T00:00:00,4.474,-,-
2022-02-05T23:45:00,4.473,-,-
2022-02-05T23:30:00,4.473,-,-
2022-02-05T23:15:00,4.474,-,-
2022-02-05T23:00:00,4.474,-,-
2022-02-05T22:45:00,4.473,-,-
2022-02-05T22:30:00,4.473,-,-
2022-02-05T22:15:00,4.473,-,-
2022-02-05T22:00:00,4.472,-,-
2022-02-05T21:45:00,4.473,-,-
2022-02-05T21:30:00,4.473,-,-
2022-02-05T21:15:00,4.472,-,-
2022-02-05T21:00:00,4.472,-,-
2022-02-05T20:45:00,4.472,-,-
2022-02-05T20:30:00,4.472,-,-
2022-02-05T20:15:00,4.472,-,-
2022-02-05T20:00:00,4.473,-,-
2022-02-05T19:45:00,4.472,-,-
2022-02-05T19:30:00,4.473,-,-
2022-02-05T19:15:00,4.471,-,-
2022-02-05T19:00:00,4.470,-,-
2022-02-05T18:45:00,4.470,-,-
2022-02-05T18:30:00,4.470,-,-
2022-02-05T18:15:00,4.469,-,-
2022-02-05T18:00:00,4.469,-,-
2022-02-05T17:45:00,4.468,-,-
2022-02-05T17:30:00,4.469,-,-
2022-02-05T17:15:00,4.469,-,-
2022-02-05T17:00:00,4.470,-,-
2022-02-05T16:45:00,4.470,-,-
2022-02-05T16:30:00,4.469,-,-
2022-02-05T16:15:00,4.468,-,-
2022-02-05T16:00:00,4.469,-,-
2022-02-05T15:45:00,4.469,-,-
2022-02-05T15:30:00,4.469,-,-
2022-02-05T15:15:00,4.469,-,-
2022-02-05T15:00:00,4.469,-,-
2022-02-05T14:45:00,4.468,-,-
2022-02-05T14:30:00,4.466,-,-
2022-02-05T14:15:00,4.465,-,-
2022-02-05T14:00:00,4.464,-,-
2022-02-05T13:45:00,4.462,-,-
2022-02-05T13:30:00,4.459,-,-
2022-02-05T13:15:00,4.457,-,-
2022-02-05T13:00:00,4.456,-,-
2022-02-05T12:45:00,4.455,-,-
2022-02-05T12:30:00,4.454,-,-
2022-02-05T12:15:00,4.452,-,-
2022-02-05T12:00:00,4.451,-,-
2022-02-05T11:45:00,4.449,-,-
2022-02-05T11:30:00,4.448,-,-
2022-02-05T11:15:00,4.446,-,-
2022-02-05T11:00:00,4.445,-,-
2022-02-05T10:45:00,4.444,-,-
2022-02-05T10:30:00,4.444,-,-
2022-02-05T10:15:00,4.442,-,-
2022-02-05T10:00:00,4.443,-,-
2022-02-05T09:45:00,4.443,-,-
2022-02-05T09:30:00,4.440,-,-
2022-02-05T09:15:00,4.439,-,-
2022-02-05T09:00:00,4.437,-,-
2022-02-05T08:45:00,4.434,-,-
2022-02-05T08:30:00,4.435,-,-
2022-02-05T08:15:00,4.433,-,-
2022-02-05T08:00:00,4.433,-,-
2022-02-05T07:45:00,4.432,-,-
2022-02-05T07:30:00,4.429,-,-
2022-02-05T07:15:00,4.427,-,-
2022-02-05T07:00:00,4.422,-,-
2022-02-05T06:45:00,4.418,-,-
2022-02-05T06:30:00,4.417,-,-
2022-02-05T06:15:00,4.416,-,-
2022-02-05T06:00:00,4.413,-,-
2022-02-05T05:45:00,4.411,-,-
2022-02-05T05:30:00,4.409,-,-
2022-02-05T05:15:00,4.407,-,-
2022-02-05T05:00:00,4.406,-,-
2022-02-05T04:45:00,4.405,-,-
2022-02-05T04:30:00,4.402,-,-
2022-02-05T04:15:00,4.402,-,-
2022-02-05T04:00:00,4.399,-,-
2022-02-05T03:45:00,4.397,-,-
2022-02-05T03:30:00,4.395,-,-
2022-02-05T03:15:00,4.395,-,-
2022-02-05T03:00:00,4.392,-,-
2022-02-05T02:45:00,4.391,-,-
2022-02-05T02:30:00,4.389,-,-
2022-02-05T02:15:00,4.387,-,-
2022-02-05T02:00:00,4.385,-,-
2022-02-05T01:45:00,4.383,-,-
2022-02-05T01:30:00,4.381,-,-
2022-02-05T01:15:00,4.379,-,-
2022-02-05T01:00:00,4.378,-,-
2022-02-05T00:45:00,4.375,-,-
2022-02-05T00:30:00,4.373,-,-
2022-02-05T00:15:00,4.372,-,-
2022-02-05T00:00:00,4.370,-,-
2022-02-18T23:45:00,4.437,-,-
2022-02-18T23:30:00,4.436,-,-
2022-02-18T23:15:00,4.435,-,-
2022-02-18T23:00:00,4.433,-,-
2022-02-18T22:45:00,4.432,-,-
2022-02-18T22:30:00,4.430,-,-
2022-02-18T22:15:00,4.428,-,-
2022-02-18T22:00:00,4.427,-,-
2022-02-18T21:45:00,4.425,-,-
2022-02-18T21:30:00,4.423,-,-
2022-02-18T21:15:00,4.422,-,-
2022-02-18T21:00:00,4.421,-,-
2022-02-18T20:45:00,4.418,-,-
2022-02-18T20:30:00,4.415,-,-
2022-02-18T20:15:00,4.415,-,-
2022-02-18T20:00:00,4.413,-,-
2022-02-18T19:45:00,4.411,-,-
2022-02-18T19:30:00,4.410,-,-
2022-02-18T19:15:00,4.408,-,-
2022-02-18T19:00:00,4.407,-,-
2022-02-18T18:45:00,4.405,-,-
2022-02-18T18:30:00,4.403,-,-
2022-02-18T18:15:00,4.402,-,-
2022-02-18T18:00:00,4.401,-,-
2022-02-18T17:45:00,4.399,-,-
2022-02-18T17:30:00,4.397,-,-
2022-02-18T17:15:00,4.396,-,-
2022-02-18T17:00:00,4.394,-,-
2022-02-18T16:45:00,4.391,-,-
2022-02-18T16:30:00,4.390,-,-
2022-02-18T16:15:00,4.389,-,-
2022-02-18T16:00:00,4.386,-,-
2022-02-18T15:45:00,4.383,-,-
2022-02-18T15:30:00,4.380,-,-
2022-02-18T15:15:00,4.378,-,-
2022-02-18T15:00:00,4.376,-,-
2022-02-18T14:45:00,4.370,-,-
2022-02-18T14:30:00,4.370,-,-
2022-02-18T14:15:00,4.367,-,-
2022-02-18T14:00:00,4.365,-,-
2022-02-18T13:45:00,4.361,-,-
2022-02-18T13:30:00,4.358,-,-
2022-02-18T13:15:00,4.355,-,-
2022-02-18T13:00:00,4.349,-,-
2022-02-18T12:45:00,4.347,-,-
2022-02-18T12:30:00,4.341,-,-
2022-02-18T12:15:00,4.333,-,-
2022-02-18T12:00:00,4.323,-,-
2022-02-18T11:45:00,4.311,-,-
2022-02-18T11:30:00,4.292,-,-
2022-02-18T11:15:00,4.269,-,-
2022-02-18T11:00:00,4.237,-,-
2022-02-18T10:45:00,4.194,-,-
2022-02-18T10:30:00,4.141,-,-
2022-02-18T10:15:00,4.075,-,-
2022-02-18T10:00:00,4.011,-,-
2022-02-18T09:45:00,3.970,-,-
2022-02-18T09:30:00,3.956,-,-
2022-02-18T09:15:00,3.954,-,-
2022-02-18T09:00:00,3.955,-,-
2022-02-18T08:45:00,3.956,-,-
2022-02-18T08:30:00,3.957,-,-
2022-02-18T08:15:00,3.957,-,-
2022-02-18T08:00:00,3.958,-,-
2022-02-18T07:45:00,3.958,-,-
2022-02-18T07:30:00,3.959,-,-
2022-02-18T07:15:00,3.960,-,-
2022-02-18T07:00:00,3.961,-,-
2022-02-18T06:45:00,3.963,-,-
2022-02-18T06:30:00,3.963,-,-
2022-02-18T06:15:00,3.964,-,-
2022-02-18T06:00:00,3.965,-,-
2022-02-18T05:45:00,3.966,-,-
2022-02-18T05:30:00,3.967,-,-
2022-02-18T05:15:00,3.968,-,-
2022-02-18T05:00:00,3.969,-,-
2022-02-18T04:45:00,3.970,-,-
2022-02-18T04:30:00,3.970,-,-
2022-02-18T04:15:00,3.971,-,-
2022-02-18T04:00:00,3.972,-,-
2022-02-18T03:45:00,3.973,-,-
2022-02-18T03:30:00,3.975,-,-
2022-02-18T03:15:00,3.976,-,-
2022-02-18T03:00:00,3.977,-,-
2022-02-18T02:45:00,3.979,-,-
2022-02-18T02:30:00,3.979,-,-
2022-02-18T02:15:00,3.981,-,-
2022-02-18T02:00:00,3.981,-,-
2022-02-18T01:45:00,3.982,-,-
2022-02-18T01:30:00,3.984,-,-
2022-02-18T01:15:00,3.985,-,-
2022-02-18T01:00:00,3.987,-,-
2022-02-18T00:45:00,3.988,-,-
2022-02-18T00:30:00,3.989,-,-
2022-02-18T00:15:00,3.991,-,-
2022-02-18T00:00:00,3.992,-,-
2022-02-17T23:45:00,3.994,-,-
2022-02-17T23:30:00,3.995,-,-
2022-02-17T23:15:00,3.996,-,-
2022-02-17T23:00:00,3.998,-,-
2022-02-17T22:45:00,3.999,-,-
2022-02-17T22:30:00,4.000,-,-
2022-02-17T22:15:00,4.002,-,-
2022-02-17T22:00:00,4.003,-,-
2022-02-17T21:45:00,4.004,-,-
2022-02-17T21:30:00,4.004,-,-
2022-02-17T21:15:00,4.006,-,-
2022-02-17T21:00:00,4.006,-,-
2022-02-17T20:45:00,4.007,-,-
2022-02-17T20:30:00,4.008,-,-
2022-02-17T20:15:00,4.010,-,-
2022-02-17T20:00:00,4.011,-,-
2022-02-17T19:45:00,4.012,-,-
2022-02-17T19:30:00,4.013,-,-
2022-02-17T19:15:00,4.012,-,-
2022-02-17T19:00:00,4.012,-,-
2022-02-17T18:45:00,4.012,-,-
2022-02-17T18:30:00,4.011,-,-
2022-02-17T18:15:00,4.012,-,-
2022-02-17T18:00:00,4.013,-,-
2022-02-17T17:45:00,4.013,-,-
2022-02-17T17:30:00,4.014,-,-
2022-02-17T17:15:00,4.019,-,-
2022-02-17T17:00:00,4.010,-,-
2022-02-17T16:45:00,4.009,-,-
2022-02-17T16:30:00,4.010,-,-
2022-02-17T16:15:00,4.011,-,-
2022-02-17T16:00:00,4.012,-,-
2022-02-17T15:45:00,4.013,-,-
2022-02-17T15:30:00,4.014,-,-
2022-02-17T15:15:00,4.015,-,-
2022-02-17T15:00:00,4.016,-,-
2022-02-17T14:45:00,4.016,-,-
2022-02-17T14:30:00,4.018,-,-
2022-02-17T14:15:00,4.018,-,-
2022-02-17T14:00:00,4.019,-,-
2022-02-17T13:45:00,4.020,-,-
2022-02-17T13:30:00,4.021,-,-
2022-02-17T13:15:00,4.022,-,-
2022-02-17T13:00:00,4.023,-,-
2022-02-17T12:45:00,4.024,-,-
2022-02-17T12:30:00,4.025,-,-
2022-02-17T12:15:00,4.026,-,-
2022-02-17T12:00:00,4.026,-,-
2022-02-17T11:45:00,4.027,-,-
2022-02-17T11:30:00,4.028,-,-
2022-02-17T11:15:00,4.029,-,-
2022-02-17T11:00:00,4.031,-,-
2022-02-17T10:45:00,4.033,-,-
2022-02-17T10:30:00,4.034,-,-
2022-02-17T10:15:00,4.036,-,-
2022-02-17T10:00:00,4.038,-,-
2022-02-17T09:45:00,4.039,-,-
2022-02-17T09:30:00,4.040,-,-
2022-02-17T09:15:00,4.041,-,-
2022-02-17T09:00:00,4.043,-,-
2022-02-17T08:45:00,4.044,-,-
2022-02-17T08:30:00,4.046,-,-
2022-02-17T08:15:00,4.047,-,-
2022-02-17T08:00:00,4.048,-,-
2022-02-17T07:45:00,4.050,-,-
2022-02-17T07:30:00,4.051,-,-
2022-02-17T07:15:00,4.053,-,-
2022-02-17T07:00:00,4.053,-,-
2022-02-17T06:45:00,4.055,-,-
2022-02-17T06:30:00,4.056,-,-
2022-02-17T06:15:00,4.057,-,-
2022-02-17T06:00:00,4.058,-,-
2022-02-17T05:45:00,4.059,-,-
2022-02-17T05:30:00,4.061,-,-
2022-02-17T05:15:00,4.062,-,-
2022-02-17T05:00:00,4.063,-,-
2022-02-17T04:45:00,4.064,-,-
2022-02-17T04:30:00,4.065,-,-
2022-02-17T04:15:00,4.066,-,-
2022-02-17T04:00:00,4.068,-,-
2022-02-17T03:45:00,4.070,-,-
2022-02-17T03:30:00,4.071,-,-
2022-02-17T03:15:00,4.073,-,-
2022-02-17T03:00:00,4.074,-,-
2022-02-17T02:45:00,4.077,-,-
2022-02-17T02:30:00,4.078,-,-
2022-02-17T02:15:00,4.079,-,-
2022-02-17T02:00:00,4.081,-,-
2022-02-17T01:45:00,4.082,-,-
2022-02-17T01:30:00,4.084,-,-
2022-02-17T01:15:00,4.085,-,-
2022-02-17T01:00:00,4.086,-,-
2022-02-17T00:45:00,4.087,-,-
2022-02-17T00:30:00,4.088,-,-
2022-02-17T00:15:00,4.089,-,-
2022-02-17T00:00:00,4.089,-,-
2022-02-16T23:45:00,4.090,-,-
2022-02-16T23:30:00,4.091,-,-
2022-02-16T23:15:00,4.092,-,-
2022-02-16T23:00:00,4.093,-,-
2022-02-16T22:45:00,4.093,-,-
2022-02-16T22:30:00,4.095,-,-
2022-02-16T22:15:00,4.096,-,-
2022-02-16T22:00:00,4.097,-,-
2022-02-16T21:45:00,4.099,-,-
2022-02-16T21:30:00,4.100,-,-
2022-02-16T21:15:00,4.101,-,-
2022-02-16T21:00:00,4.102,-,-
2022-02-16T20:45:00,4.104,-,-
2022-02-16T20:30:00,4.105,-,-
2022-02-16T20:15:00,4.106,-,-
2022-02-16T20:00:00,4.108,-,-
2022-02-16T19:45:00,4.109,-,-
2022-02-16T19:30:00,4.110,-,-
2022-02-16T19:15:00,4.111,-,-
2022-02-16T19:00:00,4.113,-,-
2022-02-16T18:45:00,4.114,-,-
2022-02-16T18:30:00,4.115,-,-
2022-02-16T18:15:00,4.117,-,-
2022-02-16T18:00:00,4.118,-,-
2022-02-16T17:45:00,4.119,-,-
2022-02-16T17:30:00,4.120,-,-
2022-02-16T17:15:00,4.122,-,-
2022-02-16T17:00:00,4.123,-,-
2022-02-16T16:45:00,4.125,-,-
2022-02-16T16:30:00,4.126,-,-
2022-02-16T16:15:00,4.127,-,-
2022-02-16T16:00:00,4.129,-,-
2022-02-16T15:45:00,4.130,-,-
2022-02-16T15:30:00,4.132,-,-
2022-02-16T15:15:00,4.134,-,-
2022-02-16T15:00:00,4.136,-,-
2022-02-16T14:45:00,4.137,-,-
2022-02-16T14:30:00,4.139,-,-
2022-02-16T14:15:00,4.140,-,-
2022-02-16T14:00:00,4.141,-,-
2022-02-16T13:45:00,4.142,-,-
2022-02-16T13:30:00,4.144,-,-
2022-02-16T13:15:00,4.146,-,-
2022-02-16T13:00:00,4.148,-,-
2022-02-16T12:45:00,4.149,-,-
2022-02-16T12:30:00,4.150,-,-
2022-02-16T12:15:00,4.152,-,-
2022-02-16T12:00:00,4.154,-,-
2022-02-16T11:45:00,4.156,-,-
2022-02-16T11:30:00,4.157,-,-
2022-02-16T11:15:00,4.159,-,-
2022-02-16T11:00:00,4.161,-,-
2022-02-16T10:45:00,4.163,-,-
2022-02-16T10:30:00,4.166,-,-
2022-02-16T10:15:00,4.169,-,-
2022-02-16T10:00:00,4.172,-,-
2022-02-16T09:45:00,4.175,-,-
2022-02-16T09:30:00,4.179,-,-
2022-02-16T09:15:00,4.182,-,-
2022-02-16T09:00:00,4.183,-,-
2022-02-16T08:45:00,4.184,-,-
2022-02-16T08:30:00,4.185,-,-
2022-02-16T08:15:00,4.186,-,-
2022-02-16T08:00:00,4.186,-,-
2022-02-16T07:45:00,4.186,-,-
2022-02-16T07:30:00,4.186,-,-
2022-02-16T07:15:00,4.186,-,-
2022-02-16T07:00:00,4.185,-,-
2022-02-16T06:45:00,4.185,-,-
2022-02-16T06:30:00,4.186,-,-
2022-02-16T06:15:00,4.187,-,-
2022-02-16T06:00:00,4.188,-,-
2022-02-16T05:45:00,4.189,-,-
2022-02-16T05:30:00,4.189,-,-
2022-02-16T05:15:00,4.191,-,-
2022-02-16T05:00:00,4.192,-,-
2022-02-16T04:45:00,4.193,-,-
2022-02-16T04:30:00,4.194,-,-
2022-02-16T04:15:00,4.195,-,-
2022-02-16T04:00:00,4.197,-,-
2022-02-16T03:45:00,4.198,-,-
2022-02-16T03:30:00,4.199,-,-
2022-02-16T03:15:00,4.200,-,-
2022-02-16T03:00:00,4.200,-,-
2022-02-16T02:45:00,4.201,-,-
2022-02-16T02:30:00,4.202,-,-
2022-02-16T02:15:00,4.203,-,-
2022-02-16T02:00:00,4.204,-,-
2022-02-16T01:45:00,4.206,-,-
2022-02-16T01:30:00,4.206,-,-
2022-02-16T01:15:00,4.207,-,-
2022-02-16T01:00:00,4.207,-,-
2022-02-16T00:45:00,4.209,-,-
2022-02-16T00:30:00,4.210,-,-
2022-02-16T00:15:00,4.211,-,-
2022-02-16T00:00:00,4.211,-,-
2022-02-15T23:45:00,4.212,-,-
2022-02-15T23:30:00,4.213,-,-
2022-02-15T23:15:00,4.213,-,-
2022-02-15T23:00:00,4.214,-,-
2022-02-15T22:45:00,4.215,-,-
2022-02-15T22:30:00,4.215,-,-
2022-02-15T22:15:00,4.215,-,-
2022-02-15T22:00:00,4.216,-,-
2022-02-15T21:45:00,4.217,-,-
2022-02-15T21:30:00,4.217,-,-
2022-02-15T21:15:00,4.217,-,-
2022-02-15T21:00:00,4.217,-,-
2022-02-15T20:45:00,4.217,-,-
2022-02-15T20:30:00,4.218,-,-
2022-02-15T20:15:00,4.218,-,-
2022-02-15T20:00:00,4.218,-,-
2022-02-15T19:45:00,4.219,-,-
2022-02-15T19:30:00,4.219,-,-
2022-02-15T19:15:00,4.219,-,-
2022-02-15T19:00:00,4.220,-,-
2022-02-15T18:45:00,4.221,-,-
2022-02-15T18:30:00,4.221,-,-
2022-02-15T18:15:00,4.222,-,-
2022-02-15T18:00:00,4.223,-,-
2022-02-15T17:45:00,4.223,-,-
2022-02-15T17:30:00,4.223,-,-
2022-02-15T17:15:00,4.224,-,-
2022-02-15T17:00:00,4.225,-,-
2022-02-15T16:45:00,4.225,-,-
2022-02-15T16:30:00,4.226,-,-
2022-02-15T16:15:00,4.227,-,-
2022-02-15T16:00:00,4.228,-,-
2022-02-15T15:45:00,4.229,-,-
2022-02-15T15:30:00,4.229,-,-
2022-02-15T15:15:00,4.229,-,-
2022-02-15T15:00:00,4.230,-,-
2022-02-15T14:45:00,4.231,-,-
2022-02-15T14:30:00,4.232,-,-
2022-02-15T14:15:00,4.233,-,-
2022-02-15T14:00:00,4.233,-,-
2022-02-15T13:45:00,4.234,-,-
2022-02-15T13:30:00,4.234,-,-
2022-02-15T13:15:00,4.235,-,-
2022-02-15T13:00:00,4.236,-,-
2022-02-15T12:45:00,4.237,-,-
2022-02-15T12:30:00,4.238,-,-
2022-02-15T12:15:00,4.241,-,-
2022-02-15T12:00:00,4.247,-,-
2022-02-15T11:45:00,4.255,-,-
2022-02-15T11:30:00,4.265,-,-
2022-02-15T11:15:00,4.278,-,-
2022-02-15T11:00:00,4.292,-,-
2022-02-15T10:45:00,4.309,-,-
2022-02-15T10:30:00,4.331,-,-
2022-02-15T10:15:00,4.356,-,-
2022-02-15T10:00:00,4.384,-,-
2022-02-15T09:45:00,4.410,-,-
2022-02-15T09:30:00,4.440,-,-
2022-02-15T09:15:00,4.468,-,-
2022-02-15T09:00:00,4.490,-,-
2022-02-15T08:45:00,4.508,-,-
2022-02-15T08:30:00,4.522,-,-
2022-02-15T08:15:00,4.527,-,-
2022-02-15T08:00:00,4.528,-,-
2022-02-15T07:45:00,4.528,-,-
2022-02-15T07:30:00,4.528,-,-
2022-02-15T07:15:00,4.527,-,-
2022-02-15T07:00:00,4.526,-,-
2022-02-15T06:45:00,4.525,-,-
2022-02-15T06:30:00,4.526,-,-
2022-02-15T06:15:00,4.526,-,-
2022-02-15T06:00:00,4.525,-,-
2022-02-15T05:45:00,4.526,-,-
2022-02-15T05:30:00,4.527,-,-
2022-02-15T05:15:00,4.526,-,-
2022-02-15T05:00:00,4.526,-,-
2022-02-15T04:45:00,4.526,-,-
2022-02-15T04:30:00,4.524,-,-
2022-02-15T04:15:00,4.523,-,-
2022-02-15T04:00:00,4.523,-,-
2022-02-15T03:45:00,4.521,-,-
2022-02-15T03:30:00,4.519,-,-
2022-02-15T03:15:00,4.517,-,-
2022-02-15T03:00:00,4.513,-,-
2022-02-15T02:45:00,4.510,-,-
2022-02-15T02:30:00,4.509,-,-
2022-02-15T02:15:00,4.505,-,-
2022-02-15T02:00:00,4.504,-,-
2022-02-15T01:45:00,4.506,-,-
2022-02-15T01:30:00,4.506,-,-
2022-02-15T01:15:00,4.510,-,-
2022-02-15T01:00:00,4.512,-,-
2022-02-15T00:45:00,4.515,-,-
2022-02-15T00:30:00,4.518,-,-
2022-02-15T00:15:00,4.519,-,-
2022-02-15T00:00:00,4.518,-,-
2022-02-14T23:45:00,4.515,-,-
2022-02-14T23:30:00,4.511,-,-
2022-02-14T23:15:00,4.506,-,-
2022-02-14T23:00:00,4.500,-,-
2022-02-14T22:45:00,4.495,-,-
2022-02-14T22:30:00,4.489,-,-
2022-02-14T22:15:00,4.485,-,-
2022-02-14T22:00:00,4.480,-,-
2022-02-14T21:45:00,4.475,-,-
2022-02-14T21:30:00,4.471,-,-
2022-02-14T21:15:00,4.467,-,-
2022-02-14T21:00:00,4.465,-,-
2022-02-14T20:45:00,4.457,-,-
2022-02-14T20:30:00,4.440,-,-
2022-02-14T20:15:00,4.440,-,-
2022-02-14T20:00:00,4.440,-,-
2022-02-14T19:45:00,4.440,-,-
2022-02-14T19:30:00,4.443,-,-
2022-02-14T19:15:00,4.444,-,-
2022-02-14T19:00:00,4.446,-,-
2022-02-14T18:45:00,4.447,-,-
2022-02-14T18:30:00,4.450,-,-
2022-02-14T18:15:00,4.450,-,-
2022-02-14T18:00:00,4.453,-,-
2022-02-14T17:45:00,4.455,-,-
2022-02-14T17:30:00,4.458,-,-
2022-02-14T17:15:00,4.462,-,-
2022-02-14T17:00:00,4.467,-,-
2022-02-14T16:45:00,4.471,-,-
2022-02-14T16:30:00,4.475,-,-
2022-02-14T16:15:00,4.479,-,-
2022-02-14T16:00:00,4.482,-,-
2022-02-14T15:45:00,4.483,-,-
2022-02-14T15:30:00,4.481,-,-
2022-02-14T15:15:00,4.475,-,-
2022-02-14T15:00:00,4.468,-,-
2022-02-14T14:45:00,4.460,-,-
2022-02-14T14:30:00,4.451,-,-
2022-02-14T14:15:00,4.446,-,-
2022-02-14T14:00:00,4.443,-,-
2022-02-14T13:45:00,4.441,-,-
2022-02-14T13:30:00,4.442,-,-
2022-02-14T13:15:00,4.444,-,-
2022-02-14T13:00:00,4.446,-,-
2022-02-14T12:45:00,4.447,-,-
2022-02-14T12:30:00,4.450,-,-
2022-02-14T12:15:00,4.454,-,-
2022-02-14T12:00:00,4.455,-,-
2022-02-14T11:45:00,4.458,-,-
2022-02-14T11:30:00,4.459,-,-
2022-02-14T11:15:00,4.461,-,-
2022-02-14T11:00:00,4.461,-,-
2022-02-14T10:45:00,4.462,-,-
2022-02-14T10:30:00,4.461,-,-
2022-02-14T10:15:00,4.460,-,-
2022-02-14T10:00:00,4.461,-,-
2022-02-14T09:45:00,4.460,-,-
2022-02-14T09:30:00,4.458,-,-
2022-02-14T09:15:00,4.457,-,-
2022-02-14T09:00:00,4.459,-,-
2022-02-14T08:45:00,4.460,-,-
2022-02-14T08:30:00,4.459,-,-
2022-02-14T08:15:00,4.460,-,-
2022-02-14T08:00:00,4.461,-,-
2022-02-14T07:45:00,4.465,-,-
2022-02-14T07:30:00,4.469,-,-
2022-02-14T07:15:00,4.469,-,-
2022-02-14T07:00:00,4.470,-,-
2022-02-14T06:45:00,4.471,-,-
2022-02-14T06:30:00,4.471,-,-
2022-02-14T06:15:00,4.471,-,-
2022-02-14T06:00:00,4.471,-,-
2022-02-14T05:45:00,4.472,-,-
2022-02-14T05:30:00,4.473,-,-
2022-02-14T05:15:00,4.474,-,-
2022-02-14T05:00:00,4.474,-,-
2022-02-14T04:45:00,4.475,-,-
2022-02-14T04:30:00,4.475,-,-
2022-02-14T04:15:00,4.476,-,-
2022-02-14T04:00:00,4.477,-,-
2022-02-14T03:45:00,4.478,-,-
2022-02-14T03:30:00,4.478,-,-
2022-02-14T03:15:00,4.478,-,-
2022-02-14T03:00:00,4.480,-,-
2022-02-14T02:45:00,4.480,-,-
2022-02-14T02:30:00,4.481,-,-
2022-02-14T02:15:00,4.481,-,-
2022-02-14T02:00:00,4.483,-,-
2022-02-14T01:45:00,4.484,-,-
2022-02-14T01:30:00,4.485,-,-
2022-02-14T01:15:00,4.486,-,-
2022-02-14T01:00:00,4.486,-,-
2022-02-14T00:45:00,4.487,-,-
2022-02-14T00:30:00,4.487,-,-
2022-02-14T00:15:00,4.488,-,-
2022-02-14T00:00:00,4.490,-,-
2022-02-13T23:45:00,4.490,-,-
2022-02-13T23:30:00,4.491,-,-
2022-02-13T23:15:00,4.492,-,-
2022-02-13T23:00:00,4.493,-,-
2022-02-13T22:45:00,4.495,-,-
2022-02-13T22:30:00,4.496,-,-
2022-02-13T22:15:00,4.496,-,-
2022-02-13T22:00:00,4.497,-,-
2022-02-13T21:45:00,4.497,-,-
2022-02-13T21:30:00,4.499,-,-
2022-02-13T21:15:00,4.500,-,-
2022-02-13T21:00:00,4.501,-,-
2022-02-13T20:45:00,4.502,-,-
2022-02-13T20:30:00,4.503,-,-
2022-02-13T20:15:00,4.503,-,-
2022-02-13T20:00:00,4.505,-,-
2022-02-13T19:45:00,4.506,-,-
2022-02-13T19:30:00,4.508,-,-
2022-02-13T19:15:00,4.510,-,-
2022-02-13T19:00:00,4.511,-,-
2022-02-13T18:45:00,4.511,-,-
2022-02-13T18:30:00,4.513,-,-
2022-02-13T18:15:00,4.512,-,-
2022-02-13T18:00:00,4.516,-,-
2022-02-13T17:45:00,4.515,-,-
2022-02-13T17:30:00,4.516,-,-
2022-02-13T17:15:00,4.518,-,-
2022-02-13T17:00:00,4.519,-,-
2022-02-13T16:45:00,4.521,-,-
2022-02-13T16:30:00,4.523,-,-
2022-02-13T16:15:00,4.523,-,-
2022-02-13T16:00:00,4.525,-,-
2022-02-13T15:45:00,4.526,-,-
2022-02-13T15:30:00,4.527,-,-
2022-02-13T15:15:00,4.529,-,-
2022-02-13T15:00:00,4.529,-,-
2022-02-13T14:45:00,4.531,-,-
2022-02-13T14:30:00,4.534,-,-
2022-02-13T14:15:00,4.535,-,-
2022-02-13T14:00:00,4.539,-,-
2022-02-13T13:45:00,4.540,-,-
2022-02-13T13:30:00,4.541,-,-
2022-02-13T13:15:00,4.545,-,-
2022-02-13T13:00:00,4.547,-,-
2022-02-13T12:45:00,4.549,-,-
2022-02-13T12:30:00,4.550,-,-
2022-02-13T12:15:00,4.553,-,-
2022-02-13T12:00:00,4.554,-,-
2022-02-13T11:45:00,4.555,-,-
2022-02-13T11:30:00,4.556,-,-
2022-02-13T11:15:00,4.557,-,-
2022-02-13T11:00:00,4.561,-,-
2022-02-13T10:45:00,4.562,-,-
2022-02-13T10:30:00,4.563,-,-
2022-02-13T10:15:00,4.565,-,-
2022-02-13T10:00:00,4.567,-,-
2022-02-13T09:45:00,4.570,-,-
2022-02-13T09:30:00,4.571,-,-
2022-02-13T09:15:00,4.576,-,-
2022-02-13T09:00:00,4.579,-,-
2022-02-13T08:45:00,4.580,-,-
2022-02-13T08:30:00,4.582,-,-
2022-02-13T08:15:00,4.584,-,-
2022-02-13T08:00:00,4.588,-,-
2022-02-13T07:45:00,4.590,-,-
2022-02-13T07:30:00,4.592,-,-
2022-02-13T07:15:00,4.590,-,-
2022-02-13T07:00:00,4.591,-,-
2022-02-13T06:45:00,4.592,-,-
2022-02-13T06:30:00,4.593,-,-
2022-02-13T06:15:00,4.594,-,-
2022-02-13T06:00:00,4.592,-,-
2022-02-13T05:45:00,4.591,-,-
2022-02-13T05:30:00,4.593,-,-
2022-02-13T05:15:00,4.593,-,-
2022-02-13T05:00:00,4.591,-,-
2022-02-13T04:45:00,4.593,-,-
2022-02-13T04:30:00,4.593,-,-
2022-02-13T04:15:00,4.595,-,-
2022-02-13T04:00:00,4.596,-,-
2022-02-13T03:45:00,4.595,-,-
2022-02-13T03:30:00,4.598,-,-
2022-02-13T03:15:00,4.597,-,-
2022-02-13T03:00:00,4.600,-,-
2022-02-13T02:45:00,4.601,-,-
2022-02-13T02:30:00,4.602,-,-
2022-02-13T02:15:00,4.604,-,-
2022-02-13T02:00:00,4.606,-,-
2022-02-13T01:45:00,4.609,-,-
2022-02-13T01:30:00,4.610,-,-
2022-02-13T01:15:00,4.610,-,-
2022-02-13T01:00:00,4.611,-,-
2022-02-13T00:45:00,4.610,-,-
2022-02-13T00:30:00,4.609,-,-
2022-02-13T00:15:00,4.609,-,-
2022-02-13T00:00:00,4.602,-,-
2022-02-12T23:45:00,4.595,-,-
2022-02-12T23:30:00,4.582,-,-
2022-02-12T23:15:00,4.568,-,-
2022-02-12T23:00:00,4.555,-,-
2022-02-12T22:45:00,4.533,-,-
2022-02-12T22:30:00,4.515,-,-
2022-02-12T22:15:00,4.495,-,-
2022-02-12T22:00:00,4.476,-,-
2022-02-12T21:45:00,4.464,-,-
2022-02-12T21:30:00,4.458,-,-
2022-02-12T21:15:00,4.457,-,-
2022-02-12T21:00:00,4.454,-,-
2022-02-12T20:45:00,4.453,-,-
2022-02-12T20:30:00,4.452,-,-
2022-02-12T20:15:00,4.451,-,-
2022-02-12T20:00:00,4.450,-,-
2022-02-12T19:45:00,4.448,-,-
2022-02-12T19:30:00,4.446,-,-
2022-02-12T19:15:00,4.444,-,-
2022-02-12T19:00:00,4.443,-,-
2022-02-12T18:45:00,4.442,-,-
2022-02-12T18:30:00,4.440,-,-
2022-02-12T18:15:00,4.438,-,-
2022-02-12T18:00:00,4.437,-,-
2022-02-12T17:45:00,4.435,-,-
2022-02-12T17:30:00,4.433,-,-
2022-02-12T17:15:00,4.433,-,-
2022-02-12T17:00:00,4.431,-,-
2022-02-12T16:45:00,4.430,-,-
2022-02-12T16:30:00,4.430,-,-
2022-02-12T16:15:00,4.428,-,-
2022-02-12T16:00:00,4.426,-,-
2022-02-12T15:45:00,4.424,-,-
2022-02-12T15:30:00,4.423,-,-
2022-02-12T15:15:00,4.421,-,-
2022-02-12T15:00:00,4.420,-,-
2022-02-12T14:45:00,4.419,-,-
2022-02-12T14:30:00,4.417,-,-
2022-02-12T14:15:00,4.411,-,-
2022-02-12T14:00:00,4.410,-,-
2022-02-12T13:45:00,4.407,-,-
2022-02-12T13:30:00,4.405,-,-
2022-02-12T13:15:00,4.401,-,-
2022-02-12T13:00:00,4.396,-,-
2022-02-12T12:45:00,4.392,-,-
2022-02-12T12:30:00,4.389,-,-
2022-02-12T12:15:00,4.389,-,-
2022-02-12T12:00:00,4.388,-,-
2022-02-12T11:45:00,4.386,-,-
2022-02-12T11:30:00,4.386,-,-
2022-02-12T11:15:00,4.386,-,-
2022-02-12T11:00:00,4.385,-,-
2022-02-12T10:45:00,4.386,-,-
2022-02-12T10:30:00,4.385,-,-
2022-02-12T10:15:00,4.388,-,-
2022-02-12T10:00:00,4.390,-,-
2022-02-12T09:45:00,4.392,-,-
2022-02-12T09:30:00,4.393,-,-
2022-02-12T09:15:00,4.396,-,-
2022-02-12T09:00:00,4.398,-,-
2022-02-12T08:45:00,4.399,-,-
2022-02-12T08:30:00,4.401,-,-
2022-02-12T08:15:00,4.399,-,-
2022-02-12T08:00:00,4.398,-,-
2022-02-12T07:45:00,4.396,-,-
2022-02-12T07:30:00,4.394,-,-
2022-02-12T07:15:00,4.390,-,-
2022-02-12T07:00:00,4.388,-,-
2022-02-12T06:45:00,4.385,-,-
2022-02-12T06:30:00,4.383,-,-
2022-02-12T06:15:00,4.378,-,-
2022-02-12T06:00:00,4.376,-,-
2022-02-12T05:45:00,4.373,-,-
2022-02-12T05:30:00,4.371,-,-
2022-02-12T05:15:00,4.368,-,-
2022-02-12T05:00:00,4.367,-,-
2022-02-12T04:45:00,4.366,-,-
2022-02-12T04:30:00,4.364,-,-
2022-02-12T04:15:00,4.363,-,-
2022-02-12T04:00:00,4.361,-,-
2022-02-12T03:45:00,4.361,-,-
2022-02-12T03:30:00,4.359,-,-
2022-02-12T03:15:00,4.358,-,-
2022-02-12T03:00:00,4.357,-,-
2022-02-12T02:45:00,4.355,-,-
2022-02-12T02:30:00,4.356,-,-
2022-02-12T02:15:00,4.353,-,-
2022-02-12T02:00:00,4.353,-,-
2022-02-12T01:45:00,4.351,-,-
2022-02-12T01:30:00,4.350,-,-
2022-02-12T01:15:00,4.349,-,-
2022-02-12T01:00:00,4.347,-,-
2022-02-12T00:45:00,4.347,-,-
2022-02-12T00:30:00,4.346,-,-
2022-02-12T00:15:00,4.344,-,-
2022-02-12T00:00:00,4.343,-,-
2022-02-25T23:45:00,4.488,-,-
2022-02-25T23:30:00,4.486,-,-
2022-02-25T23:15:00,4.482,-,-
2022-02-25T23:00:00,4.480,-,-
2022-02-25T22:45:00,4.478,-,-
2022-02-25T22:30:00,4.476,-,-
2022-02-25T22:15:00,4.474,-,-
2022-02-25T22:00:00,4.470,-,-
2022-02-25T21:45:00,4.470,-,-
2022-02-25T21:30:00,4.465,-,-
2022-02-25T21:15:00,4.463,-,-
2022-02-25T21:00:00,4.463,-,-
2022-02-25T20:45:00,4.460,-,-
2022-02-25T20:30:00,4.458,-,-
2022-02-25T20:15:00,4.455,-,-
2022-02-25T20:00:00,4.453,-,-
2022-02-25T19:45:00,4.450,-,-
2022-02-25T19:30:00,4.449,-,-
2022-02-25T19:15:00,4.446,-,-
2022-02-25T19:00:00,4.445,-,-
2022-02-25T18:45:00,4.442,-,-
2022-02-25T18:30:00,4.441,-,-
2022-02-25T18:15:00,4.439,-,-
2022-02-25T18:00:00,4.436,-,-
2022-02-25T17:45:00,4.434,-,-
2022-02-25T17:30:00,4.433,-,-
2022-02-25T17:15:00,4.429,-,-
2022-02-25T17:00:00,4.428,-,-
2022-02-25T16:45:00,4.426,-,-
2022-02-25T16:30:00,4.423,-,-
2022-02-25T16:15:00,4.422,-,-
2022-02-25T16:00:00,4.422,-,-
2022-02-25T15:45:00,4.418,-,-
2022-02-25T15:30:00,4.417,-,-
2022-02-25T15:15:00,4.413,-,-
2022-02-25T15:00:00,4.410,-,-
2022-02-25T14:45:00,4.409,-,-
2022-02-25T14:30:00,4.407,-,-
2022-02-25T14:15:00,4.404,-,-
2022-02-25T14:00:00,4.402,-,-
2022-02-25T13:45:00,4.398,-,-
2022-02-25T13:30:00,4.395,-,-
2022-02-25T13:15:00,4.389,-,-
2022-02-25T13:00:00,4.383,-,-
2022-02-25T12:45:00,4.375,-,-
2022-02-25T12:30:00,4.360,-,-
2022-02-25T12:15:00,4.340,-,-
2022-02-25T12:00:00,4.314,-,-
2022-02-25T11:45:00,4.275,-,-
2022-02-25T11:30:00,4.221,-,-
2022-02-25T11:15:00,4.146,-,-
2022-02-25T11:00:00,4.046,-,-
2022-02-25T10:45:00,3.927,-,-
2022-02-25T10:30:00,3.859,-,-
2022-02-25T10:15:00,3.845,-,-
2022-02-25T10:00:00,3.846,-,-
2022-02-25T09:45:00,3.848,-,-
2022-02-25T09:30:00,3.850,-,-
2022-02-25T09:15:00,3.851,-,-
2022-02-25T09:00:00,3.853,-,-
2022-02-25T08:45:00,3.855,-,-
2022-02-25T08:30:00,3.856,-,-
2022-02-25T08:15:00,3.857,-,-
2022-02-25T08:00:00,3.857,-,-
2022-02-25T07:45:00,3.857,-,-
2022-02-25T07:30:00,3.858,-,-
2022-02-25T07:15:00,3.859,-,-
2022-02-25T07:00:00,3.859,-,-
2022-02-25T06:45:00,3.859,-,-
2022-02-25T06:30:00,3.860,-,-
2022-02-25T06:15:00,3.861,-,-
2022-02-25T06:00:00,3.861,-,-
2022-02-25T05:45:00,3.861,-,-
2022-02-25T05:30:00,3.861,-,-
2022-02-25T05:15:00,3.862,-,-
2022-02-25T05:00:00,3.862,-,-
2022-02-25T04:45:00,3.862,-,-
2022-02-25T04:30:00,3.863,-,-
2022-02-25T04:15:00,3.863,-,-
2022-02-25T04:00:00,3.864,-,-
2022-02-25T03:45:00,3.864,-,-
2022-02-25T03:30:00,3.864,-,-
2022-02-25T03:15:00,3.865,-,-
2022-02-25T03:00:00,3.865,-,-
2022-02-25T02:45:00,3.865,-,-
2022-02-25T02:30:00,3.866,-,-
2022-02-25T02:15:00,3.866,-,-
2022-02-25T02:00:00,3.867,-,-
2022-02-25T01:45:00,3.867,-,-
2022-02-25T01:30:00,3.868,-,-
2022-02-25T01:15:00,3.869,-,-
2022-02-25T01:00:00,3.868,-,-
2022-02-25T00:45:00,3.869,-,-
2022-02-25T00:30:00,3.870,-,-
2022-02-25T00:15:00,3.870,-,-
2022-02-25T00:00:00,3.871,-,-
2022-02-24T23:45:00,3.871,-,-
2022-02-24T23:30:00,3.873,-,-
2022-02-24T23:15:00,3.873,-,-
2022-02-24T23:00:00,3.873,-,-
2022-02-24T22:45:00,3.874,-,-
2022-02-24T22:30:00,3.875,-,-
2022-02-24T22:15:00,3.875,-,-
2022-02-24T22:00:00,3.876,-,-
2022-02-24T21:45:00,3.876,-,-
2022-02-24T21:30:00,3.876,-,-
2022-02-24T21:15:00,3.876,-,-
2022-02-24T21:00:00,3.876,-,-
2022-02-24T20:45:00,3.876,-,-
2022-02-24T20:30:00,3.877,-,-
2022-02-24T20:15:00,3.877,-,-
2022-02-24T20:00:00,3.877,-,-
2022-02-24T19:45:00,3.878,-,-
2022-02-24T19:30:00,3.878,-,-
2022-02-24T19:15:00,3.880,-,-
2022-02-24T19:00:00,3.880,-,-
2022-02-24T18:45:00,3.881,-,-
2022-02-24T18:30:00,3.881,-,-
2022-02-24T18:15:00,3.882,-,-
2022-02-24T18:00:00,3.882,-,-
2022-02-24T17:45:00,3.883,-,-
2022-02-24T17:30:00,3.884,-,-
2022-02-24T17:15:00,3.885,-,-
2022-02-24T17:00:00,3.885,-,-
2022-02-24T16:45:00,3.885,-,-
2022-02-24T16:30:00,3.886,-,-
2022-02-24T16:15:00,3.886,-,-
2022-02-24T16:00:00,3.887,-,-
2022-02-24T15:45:00,3.887,-,-
2022-02-24T15:30:00,3.887,-,-
2022-02-24T15:15:00,3.888,-,-
2022-02-24T15:00:00,3.888,-,-
2022-02-24T14:45:00,3.889,-,-
2022-02-24T14:30:00,3.889,-,-
2022-02-24T14:15:00,3.890,-,-
2022-02-24T14:00:00,3.890,-,-
2022-02-24T13:45:00,3.891,-,-
2022-02-24T13:30:00,3.891,-,-
2022-02-24T13:15:00,3.892,-,-
2022-02-24T13:00:00,3.893,-,-
2022-02-24T12:45:00,3.894,-,-
2022-02-24T12:30:00,3.894,-,-
2022-02-24T12:15:00,3.895,-,-
2022-02-24T12:00:00,3.896,-,-
2022-02-24T11:45:00,3.896,-,-
2022-02-24T11:30:00,3.897,-,-
2022-02-24T11:15:00,3.897,-,-
2022-02-24T11:00:00,3.898,-,-
2022-02-24T10:45:00,3.898,-,-
2022-02-24T10:30:00,3.899,-,-
2022-02-24T10:15:00,3.899,-,-
2022-02-24T10:00:00,3.900,-,-
2022-02-24T09:45:00,3.901,-,-
2022-02-24T09:30:00,3.901,-,-
2022-02-24T09:15:00,3.903,-,-
2022-02-24T09:00:00,3.903,-,-
2022-02-24T08:45:00,3.905,-,-
2022-02-24T08:30:00,3.906,-,-
2022-02-24T08:15:00,3.906,-,-
2022-02-24T08:00:00,3.907,-,-
2022-02-24T07:45:00,3.908,-,-
2022-02-24T07:30:00,3.908,-,-
2022-02-24T07:15:00,3.909,-,-
2022-02-24T07:00:00,3.909,-,-
2022-02-24T06:45:00,3.910,-,-
2022-02-24T06:30:00,3.911,-,-
2022-02-24T06:15:00,3.912,-,-
2022-02-24T06:00:00,3.912,-,-
2022-02-24T05:45:00,3.913,-,-
2022-02-24T05:30:00,3.914,-,-
2022-02-24T05:15:00,3.914,-,-
2022-02-24T05:00:00,3.915,-,-
2022-02-24T04:45:00,3.915,-,-
2022-02-24T04:30:00,3.916,-,-
2022-02-24T04:15:00,3.917,-,-
2022-02-24T04:00:00,3.918,-,-
2022-02-24T03:45:00,3.917,-,-
2022-02-24T03:30:00,3.918,-,-
2022-02-24T03:15:00,3.919,-,-
2022-02-24T03:00:00,3.919,-,-
2022-02-24T02:45:00,3.919,-,-
2022-02-24T02:30:00,3.920,-,-
2022-02-24T02:15:00,3.921,-,-
2022-02-24T02:00:00,3.921,-,-
2022-02-24T01:45:00,3.922,-,-
2022-02-24T01:30:00,3.923,-,-
2022-02-24T01:15:00,3.923,-,-
2022-02-24T01:00:00,3.924,-,-
2022-02-24T00:45:00,3.925,-,-
2022-02-24T00:30:00,3.926,-,-
2022-02-24T00:15:00,3.927,-,-
2022-02-24T00:00:00,3.927,-,-
2022-02-23T23:45:00,3.928,-,-
2022-02-23T23:30:00,3.929,-,-
2022-02-23T23:15:00,3.930,-,-
2022-02-23T23:00:00,3.930,-,-
2022-02-23T22:45:00,3.931,-,-
2022-02-23T22:30:00,3.931,-,-
2022-02-23T22:15:00,3.932,-,-
2022-02-23T22:00:00,3.933,-,-
2022-02-23T21:45:00,3.934,-,-
2022-02-23T21:30:00,3.935,-,-
2022-02-23T21:15:00,3.935,-,-
2022-02-23T21:00:00,3.936,-,-
2022-02-23T20:45:00,3.938,-,-
2022-02-23T20:30:00,3.939,-,-
2022-02-23T20:15:00,3.939,-,-
2022-02-23T20:00:00,3.941,-,-
2022-02-23T19:45:00,3.941,-,-
2022-02-23T19:30:00,3.942,-,-
2022-02-23T19:15:00,3.943,-,-
2022-02-23T19:00:00,3.944,-,-
2022-02-23T18:45:00,3.944,-,-
2022-02-23T18:30:00,3.945,-,-
2022-02-23T18:15:00,3.946,-,-
2022-02-23T18:00:00,3.947,-,-
2022-02-23T17:45:00,3.948,-,-
2022-02-23T17:30:00,3.949,-,-
2022-02-23T17:15:00,3.949,-,-
2022-02-23T17:00:00,3.949,-,-
2022-02-23T16:45:00,3.950,-,-
2022-02-23T16:30:00,3.951,-,-
2022-02-23T16:15:00,3.953,-,-
2022-02-23T16:00:00,3.953,-,-
2022-02-23T15:45:00,3.954,-,-
2022-02-23T15:30:00,3.955,-,-
2022-02-23T15:15:00,3.955,-,-
2022-02-23T15:00:00,3.955,-,-
2022-02-23T14:45:00,3.956,-,-
2022-02-23T14:30:00,3.957,-,-
2022-02-23T14:15:00,3.958,-,-
2022-02-23T14:00:00,3.958,-,-
2022-02-23T13:45:00,3.959,-,-
2022-02-23T13:30:00,3.960,-,-
2022-02-23T13:15:00,3.961,-,-
2022-02-23T13:00:00,3.961,-,-
2022-02-23T12:45:00,3.962,-,-
2022-02-23T12:30:00,3.962,-,-
2022-02-23T12:15:00,3.963,-,-
2022-02-23T12:00:00,3.963,-,-
2022-02-23T11:45:00,3.964,-,-
2022-02-23T11:30:00,3.964,-,-
2022-02-23T11:15:00,3.965,-,-
2022-02-23T11:00:00,3.965,-,-
2022-02-23T10:45:00,3.966,-,-
2022-02-23T10:30:00,3.967,-,-
2022-02-23T10:15:00,3.968,-,-
2022-02-23T10:00:00,3.969,-,-
2022-02-23T09:45:00,3.970,-,-
2022-02-23T09:30:00,3.970,-,-
2022-02-23T09:15:00,3.971,-,-
2022-02-23T09:00:00,3.973,-,-
2022-02-23T08:45:00,3.973,-,-
2022-02-23T08:30:00,3.975,-,-
2022-02-23T08:15:00,3.975,-,-
2022-02-23T08:00:00,3.976,-,-
2022-02-23T07:45:00,3.977,-,-
2022-02-23T07:30:00,3.979,-,-
2022-02-23T07:15:00,3.980,-,-
2022-02-23T07:00:00,3.981,-,-
2022-02-23T06:45:00,3.982,-,-
2022-02-23T06:30:00,3.982,-,-
2022-02-23T06:15:00,3.984,-,-
2022-02-23T06:00:00,3.985,-,-
2022-02-23T05:45:00,3.985,-,-
2022-02-23T05:30:00,3.986,-,-
2022-02-23T05:15:00,3.987,-,-
2022-02-23T05:00:00,3.988,-,-
2022-02-23T04:45:00,3.988,-,-
2022-02-23T04:30:00,3.989,-,-
2022-02-23T04:15:00,3.990,-,-
2022-02-23T04:00:00,3.990,-,-
2022-02-23T03:45:00,3.991,-,-
2022-02-23T03:30:00,3.992,-,-
2022-02-23T03:15:00,3.993,-,-
2022-02-23T03:00:00,3.994,-,-
2022-02-23T02:45:00,3.995,-,-
2022-02-23T02:30:00,3.995,-,-
2022-02-23T02:15:00,3.995,-,-
2022-02-23T02:00:00,3.997,-,-
2022-02-23T01:45:00,3.998,-,-
2022-02-23T01:30:00,3.998,-,-
2022-02-23T01:15:00,3.999,-,-
2022-02-23T01:00:00,4.000,-,-
2022-02-23T00:45:00,4.001,-,-
2022-02-23T00:30:00,4.001,-,-
2022-02-23T00:15:00,4.002,-,-
2022-02-23T00:00:00,4.003,-,-
2022-02-22T23:45:00,4.004,-,-
2022-02-22T23:30:00,4.005,-,-
2022-02-22T23:15:00,4.005,-,-
2022-02-22T23:00:00,4.006,-,-
2022-02-22T22:45:00,4.007,-,-
2022-02-22T22:30:00,4.007,-,-
2022-02-22T22:15:00,4.008,-,-
2022-02-22T22:00:00,4.008,-,-
2022-02-22T21:45:00,4.009,-,-
2022-02-22T21:30:00,4.010,-,-
2022-02-22T21:15:00,4.011,-,-
2022-02-22T21:00:00,4.011,-,-
2022-02-22T20:45:00,4.012,-,-
2022-02-22T20:30:00,4.014,-,-
2022-02-22T20:15:00,4.014,-,-
2022-02-22T20:00:00,4.015,-,-
2022-02-22T19:45:00,4.015,-,-
2022-02-22T19:30:00,4.016,-,-
2022-02-22T19:15:00,4.017,-,-
2022-02-22T19:00:00,4.018,-,-
2022-02-22T18:45:00,4.019,-,-
2022-02-22T18:30:00,4.020,-,-
2022-02-22T18:15:00,4.021,-,-
2022-02-22T18:00:00,4.022,-,-
2022-02-22T17:45:00,4.023,-,-
2022-02-22T17:30:00,4.024,-,-
2022-02-22T17:15:00,4.026,-,-
2022-02-22T17:00:00,4.027,-,-
2022-02-22T16:45:00,4.028,-,-
2022-02-22T16:30:00,4.029,-,-
2022-02-22T16:15:00,4.031,-,-
2022-02-22T16:00:00,4.033,-,-
2022-02-22T15:45:00,4.034,-,-
2022-02-22T15:30:00,4.036,-,-
2022-02-22T15:15:00,4.037,-,-
2022-02-22T15:00:00,4.040,-,-
2022-02-22T14:45:00,4.042,-,-
2022-02-22T14:30:00,4.045,-,-
2022-02-22T14:15:00,4.048,-,-
2022-02-22T14:00:00,4.051,-,-
2022-02-22T13:45:00,4.054,-,-
2022-02-22T13:30:00,4.057,-,-
2022-02-22T13:15:00,4.061,-,-
2022-02-22T13:00:00,4.067,-,-
2022-02-22T12:45:00,4.073,-,-
2022-02-22T12:30:00,4.081,-,-
2022-02-22T12:15:00,4.091,-,-
2022-02-22T12:00:00,4.104,-,-
2022-02-22T11:45:00,4.119,-,-
2022-02-22T11:30:00,4.137,-,-
2022-02-22T11:15:00,4.155,-,-
2022-02-22T11:00:00,4.173,-,-
2022-02-22T10:45:00,4.198,-,-
2022-02-22T10:30:00,4.228,-,-
2022-02-22T10:15:00,4.260,-,-
2022-02-22T10:00:00,4.290,-,-
2022-02-22T09:45:00,4.324,-,-
2022-02-22T09:30:00,4.353,-,-
2022-02-22T09:15:00,4.379,-,-
2022-02-22T09:00:00,4.398,-,-
2022-02-22T08:45:00,4.411,-,-
2022-02-22T08:30:00,4.420,-,-
2022-02-22T08:15:00,4.425,-,-
2022-02-22T08:00:00,4.428,-,-
2022-02-22T07:45:00,4.428,-,-
2022-02-22T07:30:00,4.430,-,-
2022-02-22T07:15:00,4.431,-,-
2022-02-22T07:00:00,4.434,-,-
2022-02-22T06:45:00,4.434,-,-
2022-02-22T06:30:00,4.435,-,-
2022-02-22T06:15:00,4.437,-,-
2022-02-22T06:00:00,4.439,-,-
2022-02-22T05:45:00,4.440,-,-
2022-02-22T05:30:00,4.442,-,-
2022-02-22T05:15:00,4.443,-,-
2022-02-22T05:00:00,4.446,-,-
2022-02-22T04:45:00,4.446,-,-
2022-02-22T04:30:00,4.450,-,-
2022-02-22T04:15:00,4.450,-,-
2022-02-22T04:00:00,4.453,-,-
2022-02-22T03:45:00,4.454,-,-
2022-02-22T03:30:00,4.455,-,-
2022-02-22T03:15:00,4.459,-,-
2022-02-22T03:00:00,4.459,-,-
2022-02-22T02:45:00,4.462,-,-
2022-02-22T02:30:00,4.463,-,-
2022-02-22T02:15:00,4.465,-,-
2022-02-22T02:00:00,4.469,-,-
2022-02-22T01:45:00,4.471,-,-
2022-02-22T01:30:00,4.471,-,-
2022-02-22T01:15:00,4.474,-,-
2022-02-22T01:00:00,4.477,-,-
2022-02-22T00:45:00,4.479,-,-
2022-02-22T00:30:00,4.482,-,-
2022-02-22T00:15:00,4.483,-,-
2022-02-22T00:00:00,4.486,-,-
2022-02-21T23:45:00,4.489,-,-
2022-02-21T23:30:00,4.492,-,-
2022-02-21T23:15:00,4.494,-,-
2022-02-21T23:00:00,4.496,-,-
2022-02-21T22:45:00,4.498,-,-
2022-02-21T22:30:00,4.500,-,-
2022-02-21T22:15:00,4.501,-,-
2022-02-21T22:00:00,4.504,-,-
2022-02-21T21:45:00,4.505,-,-
2022-02-21T21:30:00,4.508,-,-
2022-02-21T21:15:00,4.508,-,-
2022-02-21T21:00:00,4.509,-,-
2022-02-21T20:45:00,4.511,-,-
2022-02-21T20:30:00,4.511,-,-
2022-02-21T20:15:00,4.514,-,-
2022-02-21T20:00:00,4.515,-,-
2022-02-21T19:45:00,4.518,-,-
2022-02-21T19:30:00,4.519,-,-
2022-02-21T19:15:00,4.521,-,-
2022-02-21T19:00:00,4.523,-,-
2022-02-21T18:45:00,4.524,-,-
2022-02-21T18:30:00,4.525,-,-
2022-02-21T18:15:00,4.526,-,-
2022-02-21T18:00:00,4.528,-,-
2022-02-21T17:45:00,4.529,-,-
2022-02-21T17:30:00,4.531,-,-
2022-02-21T17:15:00,4.532,-,-
2022-02-21T17:00:00,4.533,-,-
2022-02-21T16:45:00,4.535,-,-
2022-02-21T16:30:00,4.536,-,-
2022-02-21T16:15:00,4.538,-,-
2022-02-21T16:00:00,4.543,-,-
2022-02-21T15:45:00,4.543,-,-
2022-02-21T15:30:00,4.545,-,-
2022-02-21T15:15:00,4.548,-,-
2022-02-21T15:00:00,4.552,-,-
2022-02-21T14:45:00,4.556,-,-
2022-02-21T14:30:00,4.557,-,-
2022-02-21T14:15:00,4.559,-,-
2022-02-21T14:00:00,4.564,-,-
2022-02-21T13:45:00,4.567,-,-
2022-02-21T13:30:00,4.570,-,-
2022-02-21T13:15:00,4.573,-,-
2022-02-21T13:00:00,4.577,-,-
2022-02-21T12:45:00,4.578,-,-
2022-02-21T12:30:00,4.583,-,-
2022-02-21T12:15:00,4.586,-,-
2022-02-21T12:00:00,4.587,-,-
2022-02-21T11:45:00,4.590,-,-
2022-02-21T11:30:00,4.591,-,-
2022-02-21T11:15:00,4.589,-,-
2022-02-21T11:00:00,4.589,-,-
2022-02-21T10:45:00,4.590,-,-
2022-02-21T10:30:00,4.591,-,-
2022-02-21T10:15:00,4.588,-,-
2022-02-21T10:00:00,4.589,-,-
2022-02-21T09:45:00,4.587,-,-
2022-02-21T09:30:00,4.589,-,-
2022-02-21T09:15:00,4.589,-,-
2022-02-21T09:00:00,4.589,-,-
2022-02-21T08:45:00,4.589,-,-
2022-02-21T08:30:00,4.590,-,-
2022-02-21T08:15:00,4.592,-,-
2022-02-21T08:00:00,4.593,-,-
2022-02-21T07:45:00,4.594,-,-
2022-02-21T07:30:00,4.600,-,-
2022-02-21T07:15:00,4.605,-,-
2022-02-21T07:00:00,4.605,-,-
2022-02-21T06:45:00,4.606,-,-
2022-02-21T06:30:00,4.607,-,-
2022-02-21T06:15:00,4.606,-,-
2022-02-21T06:00:00,4.606,-,-
2022-02-21T05:45:00,4.603,-,-
2022-02-21T05:30:00,4.601,-,-
2022-02-21T05:15:00,4.598,-,-
2022-02-21T05:00:00,4.595,-,-
2022-02-21T04:45:00,4.590,-,-
2022-02-21T04:30:00,4.585,-,-
2022-02-21T04:15:00,4.580,-,-
2022-02-21T04:00:00,4.576,-,-
2022-02-21T03:45:00,4.571,-,-
2022-02-21T03:30:00,4.566,-,-
2022-02-21T03:15:00,4.565,-,-
2022-02-21T03:00:00,4.562,-,-
2022-02-21T02:45:00,4.558,-,-
2022-02-21T02:30:00,4.555,-,-
2022-02-21T02:15:00,4.553,-,-
2022-02-21T02:00:00,4.550,-,-
2022-02-21T01:45:00,4.548,-,-
2022-02-21T01:30:00,4.543,-,-
2022-02-21T01:15:00,4.540,-,-
2022-02-21T01:00:00,4.537,-,-
2022-02-21T00:45:00,4.534,-,-
2022-02-21T00:30:00,4.532,-,-
2022-02-21T00:15:00,4.528,-,-
2022-02-21T00:00:00,4.526,-,-
2022-02-20T23:45:00,4.521,-,-
2022-02-20T23:30:00,4.520,-,-
2022-02-20T23:15:00,4.516,-,-
2022-02-20T23:00:00,4.515,-,-
2022-02-20T22:45:00,4.515,-,-
2022-02-20T22:30:00,4.516,-,-
2022-02-20T22:15:00,4.516,-,-
2022-02-20T22:00:00,4.519,-,-
2022-02-20T21:45:00,4.521,-,-
2022-02-20T21:30:00,4.522,-,-
2022-02-20T21:15:00,4.525,-,-
2022-02-20T21:00:00,4.523,-,-
2022-02-20T20:45:00,4.524,-,-
2022-02-20T20:30:00,4.523,-,-
2022-02-20T20:15:00,4.522,-,-
2022-02-20T20:00:00,4.516,-,-
2022-02-20T19:45:00,4.512,-,-
2022-02-20T19:30:00,4.509,-,-
2022-02-20T19:15:00,4.505,-,-
2022-02-20T19:00:00,4.504,-,-
2022-02-20T18:45:00,4.504,-,-
2022-02-20T18:30:00,4.503,-,-
2022-02-20T18:15:00,4.504,-,-
2022-02-20T18:00:00,4.505,-,-
2022-02-20T17:45:00,4.507,-,-
2022-02-20T17:30:00,4.508,-,-
2022-02-20T17:15:00,4.508,-,-
2022-02-20T17:00:00,4.510,-,-
2022-02-20T16:45:00,4.511,-,-
2022-02-20T16:30:00,4.513,-,-
2022-02-20T16:15:00,4.516,-,-
2022-02-20T16:00:00,4.517,-,-
2022-02-20T15:45:00,4.519,-,-
2022-02-20T15:30:00,4.521,-,-
2022-02-20T15:15:00,4.525,-,-
2022-02-20T15:00:00,4.525,-,-
2022-02-20T14:45:00,4.528,-,-
2022-02-20T14:30:00,4.528,-,-
2022-02-20T14:15:00,4.531,-,-
2022-02-20T14:00:00,4.533,-,-
2022-02-20T13:45:00,4.535,-,-
2022-02-20T13:30:00,4.538,-,-
2022-02-20T13:15:00,4.541,-,-
2022-02-20T13:00:00,4.543,-,-
2022-02-20T12:45:00,4.547,-,-
2022-02-20T12:30:00,4.550,-,-
2022-02-20T12:15:00,4.553,-,-
2022-02-20T12:00:00,4.556,-,-
2022-02-20T11:45:00,4.558,-,-
2022-02-20T11:30:00,4.560,-,-
2022-02-20T11:15:00,4.564,-,-
2022-02-20T11:00:00,4.564,-,-
2022-02-20T10:45:00,4.567,-,-
2022-02-20T10:30:00,4.568,-,-
2022-02-20T10:15:00,4.570,-,-
2022-02-20T10:00:00,4.571,-,-
2022-02-20T09:45:00,4.575,-,-
2022-02-20T09:30:00,4.577,-,-
2022-02-20T09:15:00,4.581,-,-
2022-02-20T09:00:00,4.586,-,-
2022-02-20T08:45:00,4.588,-,-
2022-02-20T08:30:00,4.591,-,-
2022-02-20T08:15:00,4.595,-,-
2022-02-20T08:00:00,4.600,-,-
2022-02-20T07:45:00,4.603,-,-
2022-02-20T07:30:00,4.608,-,-
2022-02-20T07:15:00,4.610,-,-
2022-02-20T07:00:00,4.611,-,-
2022-02-20T06:45:00,4.610,-,-
2022-02-20T06:30:00,4.608,-,-
2022-02-20T06:15:00,4.607,-,-
2022-02-20T06:00:00,4.606,-,-
2022-02-20T05:45:00,4.605,-,-
2022-02-20T05:30:00,4.602,-,-
2022-02-20T05:15:00,4.603,-,-
2022-02-20T05:00:00,4.602,-,-
2022-02-20T04:45:00,4.600,-,-
2022-02-20T04:30:00,4.599,-,-
2022-02-20T04:15:00,4.599,-,-
2022-02-20T04:00:00,4.598,-,-
2022-02-20T03:45:00,4.597,-,-
2022-02-20T03:30:00,4.594,-,-
2022-02-20T03:15:00,4.593,-,-
2022-02-20T03:00:00,4.591,-,-
2022-02-20T02:45:00,4.590,-,-
2022-02-20T02:30:00,4.589,-,-
2022-02-20T02:15:00,4.588,-,-
2022-02-20T02:00:00,4.586,-,-
2022-02-20T01:45:00,4.585,-,-
2022-02-20T01:30:00,4.583,-,-
2022-02-20T01:15:00,4.582,-,-
2022-02-20T01:00:00,4.581,-,-
2022-02-20T00:45:00,4.580,-,-
2022-02-20T00:30:00,4.579,-,-
2022-02-20T00:15:00,4.579,-,-
2022-02-20T00:00:00,4.577,-,-
2022-02-19T23:45:00,4.576,-,-
2022-02-19T23:30:00,4.576,-,-
2022-02-19T23:15:00,4.575,-,-
2022-02-19T23:00:00,4.573,-,-
2022-02-19T22:45:00,4.572,-,-
2022-02-19T22:30:00,4.570,-,-
2022-02-19T22:15:00,4.571,-,-
2022-02-19T22:00:00,4.569,-,-
2022-02-19T21:45:00,4.568,-,-
2022-02-19T21:30:00,4.567,-,-
2022-02-19T21:15:00,4.566,-,-
2022-02-19T21:00:00,4.565,-,-
2022-02-19T20:45:00,4.564,-,-
2022-02-19T20:30:00,4.562,-,-
2022-02-19T20:15:00,4.561,-,-
2022-02-19T20:00:00,4.560,-,-
2022-02-19T19:45:00,4.560,-,-
2022-02-19T19:30:00,4.559,-,-
2022-02-19T19:15:00,4.558,-,-
2022-02-19T19:00:00,4.557,-,-
2022-02-19T18:45:00,4.554,-,-
2022-02-19T18:30:00,4.554,-,-
2022-02-19T18:15:00,4.553,-,-
2022-02-19T18:00:00,4.551,-,-
2022-02-19T17:45:00,4.550,-,-
2022-02-19T17:30:00,4.548,-,-
2022-02-19T17:15:00,4.547,-,-
2022-02-19T17:00:00,4.547,-,-
2022-02-19T16:45:00,4.545,-,-
2022-02-19T16:30:00,4.545,-,-
2022-02-19T16:15:00,4.545,-,-
2022-02-19T16:00:00,4.542,-,-
2022-02-19T15:45:00,4.543,-,-
2022-02-19T15:30:00,4.542,-,-
2022-02-19T15:15:00,4.540,-,-
2022-02-19T15:00:00,4.539,-,-
2022-02-19T14:45:00,4.539,-,-
2022-02-19T14:30:00,4.537,-,-
2022-02-19T14:15:00,4.537,-,-
2022-02-19T14:00:00,4.537,-,-
2022-02-19T13:45:00,4.537,-,-
2022-02-19T13:30:00,4.536,-,-
2022-02-19T13:15:00,4.535,-,-
2022-02-19T13:00:00,4.534,-,-
2022-02-19T12:45:00,4.534,-,-
2022-02-19T12:30:00,4.534,-,-
2022-02-19T12:15:00,4.534,-,-
2022-02-19T12:00:00,4.533,-,-
2022-02-19T11:45:00,4.533,-,-
2022-02-19T11:30:00,4.533,-,-
2022-02-19T11:15:00,4.533,-,-
2022-02-19T11:00:00,4.532,-,-
2022-02-19T10:45:00,4.530,-,-
2022-02-19T10:30:00,4.529,-,-
2022-02-19T10:15:00,4.526,-,-
2022-02-19T10:00:00,4.523,-,-
2022-02-19T09:45:00,4.519,-,-
2022-02-19T09:30:00,4.515,-,-
2022-02-19T09:15:00,4.512,-,-
2022-02-19T09:00:00,4.509,-,-
2022-02-19T08:45:00,4.505,-,-
2022-02-19T08:30:00,4.503,-,-
2022-02-19T08:15:00,4.501,-,-
2022-02-19T08:00:00,4.498,-,-
2022-02-19T07:45:00,4.496,-,-
2022-02-19T07:30:00,4.495,-,-
2022-02-19T07:15:00,4.492,-,-
2022-02-19T07:00:00,4.487,-,-
2022-02-19T06:45:00,4.484,-,-
2022-02-19T06:30:00,4.483,-,-
2022-02-19T06:15:00,4.481,-,-
2022-02-19T06:00:00,4.480,-,-
2022-02-19T05:45:00,4.477,-,-
2022-02-19T05:30:00,4.476,-,-
2022-02-19T05:15:00,4.475,-,-
2022-02-19T05:00:00,4.472,-,-
2022-02-19T04:45:00,4.472,-,-
2022-02-19T04:30:00,4.470,-,-
2022-02-19T04:15:00,4.468,-,-
2022-02-19T04:00:00,4.466,-,-
2022-02-19T03:45:00,4.465,-,-
2022-02-19T03:30:00,4.464,-,-
2022-02-19T03:15:00,4.462,-,-
2022-02-19T03:00:00,4.460,-,-
2022-02-19T02:45:00,4.459,-,-
2022-02-19T02:30:00,4.456,-,-
2022-02-19T02:15:00,4.455,-,-
2022-02-19T02:00:00,4.454,-,-
2022-02-19T01:45:00,4.452,-,-
2022-02-19T01:30:00,4.450,-,-
2022-02-19T01:15:00,4.449,-,-
2022-02-19T01:00:00,4.446,-,-
2022-02-19T00:45:00,4.445,-,-
2022-02-19T00:30:00,4.443,-,-
2022-02-19T00:15:00,4.442,-,-
2022-02-19T00:00:00,4.440,-,-
2022-03-04T23:45:00,4.527,-,-
2022-03-04T23:30:00,4.527,-,-
2022-03-04T23:15:00,4.527,-,-
2022-03-04T23:00:00,4.527,-,-
2022-03-04T22:45:00,4.528,-,-
2022-03-04T22:30:00,4.532,-,-
2022-03-04T22:15:00,4.534,-,-
2022-03-04T22:00:00,4.541,-,-
2022-03-04T21:45:00,4.550,-,-
2022-03-04T21:30:00,4.561,-,-
2022-03-04T21:15:00,4.571,-,-
2022-03-04T21:00:00,4.587,-,-
2022-03-04T20:45:00,4.593,-,-
2022-03-04T20:30:00,4.602,-,-
2022-03-04T20:15:00,4.604,-,-
2022-03-04T20:00:00,4.606,-,-
2022-03-04T19:45:00,4.602,-,-
2022-03-04T19:30:00,4.601,-,-
2022-03-04T19:15:00,4.597,-,-
2022-03-04T19:00:00,4.597,-,-
2022-03-04T18:45:00,4.591,-,-
2022-03-04T18:30:00,4.590,-,-
2022-03-04T18:15:00,4.590,-,-
2022-03-04T18:00:00,4.587,-,-
2022-03-04T17:45:00,4.584,-,-
2022-03-04T17:30:00,4.582,-,-
2022-03-04T17:15:00,4.580,-,-
2022-03-04T17:00:00,4.576,-,-
2022-03-04T16:45:00,4.575,-,-
2022-03-04T16:30:00,4.571,-,-
2022-03-04T16:15:00,4.570,-,-
2022-03-04T16:00:00,4.568,-,-
2022-03-04T15:45:00,4.567,-,-
2022-03-04T15:30:00,4.566,-,-
2022-03-04T15:15:00,4.560,-,-
2022-03-04T15:00:00,4.560,-,-
2022-03-04T14:45:00,4.559,-,-
2022-03-04T14:30:00,4.555,-,-
2022-03-04T14:15:00,4.552,-,-
2022-03-04T14:00:00,4.549,-,-
2022-03-04T13:45:00,4.546,-,-
2022-03-04T13:30:00,4.545,-,-
2022-03-04T13:15:00,4.540,-,-
2022-03-04T13:00:00,4.536,-,-
2022-03-04T12:45:00,4.532,-,-
2022-03-04T12:30:00,4.527,-,-
2022-03-04T12:15:00,4.522,-,-
2022-03-04T12:00:00,4.511,-,-
2022-03-04T11:45:00,4.493,-,-
2022-03-04T11:30:00,4.468,-,-
2022-03-04T11:15:00,4.435,-,-
2022-03-04T11:00:00,4.388,-,-
2022-03-04T10:45:00,4.319,-,-
2022-03-04T10:30:00,4.221,-,-
2022-03-04T10:15:00,4.079,-,-
2022-03-04T10:00:00,3.910,-,-
2022-03-04T09:45:00,3.832,-,-
2022-03-04T09:30:00,3.823,-,-
2022-03-04T09:15:00,3.824,-,-
2022-03-04T09:00:00,3.824,-,-
2022-03-04T08:45:00,3.825,-,-
2022-03-04T08:30:00,3.825,-,-
2022-03-04T08:15:00,3.826,-,-
2022-03-04T08:00:00,3.827,-,-
2022-03-04T07:45:00,3.828,-,-
2022-03-04T07:30:00,3.829,-,-
2022-03-04T07:15:00,3.830,-,-
2022-03-04T07:00:00,3.831,-,-
2022-03-04T06:45:00,3.832,-,-
2022-03-04T06:30:00,3.832,-,-
2022-03-04T06:15:00,3.833,-,-
2022-03-04T06:00:00,3.834,-,-
2022-03-04T05:45:00,3.835,-,-
2022-03-04T05:30:00,3.836,-,-
2022-03-04T05:15:00,3.838,-,-
2022-03-04T05:00:00,3.839,-,-
2022-03-04T04:45:00,3.841,-,-
2022-03-04T04:30:00,3.843,-,-
2022-03-04T04:15:00,3.845,-,-
2022-03-04T04:00:00,3.848,-,-
2022-03-04T03:45:00,3.850,-,-
2022-03-04T03:30:00,3.853,-,-
2022-03-04T03:15:00,3.856,-,-
2022-03-04T03:00:00,3.859,-,-
2022-03-04T02:45:00,3.862,-,-
2022-03-04T02:30:00,3.866,-,-
2022-03-04T02:15:00,3.870,-,-
2022-03-04T02:00:00,3.875,-,-
2022-03-04T01:45:00,3.881,-,-
2022-03-04T01:30:00,3.887,-,-
2022-03-04T01:15:00,3.893,-,-
2022-03-04T01:00:00,3.901,-,-
2022-03-04T00:45:00,3.908,-,-
2022-03-04T00:30:00,3.917,-,-
2022-03-04T00:15:00,3.928,-,-
2022-03-04T00:00:00,3.940,-,-
2022-03-03T23:45:00,3.953,-,-
2022-03-03T23:30:00,3.967,-,-
2022-03-03T23:15:00,3.981,-,-
2022-03-03T23:00:00,3.996,-,-
2022-03-03T22:45:00,4.011,-,-
2022-03-03T22:30:00,4.023,-,-
2022-03-03T22:15:00,4.035,-,-
2022-03-03T22:00:00,4.045,-,-
2022-03-03T21:45:00,4.054,-,-
2022-03-03T21:30:00,4.060,-,-
2022-03-03T21:15:00,4.063,-,-
2022-03-03T21:00:00,4.065,-,-
2022-03-03T20:45:00,4.067,-,-
2022-03-03T20:30:00,4.068,-,-
2022-03-03T20:15:00,4.067,-,-
2022-03-03T20:00:00,4.067,-,-
2022-03-03T19:45:00,4.066,-,-
2022-03-03T19:30:00,4.066,-,-
2022-03-03T19:15:00,4.065,-,-
2022-03-03T19:00:00,4.065,-,-
2022-03-03T18:45:00,4.065,-,-
2022-03-03T18:30:00,4.066,-,-
2022-03-03T18:15:00,4.065,-,-
2022-03-03T18:00:00,4.065,-,-
2022-03-03T17:45:00,4.065,-,-
2022-03-03T17:30:00,4.065,-,-
2022-03-03T17:15:00,4.065,-,-
2022-03-03T17:00:00,4.065,-,-
2022-03-03T16:45:00,4.065,-,-
2022-03-03T16:30:00,4.065,-,-
2022-03-03T16:15:00,4.063,-,-
2022-03-03T16:00:00,4.063,-,-
2022-03-03T15:45:00,4.063,-,-
2022-03-03T15:30:00,4.062,-,-
2022-03-03T15:15:00,4.062,-,-
2022-03-03T15:00:00,4.061,-,-
2022-03-03T14:45:00,4.060,-,-
2022-03-03T14:30:00,4.059,-,-
2022-03-03T14:15:00,4.057,-,-
2022-03-03T14:00:00,4.055,-,-
2022-03-03T13:45:00,4.055,-,-
2022-03-03T13:30:00,4.049,-,-
2022-03-03T13:15:00,4.044,-,-
2022-03-03T13:00:00,4.038,-,-
2022-03-03T12:45:00,4.031,-,-
2022-03-03T12:30:00,4.021,-,-
2022-03-03T12:15:00,4.007,-,-
2022-03-03T12:00:00,3.986,-,-
2022-03-03T11:45:00,3.961,-,-
2022-03-03T11:30:00,3.929,-,-
2022-03-03T11:15:00,3.900,-,-
2022-03-03T11:00:00,3.872,-,-
2022-03-03T10:45:00,3.854,-,-
2022-03-03T10:30:00,3.845,-,-
2022-03-03T10:15:00,3.842,-,-
2022-03-03T10:00:00,3.842,-,-
2022-03-03T09:45:00,3.842,-,-
2022-03-03T09:30:00,3.843,-,-
2022-03-03T09:15:00,3.844,-,-
2022-03-03T09:00:00,3.845,-,-
2022-03-03T08:45:00,3.847,-,-
2022-03-03T08:30:00,3.848,-,-
2022-03-03T08:15:00,3.849,-,-
2022-03-03T08:00:00,3.850,-,-
2022-03-03T07:45:00,3.852,-,-
2022-03-03T07:30:00,3.852,-,-
2022-03-03T07:15:00,3.854,-,-
2022-03-03T07:00:00,3.855,-,-
2022-03-03T06:45:00,3.856,-,-
2022-03-03T06:30:00,3.858,-,-
2022-03-03T06:15:00,3.859,-,-
2022-03-03T06:00:00,3.860,-,-
2022-03-03T05:45:00,3.861,-,-
2022-03-03T05:30:00,3.862,-,-
2022-03-03T05:15:00,3.864,-,-
2022-03-03T05:00:00,3.866,-,-
2022-03-03T04:45:00,3.867,-,-
2022-03-03T04:30:00,3.869,-,-
2022-03-03T04:15:00,3.871,-,-
2022-03-03T04:00:00,3.873,-,-
2022-03-03T03:45:00,3.876,-,-
2022-03-03T03:30:00,3.879,-,-
2022-03-03T03:15:00,3.881,-,-
2022-03-03T03:00:00,3.884,-,-
2022-03-03T02:45:00,3.887,-,-
2022-03-03T02:30:00,3.891,-,-
2022-03-03T02:15:00,3.895,-,-
2022-03-03T02:00:00,3.899,-,-
2022-03-03T01:45:00,3.904,-,-
2022-03-03T01:30:00,3.910,-,-
2022-03-03T01:15:00,3.916,-,-
2022-03-03T01:00:00,3.923,-,-
2022-03-03T00:45:00,3.932,-,-
2022-03-03T00:30:00,3.941,-,-
2022-03-03T00:15:00,3.950,-,-
2022-03-03T00:00:00,3.962,-,-
2022-03-02T23:45:00,3.974,-,-
2022-03-02T23:30:00,3.987,-,-
2022-03-02T23:15:00,4.002,-,-
2022-03-02T23:00:00,4.015,-,-
2022-03-02T22:45:00,4.028,-,-
2022-03-02T22:30:00,4.041,-,-
2022-03-02T22:15:00,4.054,-,-
2022-03-02T22:00:00,4.064,-,-
2022-03-02T21:45:00,4.072,-,-
2022-03-02T21:30:00,4.079,-,-
2022-03-02T21:15:00,4.083,-,-
2022-03-02T21:00:00,4.085,-,-
2022-03-02T20:45:00,4.087,-,-
2022-03-02T20:30:00,4.087,-,-
2022-03-02T20:15:00,4.087,-,-
2022-03-02T20:00:00,4.089,-,-
2022-03-02T19:45:00,4.090,-,-
2022-03-02T19:30:00,4.089,-,-
2022-03-02T19:15:00,4.090,-,-
2022-03-02T19:00:00,4.089,-,-
2022-03-02T18:45:00,4.089,-,-
2022-03-02T18:30:00,4.087,-,-
2022-03-02T18:15:00,4.087,-,-
2022-03-02T18:00:00,4.086,-,-
2022-03-02T17:45:00,4.084,-,-
2022-03-02T17:30:00,4.082,-,-
2022-03-02T17:15:00,4.081,-,-
2022-03-02T17:00:00,4.079,-,-
2022-03-02T16:45:00,4.078,-,-
2022-03-02T16:30:00,4.077,-,-
2022-03-02T16:15:00,4.077,-,-
2022-03-02T16:00:00,4.076,-,-
2022-03-02T15:45:00,4.076,-,-
2022-03-02T15:30:00,4.076,-,-
2022-03-02T15:15:00,4.075,-,-
2022-03-02T15:00:00,4.075,-,-
2022-03-02T14:45:00,4.074,-,-
2022-03-02T14:30:00,4.073,-,-
2022-03-02T14:15:00,4.072,-,-
2022-03-02T14:00:00,4.070,-,-
2022-03-02T13:45:00,4.068,-,-
2022-03-02T13:30:00,4.065,-,-
2022-03-02T13:15:00,4.062,-,-
2022-03-02T13:00:00,4.059,-,-
2022-03-02T12:45:00,4.052,-,-
2022-03-02T12:30:00,4.043,-,-
2022-03-02T12:15:00,4.032,-,-
2022-03-02T12:00:00,4.018,-,-
2022-03-02T11:45:00,3.998,-,-
2022-03-02T11:30:00,3.972,-,-
2022-03-02T11:15:00,3.942,-,-
2022-03-02T11:00:00,3.914,-,-
2022-03-02T10:45:00,3.896,-,-
2022-03-02T10:30:00,3.887,-,-
2022-03-02T10:15:00,3.884,-,-
2022-03-02T10:00:00,3.884,-,-
2022-03-02T09:45:00,3.885,-,-
2022-03-02T09:30:00,3.887,-,-
2022-03-02T09:15:00,3.888,-,-
2022-03-02T09:00:00,3.890,-,-
2022-03-02T08:45:00,3.892,-,-
2022-03-02T08:30:00,3.894,-,-
2022-03-02T08:15:00,3.896,-,-
2022-03-02T08:00:00,3.897,-,-
2022-03-02T07:45:00,3.899,-,-
2022-03-02T07:30:00,3.901,-,-
2022-03-02T07:15:00,3.903,-,-
2022-03-02T07:00:00,3.905,-,-
2022-03-02T06:45:00,3.907,-,-
2022-03-02T06:30:00,3.908,-,-
2022-03-02T06:15:00,3.910,-,-
2022-03-02T06:00:00,3.912,-,-
2022-03-02T05:45:00,3.914,-,-
2022-03-02T05:30:00,3.915,-,-
2022-03-02T05:15:00,3.918,-,-
2022-03-02T05:00:00,3.920,-,-
2022-03-02T04:45:00,3.922,-,-
2022-03-02T04:30:00,3.925,-,-
2022-03-02T04:15:00,3.928,-,-
2022-03-02T04:00:00,3.931,-,-
2022-03-02T03:45:00,3.934,-,-
2022-03-02T03:30:00,3.937,-,-
2022-03-02T03:15:00,3.940,-,-
2022-03-02T03:00:00,3.943,-,-
2022-03-02T02:45:00,3.947,-,-
2022-03-02T02:30:00,3.950,-,-
2022-03-02T02:15:00,3.955,-,-
2022-03-02T02:00:00,3.959,-,-
2022-03-02T01:45:00,3.964,-,-
2022-03-02T01:30:00,3.969,-,-
2022-03-02T01:15:00,3.975,-,-
2022-03-02T01:00:00,3.981,-,-
2022-03-02T00:45:00,3.988,-,-
2022-03-02T00:30:00,3.997,-,-
2022-03-02T00:15:00,4.006,-,-
2022-03-02T00:00:00,4.016,-,-
2022-03-01T23:45:00,4.025,-,-
2022-03-01T23:30:00,4.036,-,-
2022-03-01T23:15:00,4.049,-,-
2022-03-01T23:00:00,4.062,-,-
2022-03-01T22:45:00,4.074,-,-
2022-03-01T22:30:00,4.087,-,-
2022-03-01T22:15:00,4.099,-,-
2022-03-01T22:00:00,4.109,-,-
2022-03-01T21:45:00,4.118,-,-
2022-03-01T21:30:00,4.125,-,-
2022-03-01T21:15:00,4.129,-,-
2022-03-01T21:00:00,4.132,-,-
2022-03-01T20:45:00,4.132,-,-
2022-03-01T20:30:00,4.132,-,-
2022-03-01T20:15:00,4.131,-,-
2022-03-01T20:00:00,4.131,-,-
2022-03-01T19:45:00,4.131,-,-
2022-03-01T19:30:00,4.131,-,-
2022-03-01T19:15:00,4.131,-,-
2022-03-01T19:00:00,4.132,-,-
2022-03-01T18:45:00,4.131,-,-
2022-03-01T18:30:00,4.131,-,-
2022-03-01T18:15:00,4.132,-,-
2022-03-01T18:00:00,4.132,-,-
2022-03-01T17:45:00,4.132,-,-
2022-03-01T17:30:00,4.132,-,-
2022-03-01T17:15:00,4.131,-,-
2022-03-01T17:00:00,4.132,-,-
2022-03-01T16:45:00,4.131,-,-
2022-03-01T16:30:00,4.130,-,-
2022-03-01T16:15:00,4.129,-,-
2022-03-01T16:00:00,4.129,-,-
2022-03-01T15:45:00,4.127,-,-
2022-03-01T15:30:00,4.124,-,-
2022-03-01T15:15:00,4.120,-,-
2022-03-01T15:00:00,4.114,-,-
2022-03-01T14:45:00,4.107,-,-
2022-03-01T14:30:00,4.098,-,-
2022-03-01T14:15:00,4.086,-,-
2022-03-01T14:00:00,4.074,-,-
2022-03-01T13:45:00,4.060,-,-
2022-03-01T13:30:00,4.048,-,-
2022-03-01T13:15:00,4.040,-,-
2022-03-01T13:00:00,4.038,-,-
2022-03-01T12:45:00,4.042,-,-
2022-03-01T12:30:00,4.051,-,-
2022-03-01T12:15:00,4.064,-,-
2022-03-01T12:00:00,4.079,-,-
2022-03-01T11:45:00,4.097,-,-
2022-03-01T11:30:00,4.119,-,-
2022-03-01T11:15:00,4.143,-,-
2022-03-01T11:00:00,4.170,-,-
2022-03-01T10:45:00,4.198,-,-
2022-03-01T10:30:00,4.231,-,-
2022-03-01T10:15:00,4.265,-,-
2022-03-01T10:00:00,4.304,-,-
2022-03-01T09:45:00,4.342,-,-
2022-03-01T09:30:00,4.380,-,-
2022-03-01T09:15:00,4.411,-,-
2022-03-01T09:00:00,4.441,-,-
2022-03-01T08:45:00,4.461,-,-
2022-03-01T08:30:00,4.473,-,-
2022-03-01T08:15:00,4.479,-,-
2022-03-01T08:00:00,4.481,-,-
2022-03-01T07:45:00,4.481,-,-
2022-03-01T07:30:00,4.480,-,-
2022-03-01T07:15:00,4.481,-,-
2022-03-01T07:00:00,4.482,-,-
2022-03-01T06:45:00,4.482,-,-
2022-03-01T06:30:00,4.482,-,-
2022-03-01T06:15:00,4.484,-,-
2022-03-01T06:00:00,4.485,-,-
2022-03-01T05:45:00,4.486,-,-
2022-03-01T05:30:00,4.487,-,-
2022-03-01T05:15:00,4.487,-,-
2022-03-01T05:00:00,4.488,-,-
2022-03-01T04:45:00,4.488,-,-
2022-03-01T04:30:00,4.490,-,-
2022-03-01T04:15:00,4.491,-,-
2022-03-01T04:00:00,4.492,-,-
2022-03-01T03:45:00,4.493,-,-
2022-03-01T03:30:00,4.495,-,-
2022-03-01T03:15:00,4.495,-,-
2022-03-01T03:00:00,4.496,-,-
2022-03-01T02:45:00,4.497,-,-
2022-03-01T02:30:00,4.498,-,-
2022-03-01T02:15:00,4.499,-,-
2022-03-01T02:00:00,4.500,-,-
2022-03-01T01:45:00,4.502,-,-
2022-03-01T01:30:00,4.503,-,-
2022-03-01T01:15:00,4.504,-,-
2022-03-01T01:00:00,4.505,-,-
2022-03-01T00:45:00,4.507,-,-
2022-03-01T00:30:00,4.508,-,-
2022-03-01T00:15:00,4.508,-,-
2022-03-01T00:00:00,4.510,-,-
2022-02-28T23:45:00,4.509,-,-
2022-02-28T23:30:00,4.511,-,-
2022-02-28T23:15:00,4.513,-,-
2022-02-28T23:00:00,4.514,-,-
2022-02-28T22:45:00,4.516,-,-
2022-02-28T22:30:00,4.515,-,-
2022-02-28T22:15:00,4.518,-,-
2022-02-28T22:00:00,4.519,-,-
2022-02-28T21:45:00,4.520,-,-
2022-02-28T21:30:00,4.521,-,-
2022-02-28T21:15:00,4.521,-,-
2022-02-28T21:00:00,4.523,-,-
2022-02-28T20:45:00,4.524,-,-
2022-02-28T20:30:00,4.525,-,-
2022-02-28T20:15:00,4.527,-,-
2022-02-28T20:00:00,4.528,-,-
2022-02-28T19:45:00,4.529,-,-
2022-02-28T19:30:00,4.529,-,-
2022-02-28T19:15:00,4.530,-,-
2022-02-28T19:00:00,4.532,-,-
2022-02-28T18:45:00,4.533,-,-
2022-02-28T18:30:00,4.535,-,-
2022-02-28T18:15:00,4.536,-,-
2022-02-28T18:00:00,4.538,-,-
2022-02-28T17:45:00,4.537,-,-
2022-02-28T17:30:00,4.542,-,-
2022-02-28T17:15:00,4.542,-,-
2022-02-28T17:00:00,4.545,-,-
2022-02-28T16:45:00,4.548,-,-
2022-02-28T16:30:00,4.550,-,-
2022-02-28T16:15:00,4.552,-,-
2022-02-28T16:00:00,4.555,-,-
2022-02-28T15:45:00,4.556,-,-
2022-02-28T15:30:00,4.557,-,-
2022-02-28T15:15:00,4.563,-,-
2022-02-28T15:00:00,4.563,-,-
2022-02-28T14:45:00,4.567,-,-
2022-02-28T14:30:00,4.569,-,-
2022-02-28T14:15:00,4.572,-,-
2022-02-28T14:00:00,4.575,-,-
2022-02-28T13:45:00,4.578,-,-
2022-02-28T13:30:00,4.582,-,-
2022-02-28T13:15:00,4.584,-,-
2022-02-28T13:00:00,4.589,-,-
2022-02-28T12:45:00,4.592,-,-
2022-02-28T12:30:00,4.596,-,-
2022-02-28T12:15:00,4.603,-,-
2022-02-28T12:00:00,4.605,-,-
2022-02-28T11:45:00,4.607,-,-
2022-02-28T11:30:00,4.609,-,-
2022-02-28T11:15:00,4.611,-,-
2022-02-28T11:00:00,4.613,-,-
2022-02-28T10:45:00,4.615,-,-
2022-02-28T10:30:00,4.617,-,-
2022-02-28T10:15:00,4.619,-,-
2022-02-28T10:00:00,4.620,-,-
2022-02-28T09:45:00,4.622,-,-
2022-02-28T09:30:00,4.622,-,-
2022-02-28T09:15:00,4.624,-,-
2022-02-28T09:00:00,4.624,-,-
2022-02-28T08:45:00,4.625,-,-
2022-02-28T08:30:00,4.627,-,-
2022-02-28T08:15:00,4.628,-,-
2022-02-28T08:00:00,4.631,-,-
2022-02-28T07:45:00,4.634,-,-
2022-02-28T07:30:00,4.638,-,-
2022-02-28T07:15:00,4.635,-,-
2022-02-28T07:00:00,4.635,-,-
2022-02-28T06:45:00,4.631,-,-
2022-02-28T06:30:00,4.633,-,-
2022-02-28T06:15:00,4.634,-,-
2022-02-28T06:00:00,4.635,-,-
2022-02-28T05:45:00,4.636,-,-
2022-02-28T05:30:00,4.635,-,-
2022-02-28T05:15:00,4.636,-,-
2022-02-28T05:00:00,4.637,-,-
2022-02-28T04:45:00,4.637,-,-
2022-02-28T04:30:00,4.637,-,-
2022-02-28T04:15:00,4.638,-,-
2022-02-28T04:00:00,4.640,-,-
2022-02-28T03:45:00,4.640,-,-
2022-02-28T03:30:00,4.641,-,-
2022-02-28T03:15:00,4.642,-,-
2022-02-28T03:00:00,4.642,-,-
2022-02-28T02:45:00,4.643,-,-
2022-02-28T02:30:00,4.645,-,-
2022-02-28T02:15:00,4.645,-,-
2022-02-28T02:00:00,4.646,-,-
2022-02-28T01:45:00,4.647,-,-
2022-02-28T01:30:00,4.647,-,-
2022-02-28T01:15:00,4.647,-,-
2022-02-28T01:00:00,4.648,-,-
2022-02-28T00:45:00,4.648,-,-
2022-02-28T00:30:00,4.649,-,-
2022-02-28T00:15:00,4.650,-,-
2022-02-28T00:00:00,4.650,-,-
2022-02-27T23:45:00,4.651,-,-
2022-02-27T23:30:00,4.652,-,-
2022-02-27T23:15:00,4.651,-,-
2022-02-27T23:00:00,4.653,-,-
2022-02-27T22:45:00,4.653,-,-
2022-02-27T22:30:00,4.653,-,-
2022-02-27T22:15:00,4.656,-,-
2022-02-27T22:00:00,4.657,-,-
2022-02-27T21:45:00,4.656,-,-
2022-02-27T21:30:00,4.658,-,-
2022-02-27T21:15:00,4.659,-,-
2022-02-27T21:00:00,4.661,-,-
2022-02-27T20:45:00,4.662,-,-
2022-02-27T20:30:00,4.662,-,-
2022-02-27T20:15:00,4.663,-,-
2022-02-27T20:00:00,4.666,-,-
2022-02-27T19:45:00,4.667,-,-
2022-02-27T19:30:00,4.668,-,-
2022-02-27T19:15:00,4.667,-,-
2022-02-27T19:00:00,4.668,-,-
2022-02-27T18:45:00,4.667,-,-
2022-02-27T18:30:00,4.668,-,-
2022-02-27T18:15:00,4.668,-,-
2022-02-27T18:00:00,4.667,-,-
2022-02-27T17:45:00,4.667,-,-
2022-02-27T17:30:00,4.669,-,-
2022-02-27T17:15:00,4.669,-,-
2022-02-27T17:00:00,4.667,-,-
2022-02-27T16:45:00,4.669,-,-
2022-02-27T16:30:00,4.671,-,-
2022-02-27T16:15:00,4.669,-,-
2022-02-27T16:00:00,4.669,-,-
2022-02-27T15:45:00,4.669,-,-
2022-02-27T15:30:00,4.668,-,-
2022-02-27T15:15:00,4.665,-,-
2022-02-27T15:00:00,4.663,-,-
2022-02-27T14:45:00,4.660,-,-
2022-02-27T14:30:00,4.656,-,-
2022-02-27T14:15:00,4.649,-,-
2022-02-27T14:00:00,4.639,-,-
2022-02-27T13:45:00,4.626,-,-
2022-02-27T13:30:00,4.603,-,-
2022-02-27T13:15:00,4.576,-,-
2022-02-27T13:00:00,4.545,-,-
2022-02-27T12:45:00,4.514,-,-
2022-02-27T12:30:00,4.486,-,-
2022-02-27T12:15:00,4.478,-,-
2022-02-27T12:00:00,4.480,-,-
2022-02-27T11:45:00,4.491,-,-
2022-02-27T11:30:00,4.504,-,-
2022-02-27T11:15:00,4.517,-,-
2022-02-27T11:00:00,4.532,-,-
2022-02-27T10:45:00,4.549,-,-
2022-02-27T10:30:00,4.566,-,-
2022-02-27T10:15:00,4.587,-,-
2022-02-27T10:00:00,4.609,-,-
2022-02-27T09:45:00,4.634,-,-
2022-02-27T09:30:00,4.658,-,-
2022-02-27T09:15:00,4.685,-,-
2022-02-27T09:00:00,4.712,-,-
2022-02-27T08:45:00,4.736,-,-
2022-02-27T08:30:00,4.755,-,-
2022-02-27T08:15:00,4.769,-,-
2022-02-27T08:00:00,4.778,-,-
2022-02-27T07:45:00,4.783,-,-
2022-02-27T07:30:00,4.785,-,-
2022-02-27T07:15:00,4.787,-,-
2022-02-27T07:00:00,4.786,-,-
2022-02-27T06:45:00,4.785,-,-
2022-02-27T06:30:00,4.783,-,-
2022-02-27T06:15:00,4.780,-,-
2022-02-27T06:00:00,4.779,-,-
2022-02-27T05:45:00,4.778,-,-
2022-02-27T05:30:00,4.775,-,-
2022-02-27T05:15:00,4.772,-,-
2022-02-27T05:00:00,4.769,-,-
2022-02-27T04:45:00,4.767,-,-
2022-02-27T04:30:00,4.767,-,-
2022-02-27T04:15:00,4.765,-,-
2022-02-27T04:00:00,4.761,-,-
2022-02-27T03:45:00,4.760,-,-
2022-02-27T03:30:00,4.757,-,-
2022-02-27T03:15:00,4.756,-,-
2022-02-27T03:00:00,4.753,-,-
2022-02-27T02:45:00,4.752,-,-
2022-02-27T02:30:00,4.749,-,-
2022-02-27T02:15:00,4.747,-,-
2022-02-27T02:00:00,4.745,-,-
2022-02-27T01:45:00,4.742,-,-
2022-02-27T01:30:00,4.739,-,-
2022-02-27T01:15:00,4.736,-,-
2022-02-27T01:00:00,4.734,-,-
2022-02-27T00:45:00,4.732,-,-
2022-02-27T00:30:00,4.731,-,-
2022-02-27T00:15:00,4.728,-,-
2022-02-27T00:00:00,4.725,-,-
2022-02-26T23:45:00,4.724,-,-
2022-02-26T23:30:00,4.722,-,-
2022-02-26T23:15:00,4.720,-,-
2022-02-26T23:00:00,4.717,-,-
2022-02-26T22:45:00,4.715,-,-
2022-02-26T22:30:00,4.714,-,-
2022-02-26T22:15:00,4.710,-,-
2022-02-26T22:00:00,4.708,-,-
2022-02-26T21:45:00,4.706,-,-
2022-02-26T21:30:00,4.703,-,-
2022-02-26T21:15:00,4.701,-,-
2022-02-26T21:00:00,4.698,-,-
2022-02-26T20:45:00,4.695,-,-
2022-02-26T20:30:00,4.693,-,-
2022-02-26T20:15:00,4.691,-,-
2022-02-26T20:00:00,4.688,-,-
2022-02-26T19:45:00,4.687,-,-
2022-02-26T19:30:00,4.685,-,-
2022-02-26T19:15:00,4.683,-,-
2022-02-26T19:00:00,4.681,-,-
2022-02-26T18:45:00,4.678,-,-
2022-02-26T18:30:00,4.677,-,-
2022-02-26T18:15:00,4.674,-,-
2022-02-26T18:00:00,4.672,-,-
2022-02-26T17:45:00,4.670,-,-
2022-02-26T17:30:00,4.666,-,-
2022-02-26T17:15:00,4.665,-,-
2022-02-26T17:00:00,4.662,-,-
2022-02-26T16:45:00,4.660,-,-
2022-02-26T16:30:00,4.658,-,-
2022-02-26T16:15:00,4.656,-,-
2022-02-26T16:00:00,4.653,-,-
2022-02-26T15:45:00,4.652,-,-
2022-02-26T15:30:00,4.649,-,-
2022-02-26T15:15:00,4.648,-,-
2022-02-26T15:00:00,4.645,-,-
2022-02-26T14:45:00,4.643,-,-
2022-02-26T14:30:00,4.642,-,-
2022-02-26T14:15:00,4.639,-,-
2022-02-26T14:00:00,4.638,-,-
2022-02-26T13:45:00,4.635,-,-
2022-02-26T13:30:00,4.634,-,-
2022-02-26T13:15:00,4.632,-,-
2022-02-26T13:00:00,4.631,-,-
2022-02-26T12:45:00,4.629,-,-
2022-02-26T12:30:00,4.627,-,-
2022-02-26T12:15:00,4.623,-,-
2022-02-26T12:00:00,4.624,-,-
2022-02-26T11:45:00,4.622,-,-
2022-02-26T11:30:00,4.617,-,-
2022-02-26T11:15:00,4.616,-,-
2022-02-26T11:00:00,4.616,-,-
2022-02-26T10:45:00,4.615,-,-
2022-02-26T10:30:00,4.612,-,-
2022-02-26T10:15:00,4.609,-,-
2022-02-26T10:00:00,4.609,-,-
2022-02-26T09:45:00,4.604,-,-
2022-02-26T09:30:00,4.605,-,-
2022-02-26T09:15:00,4.602,-,-
2022-02-26T09:00:00,4.598,-,-
2022-02-26T08:45:00,4.596,-,-
2022-02-26T08:30:00,4.593,-,-
2022-02-26T08:15:00,4.591,-,-
2022-02-26T08:00:00,4.587,-,-
2022-02-26T07:45:00,4.584,-,-
2022-02-26T07:30:00,4.581,-,-
2022-02-26T07:15:00,4.577,-,-
2022-02-26T07:00:00,4.574,-,-
2022-02-26T06:45:00,4.569,-,-
2022-02-26T06:30:00,4.569,-,-
2022-02-26T06:15:00,4.568,-,-
2022-02-26T06:00:00,4.563,-,-
2022-02-26T05:45:00,4.560,-,-
2022-02-26T05:30:00,4.557,-,-
2022-02-26T05:15:00,4.555,-,-
2022-02-26T05:00:00,4.551,-,-
2022-02-26T04:45:00,4.547,-,-
2022-02-26T04:30:00,4.545,-,-
2022-02-26T04:15:00,4.541,-,-
2022-02-26T04:00:00,4.539,-,-
2022-02-26T03:45:00,4.535,-,-
2022-02-26T03:30:00,4.532,-,-
2022-02-26T03:15:00,4.530,-,-
2022-02-26T03:00:00,4.528,-,-
2022-02-26T02:45:00,4.526,-,-
2022-02-26T02:30:00,4.524,-,-
2022-02-26T02:15:00,4.520,-,-
2022-02-26T02:00:00,4.517,-,-
2022-02-26T01:45:00,4.514,-,-
2022-02-26T01:30:00,4.511,-,-
2022-02-26T01:15:00,4.507,-,-
2022-02-26T01:00:00,4.505,-,-
2022-02-26T00:45:00,4.501,-,-
2022-02-26T00:30:00,4.497,-,-
2022-02-26T00:15:00,4.494,-,-
2022-02-26T00:00:00,4.491,-,-
2022-03-11T23:45:00,4.641,-,-
2022-03-11T23:30:00,4.643,-,-
2022-03-11T23:15:00,4.645,-,-
2022-03-11T23:00:00,4.645,-,-
2022-03-11T22:45:00,4.650,-,-
2022-03-11T22:30:00,4.655,-,-
2022-03-11T22:15:00,4.660,-,-
2022-03-11T22:00:00,4.667,-,-
2022-03-11T21:45:00,4.674,-,-
2022-03-11T21:30:00,4.685,-,-
2022-03-11T21:15:00,4.695,-,-
2022-03-11T21:00:00,4.707,-,-
2022-03-11T20:45:00,4.716,-,-
2022-03-11T20:30:00,4.723,-,-
2022-03-11T20:15:00,4.729,-,-
2022-03-11T20:00:00,4.731,-,-
2022-03-11T19:45:00,4.731,-,-
2022-03-11T19:30:00,4.730,-,-
2022-03-11T19:15:00,4.727,-,-
2022-03-11T19:00:00,4.724,-,-
2022-03-11T18:45:00,4.721,-,-
2022-03-11T18:30:00,4.718,-,-
2022-03-11T18:15:00,4.712,-,-
2022-03-11T18:00:00,4.710,-,-
2022-03-11T17:45:00,4.704,-,-
2022-03-11T17:30:00,4.701,-,-
2022-03-11T17:15:00,4.697,-,-
2022-03-11T17:00:00,4.695,-,-
2022-03-11T16:45:00,4.689,-,-
2022-03-11T16:30:00,4.685,-,-
2022-03-11T16:15:00,4.683,-,-
2022-03-11T16:00:00,4.678,-,-
2022-03-11T15:45:00,4.672,-,-
2022-03-11T15:30:00,4.666,-,-
2022-03-11T15:15:00,4.659,-,-
2022-03-11T15:00:00,4.651,-,-
2022-03-11T14:45:00,4.639,-,-
2022-03-11T14:30:00,4.628,-,-
2022-03-11T14:15:00,4.614,-,-
2022-03-11T14:00:00,4.601,-,-
2022-03-11T13:45:00,4.588,-,-
2022-03-11T13:30:00,4.582,-,-
2022-03-11T13:15:00,4.581,-,-
2022-03-11T13:00:00,4.587,-,-
2022-03-11T12:45:00,4.598,-,-
2022-03-11T12:30:00,4.608,-,-
2022-03-11T12:15:00,4.614,-,-
2022-03-11T12:00:00,4.610,-,-
2022-03-11T11:45:00,4.602,-,-
2022-03-11T11:30:00,4.590,-,-
2022-03-11T11:15:00,4.567,-,-
2022-03-11T11:00:00,4.538,-,-
2022-03-11T10:45:00,4.501,-,-
2022-03-11T10:30:00,4.450,-,-
2022-03-11T10:15:00,4.381,-,-
2022-03-11T10:00:00,4.292,-,-
2022-03-11T09:45:00,4.194,-,-
2022-03-11T09:30:00,4.114,-,-
2022-03-11T09:15:00,4.086,-,-
2022-03-11T09:00:00,4.084,-,-
2022-03-11T08:45:00,4.085,-,-
2022-03-11T08:30:00,4.088,-,-
2022-03-11T08:15:00,4.091,-,-
2022-03-11T08:00:00,4.094,-,-
2022-03-11T07:45:00,4.098,-,-
2022-03-11T07:30:00,4.099,-,-
2022-03-11T07:15:00,4.100,-,-
2022-03-11T07:00:00,4.101,-,-
2022-03-11T06:45:00,4.102,-,-
2022-03-11T06:30:00,4.103,-,-
2022-03-11T06:15:00,4.104,-,-
2022-03-11T06:00:00,4.105,-,-
2022-03-11T05:45:00,4.106,-,-
2022-03-11T05:30:00,4.108,-,-
2022-03-11T05:15:00,4.109,-,-
2022-03-11T05:00:00,4.111,-,-
2022-03-11T04:45:00,4.112,-,-
2022-03-11T04:30:00,4.113,-,-
2022-03-11T04:15:00,4.115,-,-
2022-03-11T04:00:00,4.117,-,-
2022-03-11T03:45:00,4.119,-,-
2022-03-11T03:30:00,4.120,-,-
2022-03-11T03:15:00,4.122,-,-
2022-03-11T03:00:00,4.123,-,-
2022-03-11T02:45:00,4.126,-,-
2022-03-11T02:30:00,4.128,-,-
2022-03-11T02:15:00,4.130,-,-
2022-03-11T02:00:00,4.132,-,-
2022-03-11T01:45:00,4.134,-,-
2022-03-11T01:30:00,4.137,-,-
2022-03-11T01:15:00,4.140,-,-
2022-03-11T01:00:00,4.144,-,-
2022-03-11T00:45:00,4.149,-,-
2022-03-11T00:30:00,4.153,-,-
2022-03-11T00:15:00,4.157,-,-
2022-03-11T00:00:00,4.164,-,-
2022-03-10T23:45:00,4.171,-,-
2022-03-10T23:30:00,4.178,-,-
2022-03-10T23:15:00,4.187,-,-
2022-03-10T23:00:00,4.197,-,-
2022-03-10T22:45:00,4.207,-,-
2022-03-10T22:30:00,4.219,-,-
2022-03-10T22:15:00,4.228,-,-
2022-03-10T22:00:00,4.238,-,-
2022-03-10T21:45:00,4.247,-,-
2022-03-10T21:30:00,4.253,-,-
2022-03-10T21:15:00,4.257,-,-
2022-03-10T21:00:00,4.258,-,-
2022-03-10T20:45:00,4.258,-,-
2022-03-10T20:30:00,4.256,-,-
2022-03-10T20:15:00,4.254,-,-
2022-03-10T20:00:00,4.249,-,-
2022-03-10T19:45:00,4.246,-,-
2022-03-10T19:30:00,4.244,-,-
2022-03-10T19:15:00,4.241,-,-
2022-03-10T19:00:00,4.236,-,-
2022-03-10T18:45:00,4.234,-,-
2022-03-10T18:30:00,4.231,-,-
2022-03-10T18:15:00,4.230,-,-
2022-03-10T18:00:00,4.230,-,-
2022-03-10T17:45:00,4.230,-,-
2022-03-10T17:30:00,4.229,-,-
2022-03-10T17:15:00,4.222,-,-
2022-03-10T17:00:00,4.219,-,-
2022-03-10T16:45:00,4.218,-,-
2022-03-10T16:30:00,4.218,-,-
2022-03-10T16:15:00,4.216,-,-
2022-03-10T16:00:00,4.216,-,-
2022-03-10T15:45:00,4.213,-,-
2022-03-10T15:30:00,4.213,-,-
2022-03-10T15:15:00,4.211,-,-
2022-03-10T15:00:00,4.210,-,-
2022-03-10T14:45:00,4.207,-,-
2022-03-10T14:30:00,4.205,-,-
2022-03-10T14:15:00,4.204,-,-
2022-03-10T14:00:00,4.200,-,-
2022-03-10T13:45:00,4.199,-,-
2022-03-10T13:30:00,4.196,-,-
2022-03-10T13:15:00,4.193,-,-
2022-03-10T13:00:00,4.190,-,-
2022-03-10T12:45:00,4.185,-,-
2022-03-10T12:30:00,4.180,-,-
2022-03-10T12:15:00,4.172,-,-
2022-03-10T12:00:00,4.163,-,-
2022-03-10T11:45:00,4.151,-,-
2022-03-10T11:30:00,4.137,-,-
2022-03-10T11:15:00,4.119,-,-
2022-03-10T11:00:00,4.100,-,-
2022-03-10T10:45:00,4.084,-,-
2022-03-10T10:30:00,4.069,-,-
2022-03-10T10:15:00,4.060,-,-
2022-03-10T10:00:00,4.056,-,-
2022-03-10T09:45:00,4.055,-,-
2022-03-10T09:30:00,4.057,-,-
2022-03-10T09:15:00,4.057,-,-
2022-03-10T09:00:00,4.059,-,-
2022-03-10T08:45:00,4.061,-,-
2022-03-10T08:30:00,4.062,-,-
2022-03-10T08:15:00,4.063,-,-
2022-03-10T08:00:00,4.064,-,-
2022-03-10T07:45:00,4.066,-,-
2022-03-10T07:30:00,4.068,-,-
2022-03-10T07:15:00,4.069,-,-
2022-03-10T07:00:00,4.070,-,-
2022-03-10T06:45:00,4.071,-,-
2022-03-10T06:30:00,4.073,-,-
2022-03-10T06:15:00,4.075,-,-
2022-03-10T06:00:00,4.075,-,-
2022-03-10T05:45:00,4.076,-,-
2022-03-10T05:30:00,4.077,-,-
2022-03-10T05:15:00,4.078,-,-
2022-03-10T05:00:00,4.080,-,-
2022-03-10T04:45:00,4.081,-,-
2022-03-10T04:30:00,4.082,-,-
2022-03-10T04:15:00,4.084,-,-
2022-03-10T04:00:00,4.085,-,-
2022-03-10T03:45:00,4.086,-,-
2022-03-10T03:30:00,4.088,-,-
2022-03-10T03:15:00,4.090,-,-
2022-03-10T03:00:00,4.091,-,-
2022-03-10T02:45:00,4.093,-,-
2022-03-10T02:30:00,4.094,-,-
2022-03-10T02:15:00,4.097,-,-
2022-03-10T02:00:00,4.099,-,-
2022-03-10T01:45:00,4.101,-,-
2022-03-10T01:30:00,4.104,-,-
2022-03-10T01:15:00,4.108,-,-
2022-03-10T01:00:00,4.112,-,-
2022-03-10T00:45:00,4.117,-,-
2022-03-10T00:30:00,4.122,-,-
2022-03-10T00:15:00,4.127,-,-
2022-03-10T00:00:00,4.134,-,-
2022-03-09T23:45:00,4.140,-,-
2022-03-09T23:30:00,4.147,-,-
2022-03-09T23:15:00,4.156,-,-
2022-03-09T23:00:00,4.165,-,-
2022-03-09T22:45:00,4.175,-,-
2022-03-09T22:30:00,4.185,-,-
2022-03-09T22:15:00,4.193,-,-
2022-03-09T22:00:00,4.202,-,-
2022-03-09T21:45:00,4.209,-,-
2022-03-09T21:30:00,4.215,-,-
2022-03-09T21:15:00,4.218,-,-
2022-03-09T21:00:00,4.220,-,-
2022-03-09T20:45:00,4.220,-,-
2022-03-09T20:30:00,4.220,-,-
2022-03-09T20:15:00,4.219,-,-
2022-03-09T20:00:00,4.217,-,-
2022-03-09T19:45:00,4.216,-,-
2022-03-09T19:30:00,4.215,-,-
2022-03-09T19:15:00,4.216,-,-
2022-03-09T19:00:00,4.215,-,-
2022-03-09T18:45:00,4.214,-,-
2022-03-09T18:30:00,4.214,-,-
2022-03-09T18:15:00,4.213,-,-
2022-03-09T18:00:00,4.213,-,-
2022-03-09T17:45:00,4.212,-,-
2022-03-09T17:30:00,4.213,-,-
2022-03-09T17:15:00,4.210,-,-
2022-03-09T17:00:00,4.207,-,-
2022-03-09T16:45:00,4.202,-,-
2022-03-09T16:30:00,4.195,-,-
2022-03-09T16:15:00,4.186,-,-
2022-03-09T16:00:00,4.178,-,-
2022-03-09T15:45:00,4.168,-,-
2022-03-09T15:30:00,4.155,-,-
2022-03-09T15:15:00,4.141,-,-
2022-03-09T15:00:00,4.126,-,-
2022-03-09T14:45:00,4.110,-,-
2022-03-09T14:30:00,4.096,-,-
2022-03-09T14:15:00,4.087,-,-
2022-03-09T14:00:00,4.082,-,-
2022-03-09T13:45:00,4.080,-,-
2022-03-09T13:30:00,4.081,-,-
2022-03-09T13:15:00,4.083,-,-
2022-03-09T13:00:00,4.085,-,-
2022-03-09T12:45:00,4.088,-,-
2022-03-09T12:30:00,4.090,-,-
2022-03-09T12:15:00,4.091,-,-
2022-03-09T12:00:00,4.094,-,-
2022-03-09T11:45:00,4.096,-,-
2022-03-09T11:30:00,4.096,-,-
2022-03-09T11:15:00,4.098,-,-
2022-03-09T11:00:00,4.100,-,-
2022-03-09T10:45:00,4.102,-,-
2022-03-09T10:30:00,4.103,-,-
2022-03-09T10:15:00,4.106,-,-
2022-03-09T10:00:00,4.107,-,-
2022-03-09T09:45:00,4.109,-,-
2022-03-09T09:30:00,4.111,-,-
2022-03-09T09:15:00,4.113,-,-
2022-03-09T09:00:00,4.116,-,-
2022-03-09T08:45:00,4.118,-,-
2022-03-09T08:30:00,4.121,-,-
2022-03-09T08:15:00,4.124,-,-
2022-03-09T08:00:00,4.126,-,-
2022-03-09T07:45:00,4.129,-,-
2022-03-09T07:30:00,4.133,-,-
2022-03-09T07:15:00,4.135,-,-
2022-03-09T07:00:00,4.137,-,-
2022-03-09T06:45:00,4.139,-,-
2022-03-09T06:30:00,4.141,-,-
2022-03-09T06:15:00,4.143,-,-
2022-03-09T06:00:00,4.145,-,-
2022-03-09T05:45:00,4.147,-,-
2022-03-09T05:30:00,4.149,-,-
2022-03-09T05:15:00,4.151,-,-
2022-03-09T05:00:00,4.152,-,-
2022-03-09T04:45:00,4.155,-,-
2022-03-09T04:30:00,4.156,-,-
2022-03-09T04:15:00,4.158,-,-
2022-03-09T04:00:00,4.160,-,-
2022-03-09T03:45:00,4.162,-,-
2022-03-09T03:30:00,4.164,-,-
2022-03-09T03:15:00,4.167,-,-
2022-03-09T03:00:00,4.169,-,-
2022-03-09T02:45:00,4.172,-,-
2022-03-09T02:30:00,4.174,-,-
2022-03-09T02:15:00,4.176,-,-
2022-03-09T02:00:00,4.179,-,-
2022-03-09T01:45:00,4.180,-,-
2022-03-09T01:30:00,4.181,-,-
2022-03-09T01:15:00,4.184,-,-
2022-03-09T01:00:00,4.186,-,-
2022-03-09T00:45:00,4.189,-,-
2022-03-09T00:30:00,4.192,-,-
2022-03-09T00:15:00,4.194,-,-
2022-03-09T00:00:00,4.196,-,-
2022-03-08T23:45:00,4.198,-,-
2022-03-08T23:30:00,4.200,-,-
2022-03-08T23:15:00,4.202,-,-
2022-03-08T23:00:00,4.205,-,-
2022-03-08T22:45:00,4.207,-,-
2022-03-08T22:30:00,4.210,-,-
2022-03-08T22:15:00,4.212,-,-
2022-03-08T22:00:00,4.214,-,-
2022-03-08T21:45:00,4.215,-,-
2022-03-08T21:30:00,4.218,-,-
2022-03-08T21:15:00,4.221,-,-
2022-03-08T21:00:00,4.222,-,-
2022-03-08T20:45:00,4.225,-,-
2022-03-08T20:30:00,4.227,-,-
2022-03-08T20:15:00,4.229,-,-
2022-03-08T20:00:00,4.230,-,-
2022-03-08T19:45:00,4.231,-,-
2022-03-08T19:30:00,4.233,-,-
2022-03-08T19:15:00,4.235,-,-
2022-03-08T19:00:00,4.236,-,-
2022-03-08T18:45:00,4.238,-,-
2022-03-08T18:30:00,4.239,-,-
2022-03-08T18:15:00,4.240,-,-
2022-03-08T18:00:00,4.242,-,-
2022-03-08T17:45:00,4.243,-,-
2022-03-08T17:30:00,4.245,-,-
2022-03-08T17:15:00,4.246,-,-
2022-03-08T17:00:00,4.248,-,-
2022-03-08T16:45:00,4.251,-,-
2022-03-08T16:30:00,4.253,-,-
2022-03-08T16:15:00,4.255,-,-
2022-03-08T16:00:00,4.260,-,-
2022-03-08T15:45:00,4.264,-,-
2022-03-08T15:30:00,4.268,-,-
2022-03-08T15:15:00,4.275,-,-
2022-03-08T15:00:00,4.282,-,-
2022-03-08T14:45:00,4.290,-,-
2022-03-08T14:30:00,4.301,-,-
2022-03-08T14:15:00,4.310,-,-
2022-03-08T14:00:00,4.316,-,-
2022-03-08T13:45:00,4.325,-,-
2022-03-08T13:30:00,4.331,-,-
2022-03-08T13:15:00,4.334,-,-
2022-03-08T13:00:00,4.335,-,-
2022-03-08T12:45:00,4.334,-,-
2022-03-08T12:30:00,4.334,-,-
2022-03-08T12:15:00,4.334,-,-
2022-03-08T12:00:00,4.337,-,-
2022-03-08T11:45:00,4.339,-,-
2022-03-08T11:30:00,4.344,-,-
2022-03-08T11:15:00,4.354,-,-
2022-03-08T11:00:00,4.365,-,-
2022-03-08T10:45:00,4.381,-,-
2022-03-08T10:30:00,4.401,-,-
2022-03-08T10:15:00,4.432,-,-
2022-03-08T10:00:00,4.463,-,-
2022-03-08T09:45:00,4.494,-,-
2022-03-08T09:30:00,4.523,-,-
2022-03-08T09:15:00,4.545,-,-
2022-03-08T09:00:00,4.562,-,-
2022-03-08T08:45:00,4.573,-,-
2022-03-08T08:30:00,4.575,-,-
2022-03-08T08:15:00,4.577,-,-
2022-03-08T08:00:00,4.576,-,-
2022-03-08T07:45:00,4.575,-,-
2022-03-08T07:30:00,4.578,-,-
2022-03-08T07:15:00,4.578,-,-
2022-03-08T07:00:00,4.577,-,-
2022-03-08T06:45:00,4.578,-,-
2022-03-08T06:30:00,4.576,-,-
2022-03-08T06:15:00,4.579,-,-
2022-03-08T06:00:00,4.578,-,-
2022-03-08T05:45:00,4.578,-,-
2022-03-08T05:30:00,4.580,-,-
2022-03-08T05:15:00,4.581,-,-
2022-03-08T05:00:00,4.581,-,-
2022-03-08T04:45:00,4.581,-,-
2022-03-08T04:30:00,4.582,-,-
2022-03-08T04:15:00,4.582,-,-
2022-03-08T04:00:00,4.584,-,-
2022-03-08T03:45:00,4.586,-,-
2022-03-08T03:30:00,4.587,-,-
2022-03-08T03:15:00,4.587,-,-
2022-03-08T03:00:00,4.589,-,-
2022-03-08T02:45:00,4.590,-,-
2022-03-08T02:30:00,4.593,-,-
2022-03-08T02:15:00,4.593,-,-
2022-03-08T02:00:00,4.597,-,-
2022-03-08T01:45:00,4.598,-,-
2022-03-08T01:30:00,4.599,-,-
2022-03-08T01:15:00,4.601,-,-
2022-03-08T01:00:00,4.604,-,-
2022-03-08T00:45:00,4.607,-,-
2022-03-08T00:30:00,4.610,-,-
2022-03-08T00:15:00,4.614,-,-
2022-03-08T00:00:00,4.618,-,-
2022-03-07T23:45:00,4.622,-,-
2022-03-07T23:30:00,4.629,-,-
2022-03-07T23:15:00,4.634,-,-
2022-03-07T23:00:00,4.639,-,-
2022-03-07T22:45:00,4.642,-,-
2022-03-07T22:30:00,4.648,-,-
2022-03-07T22:15:00,4.648,-,-
2022-03-07T22:00:00,4.653,-,-
2022-03-07T21:45:00,4.657,-,-
2022-03-07T21:30:00,4.663,-,-
2022-03-07T21:15:00,4.667,-,-
2022-03-07T21:00:00,4.675,-,-
2022-03-07T20:45:00,4.681,-,-
2022-03-07T20:30:00,4.682,-,-
2022-03-07T20:15:00,4.672,-,-
2022-03-07T20:00:00,4.671,-,-
2022-03-07T19:45:00,4.669,-,-
2022-03-07T19:30:00,4.668,-,-
2022-03-07T19:15:00,4.667,-,-
2022-03-07T19:00:00,4.669,-,-
2022-03-07T18:45:00,4.668,-,-
2022-03-07T18:30:00,4.669,-,-
2022-03-07T18:15:00,4.668,-,-
2022-03-07T18:00:00,4.667,-,-
2022-03-07T17:45:00,4.668,-,-
2022-03-07T17:30:00,4.668,-,-
2022-03-07T17:15:00,4.666,-,-
2022-03-07T17:00:00,4.667,-,-
2022-03-07T16:45:00,4.668,-,-
2022-03-07T16:30:00,4.668,-,-
2022-03-07T16:15:00,4.669,-,-
2022-03-07T16:00:00,4.669,-,-
2022-03-07T15:45:00,4.670,-,-
2022-03-07T15:30:00,4.670,-,-
2022-03-07T15:15:00,4.671,-,-
2022-03-07T15:00:00,4.670,-,-
2022-03-07T14:45:00,4.670,-,-
2022-03-07T14:30:00,4.668,-,-
2022-03-07T14:15:00,4.669,-,-
2022-03-07T14:00:00,4.666,-,-
2022-03-07T13:45:00,4.668,-,-
2022-03-07T13:30:00,4.669,-,-
2022-03-07T13:15:00,4.667,-,-
2022-03-07T13:00:00,4.665,-,-
2022-03-07T12:45:00,4.666,-,-
2022-03-07T12:30:00,4.664,-,-
2022-03-07T12:15:00,4.663,-,-
2022-03-07T12:00:00,4.661,-,-
2022-03-07T11:45:00,4.661,-,-
2022-03-07T11:30:00,4.658,-,-
2022-03-07T11:15:00,4.656,-,-
2022-03-07T11:00:00,4.653,-,-
2022-03-07T10:45:00,4.649,-,-
2022-03-07T10:30:00,4.644,-,-
2022-03-07T10:15:00,4.637,-,-
2022-03-07T10:00:00,4.628,-,-
2022-03-07T09:45:00,4.616,-,-
2022-03-07T09:30:00,4.601,-,-
2022-03-07T09:15:00,4.584,-,-
2022-03-07T09:00:00,4.567,-,-
2022-03-07T08:45:00,4.549,-,-
2022-03-07T08:30:00,4.535,-,-
2022-03-07T08:15:00,4.528,-,-
2022-03-07T08:00:00,4.527,-,-
2022-03-07T07:45:00,4.529,-,-
2022-03-07T07:30:00,4.537,-,-
2022-03-07T07:15:00,4.549,-,-
2022-03-07T07:00:00,4.563,-,-
2022-03-07T06:45:00,4.571,-,-
2022-03-07T06:30:00,4.581,-,-
2022-03-07T06:15:00,4.582,-,-
2022-03-07T06:00:00,4.587,-,-
2022-03-07T05:45:00,4.590,-,-
2022-03-07T05:30:00,4.591,-,-
2022-03-07T05:15:00,4.593,-,-
2022-03-07T05:00:00,4.596,-,-
2022-03-07T04:45:00,4.599,-,-
2022-03-07T04:30:00,4.601,-,-
2022-03-07T04:15:00,4.603,-,-
2022-03-07T04:00:00,4.604,-,-
2022-03-07T03:45:00,4.607,-,-
2022-03-07T03:30:00,4.609,-,-
2022-03-07T03:15:00,4.612,-,-
2022-03-07T03:00:00,4.616,-,-
2022-03-07T02:45:00,4.618,-,-
2022-03-07T02:30:00,4.621,-,-
2022-03-07T02:15:00,4.624,-,-
2022-03-07T02:00:00,4.627,-,-
2022-03-07T01:45:00,4.630,-,-
2022-03-07T01:30:00,4.633,-,-
2022-03-07T01:15:00,4.636,-,-
2022-03-07T01:00:00,4.639,-,-
2022-03-07T00:45:00,4.641,-,-
2022-03-07T00:30:00,4.644,-,-
2022-03-07T00:15:00,4.649,-,-
2022-03-07T00:00:00,4.652,-,-
2022-03-06T23:45:00,4.657,-,-
2022-03-06T23:30:00,4.661,-,-
2022-03-06T23:15:00,4.665,-,-
2022-03-06T23:00:00,4.671,-,-
2022-03-06T22:45:00,4.677,-,-
2022-03-06T22:30:00,4.684,-,-
2022-03-06T22:15:00,4.692,-,-
2022-03-06T22:00:00,4.702,-,-
2022-03-06T21:45:00,4.714,-,-
2022-03-06T21:30:00,4.726,-,-
2022-03-06T21:15:00,4.737,-,-
2022-03-06T21:00:00,4.753,-,-
2022-03-06T20:45:00,4.765,-,-
2022-03-06T20:30:00,4.772,-,-
2022-03-06T20:15:00,4.780,-,-
2022-03-06T20:00:00,4.783,-,-
2022-03-06T19:45:00,4.786,-,-
2022-03-06T19:30:00,4.786,-,-
2022-03-06T19:15:00,4.785,-,-
2022-03-06T19:00:00,4.788,-,-
2022-03-06T18:45:00,4.788,-,-
2022-03-06T18:30:00,4.789,-,-
2022-03-06T18:15:00,4.791,-,-
2022-03-06T18:00:00,4.793,-,-
2022-03-06T17:45:00,4.796,-,-
2022-03-06T17:30:00,4.796,-,-
2022-03-06T17:15:00,4.799,-,-
2022-03-06T17:00:00,4.801,-,-
2022-03-06T16:45:00,4.801,-,-
2022-03-06T16:30:00,4.805,-,-
2022-03-06T16:15:00,4.807,-,-
2022-03-06T16:00:00,4.808,-,-
2022-03-06T15:45:00,4.811,-,-
2022-03-06T15:30:00,4.812,-,-
2022-03-06T15:15:00,4.815,-,-
2022-03-06T15:00:00,4.815,-,-
2022-03-06T14:45:00,4.817,-,-
2022-03-06T14:30:00,4.819,-,-
2022-03-06T14:15:00,4.821,-,-
2022-03-06T14:00:00,4.824,-,-
2022-03-06T13:45:00,4.825,-,-
2022-03-06T13:30:00,4.828,-,-
2022-03-06T13:15:00,4.829,-,-
2022-03-06T13:00:00,4.831,-,-
2022-03-06T12:45:00,4.833,-,-
2022-03-06T12:30:00,4.837,-,-
2022-03-06T12:15:00,4.837,-,-
2022-03-06T12:00:00,4.840,-,-
2022-03-06T11:45:00,4.842,-,-
2022-03-06T11:30:00,4.843,-,-
2022-03-06T11:15:00,4.846,-,-
2022-03-06T11:00:00,4.848,-,-
2022-03-06T10:45:00,4.851,-,-
2022-03-06T10:30:00,4.849,-,-
2022-03-06T10:15:00,4.847,-,-
2022-03-06T10:00:00,4.847,-,-
2022-03-06T09:45:00,4.844,-,-
2022-03-06T09:30:00,4.840,-,-
2022-03-06T09:15:00,4.834,-,-
2022-03-06T09:00:00,4.828,-,-
2022-03-06T08:45:00,4.823,-,-
2022-03-06T08:30:00,4.820,-,-
2022-03-06T08:15:00,4.822,-,-
2022-03-06T08:00:00,4.825,-,-
2022-03-06T07:45:00,4.835,-,-
2022-03-06T07:30:00,4.842,-,-
2022-03-06T07:15:00,4.849,-,-
2022-03-06T07:00:00,4.855,-,-
2022-03-06T06:45:00,4.853,-,-
2022-03-06T06:30:00,4.851,-,-
2022-03-06T06:15:00,4.849,-,-
2022-03-06T06:00:00,4.846,-,-
2022-03-06T05:45:00,4.845,-,-
2022-03-06T05:30:00,4.843,-,-
2022-03-06T05:15:00,4.841,-,-
2022-03-06T05:00:00,4.840,-,-
2022-03-06T04:45:00,4.838,-,-
2022-03-06T04:30:00,4.836,-,-
2022-03-06T04:15:00,4.834,-,-
2022-03-06T04:00:00,4.832,-,-
2022-03-06T03:45:00,4.831,-,-
2022-03-06T03:30:00,4.829,-,-
2022-03-06T03:15:00,4.827,-,-
2022-03-06T03:00:00,4.826,-,-
2022-03-06T02:45:00,4.823,-,-
2022-03-06T02:30:00,4.822,-,-
2022-03-06T02:15:00,4.821,-,-
2022-03-06T02:00:00,4.819,-,-
2022-03-06T01:45:00,4.816,-,-
2022-03-06T01:30:00,4.816,-,-
2022-03-06T01:15:00,4.813,-,-
2022-03-06T01:00:00,4.811,-,-
2022-03-06T00:45:00,4.808,-,-
2022-03-06T00:30:00,4.808,-,-
2022-03-06T00:15:00,4.805,-,-
2022-03-06T00:00:00,4.803,-,-
2022-03-05T23:45:00,4.803,-,-
2022-03-05T23:30:00,4.801,-,-
2022-03-05T23:15:00,4.801,-,-
2022-03-05T23:00:00,4.801,-,-
2022-03-05T22:45:00,4.800,-,-
2022-03-05T22:30:00,4.799,-,-
2022-03-05T22:15:00,4.800,-,-
2022-03-05T22:00:00,4.804,-,-
2022-03-05T21:45:00,4.807,-,-
2022-03-05T21:30:00,4.813,-,-
2022-03-05T21:15:00,4.819,-,-
2022-03-05T21:00:00,4.825,-,-
2022-03-05T20:45:00,4.829,-,-
2022-03-05T20:30:00,4.834,-,-
2022-03-05T20:15:00,4.835,-,-
2022-03-05T20:00:00,4.835,-,-
2022-03-05T19:45:00,4.831,-,-
2022-03-05T19:30:00,4.827,-,-
2022-03-05T19:15:00,4.822,-,-
2022-03-05T19:00:00,4.818,-,-
2022-03-05T18:45:00,4.815,-,-
2022-03-05T18:30:00,4.810,-,-
2022-03-05T18:15:00,4.807,-,-
2022-03-05T18:00:00,4.803,-,-
2022-03-05T17:45:00,4.800,-,-
2022-03-05T17:30:00,4.795,-,-
2022-03-05T17:15:00,4.792,-,-
2022-03-05T17:00:00,4.790,-,-
2022-03-05T16:45:00,4.785,-,-
2022-03-05T16:30:00,4.782,-,-
2022-03-05T16:15:00,4.780,-,-
2022-03-05T16:00:00,4.776,-,-
2022-03-05T15:45:00,4.773,-,-
2022-03-05T15:30:00,4.768,-,-
2022-03-05T15:15:00,4.766,-,-
2022-03-05T15:00:00,4.763,-,-
2022-03-05T14:45:00,4.762,-,-
2022-03-05T14:30:00,4.757,-,-
2022-03-05T14:15:00,4.754,-,-
2022-03-05T14:00:00,4.752,-,-
2022-03-05T13:45:00,4.748,-,-
2022-03-05T13:30:00,4.745,-,-
2022-03-05T13:15:00,4.742,-,-
2022-03-05T13:00:00,4.736,-,-
2022-03-05T12:45:00,4.734,-,-
2022-03-05T12:30:00,4.730,-,-
2022-03-05T12:15:00,4.727,-,-
2022-03-05T12:00:00,4.723,-,-
2022-03-05T11:45:00,4.719,-,-
2022-03-05T11:30:00,4.715,-,-
2022-03-05T11:15:00,4.710,-,-
2022-03-05T11:00:00,4.704,-,-
2022-03-05T10:45:00,4.699,-,-
2022-03-05T10:30:00,4.692,-,-
2022-03-05T10:15:00,4.683,-,-
2022-03-05T10:00:00,4.672,-,-
2022-03-05T09:45:00,4.661,-,-
2022-03-05T09:30:00,4.647,-,-
2022-03-05T09:15:00,4.636,-,-
2022-03-05T09:00:00,4.627,-,-
2022-03-05T08:45:00,4.616,-,-
2022-03-05T08:30:00,4.612,-,-
2022-03-05T08:15:00,4.609,-,-
2022-03-05T08:00:00,4.606,-,-
2022-03-05T07:45:00,4.604,-,-
2022-03-05T07:30:00,4.603,-,-
2022-03-05T07:15:00,4.599,-,-
2022-03-05T07:00:00,4.594,-,-
2022-03-05T06:45:00,4.593,-,-
2022-03-05T06:30:00,4.590,-,-
2022-03-05T06:15:00,4.589,-,-
2022-03-05T06:00:00,4.585,-,-
2022-03-05T05:45:00,4.582,-,-
2022-03-05T05:30:00,4.580,-,-
2022-03-05T05:15:00,4.577,-,-
2022-03-05T05:00:00,4.575,-,-
2022-03-05T04:45:00,4.573,-,-
2022-03-05T04:30:00,4.570,-,-
2022-03-05T04:15:00,4.566,-,-
2022-03-05T04:00:00,4.565,-,-
2022-03-05T03:45:00,4.563,-,-
2022-03-05T03:30:00,4.559,-,-
2022-03-05T03:15:00,4.559,-,-
2022-03-05T03:00:00,4.556,-,-
2022-03-05T02:45:00,4.552,-,-
2022-03-05T02:30:00,4.550,-,-
2022-03-05T02:15:00,4.546,-,-
2022-03-05T02:00:00,4.545,-,-
2022-03-05T01:45:00,4.541,-,-
2022-03-05T01:30:00,4.538,-,-
2022-03-05T01:15:00,4.535,-,-
2022-03-05T01:00:00,4.534,-,-
2022-03-05T00:45:00,4.535,-,-
2022-03-05T00:30:00,4.531,-,-
2022-03-05T00:15:00,4.530,-,-
2022-03-05T00:00:00,4.529,-,-
2022-03-18T23:45:00,4.805,-,-
2022-03-18T23:30:00,4.804,-,-
2022-03-18T23:15:00,4.807,-,-
2022-03-18T23:00:00,4.807,-,-
2022-03-18T22:45:00,4.810,-,-
2022-03-18T22:30:00,4.812,-,-
2022-03-18T22:15:00,4.818,-,-
2022-03-18T22:00:00,4.825,-,-
2022-03-18T21:45:00,4.833,-,-
2022-03-18T21:30:00,4.843,-,-
2022-03-18T21:15:00,4.857,-,-
2022-03-18T21:00:00,4.868,-,-
2022-03-18T20:45:00,4.877,-,-
2022-03-18T20:30:00,4.886,-,-
2022-03-18T20:15:00,4.891,-,-
2022-03-18T20:00:00,4.890,-,-
2022-03-18T19:45:00,4.889,-,-
2022-03-18T19:30:00,4.886,-,-
2022-03-18T19:15:00,4.884,-,-
2022-03-18T19:00:00,4.883,-,-
2022-03-18T18:45:00,4.880,-,-
2022-03-18T18:30:00,4.876,-,-
2022-03-18T18:15:00,4.870,-,-
2022-03-18T18:00:00,4.868,-,-
2022-03-18T17:45:00,4.865,-,-
2022-03-18T17:30:00,4.856,-,-
2022-03-18T17:15:00,4.850,-,-
2022-03-18T17:00:00,4.839,-,-
2022-03-18T16:45:00,4.832,-,-
2022-03-18T16:30:00,4.822,-,-
2022-03-18T16:15:00,4.812,-,-
2022-03-18T16:00:00,4.804,-,-
2022-03-18T15:45:00,4.801,-,-
2022-03-18T15:30:00,4.793,-,-
2022-03-18T15:15:00,4.781,-,-
2022-03-18T15:00:00,4.763,-,-
2022-03-18T14:45:00,4.738,-,-
2022-03-18T14:30:00,4.712,-,-
2022-03-18T14:15:00,4.691,-,-
2022-03-18T14:00:00,4.685,-,-
2022-03-18T13:45:00,4.682,-,-
2022-03-18T13:30:00,4.674,-,-
2022-03-18T13:15:00,4.665,-,-
2022-03-18T13:00:00,4.661,-,-
2022-03-18T12:45:00,4.653,-,-
2022-03-18T12:30:00,4.648,-,-
2022-03-18T12:15:00,4.637,-,-
2022-03-18T12:00:00,4.631,-,-
2022-03-18T11:45:00,4.616,-,-
2022-03-18T11:30:00,4.599,-,-
2022-03-18T11:15:00,4.570,-,-
2022-03-18T11:00:00,4.536,-,-
2022-03-18T10:45:00,4.486,-,-
2022-03-18T10:30:00,4.411,-,-
2022-03-18T10:15:00,4.310,-,-
2022-03-18T10:00:00,4.182,-,-
2022-03-18T09:45:00,4.065,-,-
2022-03-18T09:30:00,4.024,-,-
2022-03-18T09:15:00,4.022,-,-
2022-03-18T09:00:00,4.022,-,-
2022-03-18T08:45:00,4.023,-,-
2022-03-18T08:30:00,4.025,-,-
2022-03-18T08:15:00,4.026,-,-
2022-03-18T08:00:00,4.027,-,-
2022-03-18T07:45:00,4.029,-,-
2022-03-18T07:30:00,4.030,-,-
2022-03-18T07:15:00,4.030,-,-
2022-03-18T07:00:00,4.032,-,-
2022-03-18T06:45:00,4.033,-,-
2022-03-18T06:30:00,4.034,-,-
2022-03-18T06:15:00,4.035,-,-
2022-03-18T06:00:00,4.037,-,-
2022-03-18T05:45:00,4.038,-,-
2022-03-18T05:30:00,4.039,-,-
2022-03-18T05:15:00,4.039,-,-
2022-03-18T05:00:00,4.041,-,-
2022-03-18T04:45:00,4.042,-,-
2022-03-18T04:30:00,4.043,-,-
2022-03-18T04:15:00,4.045,-,-
2022-03-18T04:00:00,4.046,-,-
2022-03-18T03:45:00,4.048,-,-
2022-03-18T03:30:00,4.049,-,-
2022-03-18T03:15:00,4.051,-,-
2022-03-18T03:00:00,4.053,-,-
2022-03-18T02:45:00,4.055,-,-
2022-03-18T02:30:00,4.056,-,-
2022-03-18T02:15:00,4.059,-,-
2022-03-18T02:00:00,4.061,-,-
2022-03-18T01:45:00,4.063,-,-
2022-03-18T01:30:00,4.067,-,-
2022-03-18T01:15:00,4.071,-,-
2022-03-18T01:00:00,4.076,-,-
2022-03-18T00:45:00,4.082,-,-
2022-03-18T00:30:00,4.089,-,-
2022-03-18T00:15:00,4.095,-,-
2022-03-18T00:00:00,4.104,-,-
2022-03-17T23:45:00,4.114,-,-
2022-03-17T23:30:00,4.127,-,-
2022-03-17T23:15:00,4.139,-,-
2022-03-17T23:00:00,4.151,-,-
2022-03-17T22:45:00,4.163,-,-
2022-03-17T22:30:00,4.178,-,-
2022-03-17T22:15:00,4.192,-,-
2022-03-17T22:00:00,4.205,-,-
2022-03-17T21:45:00,4.216,-,-
2022-03-17T21:30:00,4.225,-,-
2022-03-17T21:15:00,4.231,-,-
2022-03-17T21:00:00,4.234,-,-
2022-03-17T20:45:00,4.236,-,-
2022-03-17T20:30:00,4.234,-,-
2022-03-17T20:15:00,4.234,-,-
2022-03-17T20:00:00,4.232,-,-
2022-03-17T19:45:00,4.231,-,-
2022-03-17T19:30:00,4.231,-,-
2022-03-17T19:15:00,4.229,-,-
2022-03-17T19:00:00,4.229,-,-
2022-03-17T18:45:00,4.229,-,-
2022-03-17T18:30:00,4.228,-,-
2022-03-17T18:15:00,4.227,-,-
2022-03-17T18:00:00,4.224,-,-
2022-03-17T17:45:00,4.223,-,-
2022-03-17T17:30:00,4.221,-,-
2022-03-17T17:15:00,4.220,-,-
2022-03-17T17:00:00,4.219,-,-
2022-03-17T16:45:00,4.218,-,-
2022-03-17T16:30:00,4.217,-,-
2022-03-17T16:15:00,4.217,-,-
2022-03-17T16:00:00,4.216,-,-
2022-03-17T15:45:00,4.215,-,-
2022-03-17T15:30:00,4.213,-,-
2022-03-17T15:15:00,4.212,-,-
2022-03-17T15:00:00,4.211,-,-
2022-03-17T14:45:00,4.210,-,-
2022-03-17T14:30:00,4.208,-,-
2022-03-17T14:15:00,4.205,-,-
2022-03-17T14:00:00,4.202,-,-
2022-03-17T13:45:00,4.199,-,-
2022-03-17T13:30:00,4.195,-,-
2022-03-17T13:15:00,4.189,-,-
2022-03-17T13:00:00,4.180,-,-
2022-03-17T12:45:00,4.167,-,-
2022-03-17T12:30:00,4.152,-,-
2022-03-17T12:15:00,4.130,-,-
2022-03-17T12:00:00,4.100,-,-
2022-03-17T11:45:00,4.068,-,-
2022-03-17T11:30:00,4.035,-,-
2022-03-17T11:15:00,4.015,-,-
2022-03-17T11:00:00,4.006,-,-
2022-03-17T10:45:00,4.004,-,-
2022-03-17T10:30:00,4.004,-,-
2022-03-17T10:15:00,4.005,-,-
2022-03-17T10:00:00,4.006,-,-
2022-03-17T09:45:00,4.007,-,-
2022-03-17T09:30:00,4.008,-,-
2022-03-17T09:15:00,4.009,-,-
2022-03-17T09:00:00,4.010,-,-
2022-03-17T08:45:00,4.011,-,-
2022-03-17T08:30:00,4.012,-,-
2022-03-17T08:15:00,4.014,-,-
2022-03-17T08:00:00,4.015,-,-
2022-03-17T07:45:00,4.016,-,-
2022-03-17T07:30:00,4.017,-,-
2022-03-17T07:15:00,4.018,-,-
2022-03-17T07:00:00,4.018,-,-
2022-03-17T06:45:00,4.020,-,-
2022-03-17T06:30:00,4.021,-,-
2022-03-17T06:15:00,4.022,-,-
2022-03-17T06:00:00,4.024,-,-
2022-03-17T05:45:00,4.025,-,-
2022-03-17T05:30:00,4.026,-,-
2022-03-17T05:15:00,4.027,-,-
2022-03-17T05:00:00,4.028,-,-
2022-03-17T04:45:00,4.029,-,-
2022-03-17T04:30:00,4.029,-,-
2022-03-17T04:15:00,4.030,-,-
2022-03-17T04:00:00,4.031,-,-
2022-03-17T03:45:00,4.032,-,-
2022-03-17T03:30:00,4.033,-,-
2022-03-17T03:15:00,4.034,-,-
2022-03-17T03:00:00,4.035,-,-
2022-03-17T02:45:00,4.036,-,-
2022-03-17T02:30:00,4.037,-,-
2022-03-17T02:15:00,4.038,-,-
2022-03-17T02:00:00,4.038,-,-
2022-03-17T01:45:00,4.040,-,-
2022-03-17T01:30:00,4.042,-,-
2022-03-17T01:15:00,4.047,-,-
2022-03-17T01:00:00,4.052,-,-
2022-03-17T00:45:00,4.058,-,-
2022-03-17T00:30:00,4.065,-,-
2022-03-17T00:15:00,4.073,-,-
2022-03-17T00:00:00,4.083,-,-
2022-03-16T23:45:00,4.092,-,-
2022-03-16T23:30:00,4.103,-,-
2022-03-16T23:15:00,4.116,-,-
2022-03-16T23:00:00,4.130,-,-
2022-03-16T22:45:00,4.143,-,-
2022-03-16T22:30:00,4.157,-,-
2022-03-16T22:15:00,4.171,-,-
2022-03-16T22:00:00,4.184,-,-
2022-03-16T21:45:00,4.195,-,-
2022-03-16T21:30:00,4.205,-,-
2022-03-16T21:15:00,4.211,-,-
2022-03-16T21:00:00,4.215,-,-
2022-03-16T20:45:00,4.214,-,-
2022-03-16T20:30:00,4.215,-,-
2022-03-16T20:15:00,4.215,-,-
2022-03-16T20:00:00,4.214,-,-
2022-03-16T19:45:00,4.211,-,-
2022-03-16T19:30:00,4.210,-,-
2022-03-16T19:15:00,4.209,-,-
2022-03-16T19:00:00,4.207,-,-
2022-03-16T18:45:00,4.205,-,-
2022-03-16T18:30:00,4.204,-,-
2022-03-16T18:15:00,4.203,-,-
2022-03-16T18:00:00,4.201,-,-
2022-03-16T17:45:00,4.200,-,-
2022-03-16T17:30:00,4.197,-,-
2022-03-16T17:15:00,4.195,-,-
2022-03-16T17:00:00,4.195,-,-
2022-03-16T16:45:00,4.192,-,-
2022-03-16T16:30:00,4.190,-,-
2022-03-16T16:15:00,4.190,-,-
2022-03-16T16:00:00,4.189,-,-
2022-03-16T15:45:00,4.189,-,-
2022-03-16T15:30:00,4.186,-,-
2022-03-16T15:15:00,4.183,-,-
2022-03-16T15:00:00,4.179,-,-
2022-03-16T14:45:00,4.172,-,-
2022-03-16T14:30:00,4.163,-,-
2022-03-16T14:15:00,4.152,-,-
2022-03-16T14:00:00,4.136,-,-
2022-03-16T13:45:00,4.113,-,-
2022-03-16T13:30:00,4.086,-,-
2022-03-16T13:15:00,4.054,-,-
2022-03-16T13:00:00,4.023,-,-
2022-03-16T12:45:00,4.002,-,-
2022-03-16T12:30:00,3.993,-,-
2022-03-16T12:15:00,3.993,-,-
2022-03-16T12:00:00,3.996,-,-
2022-03-16T11:45:00,3.995,-,-
2022-03-16T11:30:00,3.999,-,-
2022-03-16T11:15:00,4.000,-,-
2022-03-16T11:00:00,4.003,-,-
2022-03-16T10:45:00,4.004,-,-
2022-03-16T10:30:00,4.006,-,-
2022-03-16T10:15:00,4.009,-,-
2022-03-16T10:00:00,4.011,-,-
2022-03-16T09:45:00,4.012,-,-
2022-03-16T09:30:00,4.014,-,-
2022-03-16T09:15:00,4.017,-,-
2022-03-16T09:00:00,4.019,-,-
2022-03-16T08:45:00,4.022,-,-
2022-03-16T08:30:00,4.025,-,-
2022-03-16T08:15:00,4.027,-,-
2022-03-16T08:00:00,4.030,-,-
2022-03-16T07:45:00,4.033,-,-
2022-03-16T07:30:00,4.028,-,-
2022-03-16T07:15:00,4.027,-,-
2022-03-16T07:00:00,4.035,-,-
2022-03-16T06:45:00,4.039,-,-
2022-03-16T06:30:00,4.043,-,-
2022-03-16T06:15:00,4.048,-,-
2022-03-16T06:00:00,4.052,-,-
2022-03-16T05:45:00,4.056,-,-
2022-03-16T05:30:00,4.061,-,-
2022-03-16T05:15:00,4.065,-,-
2022-03-16T05:00:00,4.070,-,-
2022-03-16T04:45:00,4.075,-,-
2022-03-16T04:30:00,4.079,-,-
2022-03-16T04:15:00,4.085,-,-
2022-03-16T04:00:00,4.089,-,-
2022-03-16T03:45:00,4.094,-,-
2022-03-16T03:30:00,4.099,-,-
2022-03-16T03:15:00,4.105,-,-
2022-03-16T03:00:00,4.110,-,-
2022-03-16T02:45:00,4.115,-,-
2022-03-16T02:30:00,4.121,-,-
2022-03-16T02:15:00,4.128,-,-
2022-03-16T02:00:00,4.134,-,-
2022-03-16T01:45:00,4.141,-,-
2022-03-16T01:30:00,4.148,-,-
2022-03-16T01:15:00,4.155,-,-
2022-03-16T01:00:00,4.161,-,-
2022-03-16T00:45:00,4.170,-,-
2022-03-16T00:30:00,4.179,-,-
2022-03-16T00:15:00,4.189,-,-
2022-03-16T00:00:00,4.199,-,-
2022-03-15T23:45:00,4.210,-,-
2022-03-15T23:30:00,4.222,-,-
2022-03-15T23:15:00,4.235,-,-
2022-03-15T23:00:00,4.250,-,-
2022-03-15T22:45:00,4.264,-,-
2022-03-15T22:30:00,4.277,-,-
2022-03-15T22:15:00,4.292,-,-
2022-03-15T22:00:00,4.307,-,-
2022-03-15T21:45:00,4.320,-,-
2022-03-15T21:30:00,4.332,-,-
2022-03-15T21:15:00,4.341,-,-
2022-03-15T21:00:00,4.348,-,-
2022-03-15T20:45:00,4.352,-,-
2022-03-15T20:30:00,4.355,-,-
2022-03-15T20:15:00,4.357,-,-
2022-03-15T20:00:00,4.360,-,-
2022-03-15T19:45:00,4.361,-,-
2022-03-15T19:30:00,4.363,-,-
2022-03-15T19:15:00,4.365,-,-
2022-03-15T19:00:00,4.366,-,-
2022-03-15T18:45:00,4.368,-,-
2022-03-15T18:30:00,4.370,-,-
2022-03-15T18:15:00,4.371,-,-
2022-03-15T18:00:00,4.371,-,-
2022-03-15T17:45:00,4.372,-,-
2022-03-15T17:30:00,4.372,-,-
2022-03-15T17:15:00,4.373,-,-
2022-03-15T17:00:00,4.373,-,-
2022-03-15T16:45:00,4.375,-,-
2022-03-15T16:30:00,4.375,-,-
2022-03-15T16:15:00,4.377,-,-
2022-03-15T16:00:00,4.377,-,-
2022-03-15T15:45:00,4.378,-,-
2022-03-15T15:30:00,4.378,-,-
2022-03-15T15:15:00,4.378,-,-
2022-03-15T15:00:00,4.379,-,-
2022-03-15T14:45:00,4.379,-,-
2022-03-15T14:30:00,4.379,-,-
2022-03-15T14:15:00,4.380,-,-
2022-03-15T14:00:00,4.381,-,-
2022-03-15T13:45:00,4.383,-,-
2022-03-15T13:30:00,4.383,-,-
2022-03-15T13:15:00,4.385,-,-
2022-03-15T13:00:00,4.386,-,-
2022-03-15T12:45:00,4.387,-,-
2022-03-15T12:30:00,4.389,-,-
2022-03-15T12:15:00,4.390,-,-
2022-03-15T12:00:00,4.392,-,-
2022-03-15T11:45:00,4.396,-,-
2022-03-15T11:30:00,4.399,-,-
2022-03-15T11:15:00,4.404,-,-
2022-03-15T11:00:00,4.410,-,-
2022-03-15T10:45:00,4.419,-,-
2022-03-15T10:30:00,4.431,-,-
2022-03-15T10:15:00,4.443,-,-
2022-03-15T10:00:00,4.460,-,-
2022-03-15T09:45:00,4.482,-,-
2022-03-15T09:30:00,4.506,-,-
2022-03-15T09:15:00,4.529,-,-
2022-03-15T09:00:00,4.552,-,-
2022-03-15T08:45:00,4.572,-,-
2022-03-15T08:30:00,4.590,-,-
2022-03-15T08:15:00,4.599,-,-
2022-03-15T08:00:00,4.604,-,-
2022-03-15T07:45:00,4.608,-,-
2022-03-15T07:30:00,4.605,-,-
2022-03-15T07:15:00,4.605,-,-
2022-03-15T07:00:00,4.603,-,-
2022-03-15T06:45:00,4.605,-,-
2022-03-15T06:30:00,4.602,-,-
2022-03-15T06:15:00,4.599,-,-
2022-03-15T06:00:00,4.597,-,-
2022-03-15T05:45:00,4.597,-,-
2022-03-15T05:30:00,4.596,-,-
2022-03-15T05:15:00,4.596,-,-
2022-03-15T05:00:00,4.598,-,-
2022-03-15T04:45:00,4.598,-,-
2022-03-15T04:30:00,4.598,-,-
2022-03-15T04:15:00,4.598,-,-
2022-03-15T04:00:00,4.600,-,-
2022-03-15T03:45:00,4.599,-,-
2022-03-15T03:30:00,4.601,-,-
2022-03-15T03:15:00,4.600,-,-
2022-03-15T03:00:00,4.600,-,-
2022-03-15T02:45:00,4.603,-,-
2022-03-15T02:30:00,4.601,-,-
2022-03-15T02:15:00,4.603,-,-
2022-03-15T02:00:00,4.602,-,-
2022-03-15T01:45:00,4.605,-,-
2022-03-15T01:30:00,4.607,-,-
2022-03-15T01:15:00,4.605,-,-
2022-03-15T01:00:00,4.606,-,-
2022-03-15T00:45:00,4.608,-,-
2022-03-15T00:30:00,4.609,-,-
2022-03-15T00:15:00,4.610,-,-
2022-03-15T00:00:00,4.612,-,-
2022-03-14T23:45:00,4.613,-,-
2022-03-14T23:30:00,4.618,-,-
2022-03-14T23:15:00,4.621,-,-
2022-03-14T23:00:00,4.623,-,-
2022-03-14T22:45:00,4.628,-,-
2022-03-14T22:30:00,4.635,-,-
2022-03-14T22:15:00,4.643,-,-
2022-03-14T22:00:00,4.652,-,-
2022-03-14T21:45:00,4.664,-,-
2022-03-14T21:30:00,4.676,-,-
2022-03-14T21:15:00,4.690,-,-
2022-03-14T21:00:00,4.705,-,-
2022-03-14T20:45:00,4.719,-,-
2022-03-14T20:30:00,4.729,-,-
2022-03-14T20:15:00,4.737,-,-
2022-03-14T20:00:00,4.738,-,-
2022-03-14T19:45:00,4.739,-,-
2022-03-14T19:30:00,4.739,-,-
2022-03-14T19:15:00,4.737,-,-
2022-03-14T19:00:00,4.736,-,-
2022-03-14T18:45:00,4.735,-,-
2022-03-14T18:30:00,4.734,-,-
2022-03-14T18:15:00,4.735,-,-
2022-03-14T18:00:00,4.733,-,-
2022-03-14T17:45:00,4.730,-,-
2022-03-14T17:30:00,4.729,-,-
2022-03-14T17:15:00,4.727,-,-
2022-03-14T17:00:00,4.728,-,-
2022-03-14T16:45:00,4.726,-,-
2022-03-14T16:30:00,4.723,-,-
2022-03-14T16:15:00,4.723,-,-
2022-03-14T16:00:00,4.725,-,-
2022-03-14T15:45:00,4.723,-,-
2022-03-14T15:30:00,4.721,-,-
2022-03-14T15:15:00,4.721,-,-
2022-03-14T15:00:00,4.719,-,-
2022-03-14T14:45:00,4.717,-,-
2022-03-14T14:30:00,4.717,-,-
2022-03-14T14:15:00,4.716,-,-
2022-03-14T14:00:00,4.715,-,-
2022-03-14T13:45:00,4.715,-,-
2022-03-14T13:30:00,4.713,-,-
2022-03-14T13:15:00,4.711,-,-
2022-03-14T13:00:00,4.712,-,-
2022-03-14T12:45:00,4.707,-,-
2022-03-14T12:30:00,4.706,-,-
2022-03-14T12:15:00,4.704,-,-
2022-03-14T12:00:00,4.704,-,-
2022-03-14T11:45:00,4.700,-,-
2022-03-14T11:30:00,4.699,-,-
2022-03-14T11:15:00,4.694,-,-
2022-03-14T11:00:00,4.689,-,-
2022-03-14T10:45:00,4.687,-,-
2022-03-14T10:30:00,4.681,-,-
2022-03-14T10:15:00,4.673,-,-
2022-03-14T10:00:00,4.661,-,-
2022-03-14T09:45:00,4.649,-,-
2022-03-14T09:30:00,4.636,-,-
2022-03-14T09:15:00,4.618,-,-
2022-03-14T09:00:00,4.599,-,-
2022-03-14T08:45:00,4.582,-,-
2022-03-14T08:30:00,4.570,-,-
2022-03-14T08:15:00,4.563,-,-
2022-03-14T08:00:00,4.559,-,-
2022-03-14T07:45:00,4.562,-,-
2022-03-14T07:30:00,4.559,-,-
2022-03-14T07:15:00,4.560,-,-
2022-03-14T07:00:00,4.562,-,-
2022-03-14T06:45:00,4.562,-,-
2022-03-14T06:30:00,4.563,-,-
2022-03-14T06:15:00,4.565,-,-
2022-03-14T06:00:00,4.565,-,-
2022-03-14T05:45:00,4.566,-,-
2022-03-14T05:30:00,4.568,-,-
2022-03-14T05:15:00,4.569,-,-
2022-03-14T05:00:00,4.569,-,-
2022-03-14T04:45:00,4.569,-,-
2022-03-14T04:30:00,4.571,-,-
2022-03-14T04:15:00,4.571,-,-
2022-03-14T04:00:00,4.574,-,-
2022-03-14T03:45:00,4.575,-,-
2022-03-14T03:30:00,4.577,-,-
2022-03-14T03:15:00,4.577,-,-
2022-03-14T03:00:00,4.577,-,-
2022-03-14T02:45:00,4.578,-,-
2022-03-14T02:30:00,4.582,-,-
2022-03-14T02:15:00,4.583,-,-
2022-03-14T02:00:00,4.584,-,-
2022-03-14T01:45:00,4.585,-,-
2022-03-14T01:30:00,4.586,-,-
2022-03-14T01:15:00,4.590,-,-
2022-03-14T01:00:00,4.592,-,-
2022-03-14T00:45:00,4.591,-,-
2022-03-14T00:30:00,4.595,-,-
2022-03-14T00:15:00,4.598,-,-
2022-03-14T00:00:00,4.599,-,-
2022-03-13T23:45:00,4.602,-,-
2022-03-13T23:30:00,4.605,-,-
2022-03-13T23:15:00,4.610,-,-
2022-03-13T23:00:00,4.615,-,-
2022-03-13T22:45:00,4.622,-,-
2022-03-13T22:30:00,4.630,-,-
2022-03-13T22:15:00,4.640,-,-
2022-03-13T22:00:00,4.650,-,-
2022-03-13T21:45:00,4.661,-,-
2022-03-13T21:30:00,4.676,-,-
2022-03-13T21:15:00,4.690,-,-
2022-03-13T21:00:00,4.704,-,-
2022-03-13T20:45:00,4.714,-,-
2022-03-13T20:30:00,4.722,-,-
2022-03-13T20:15:00,4.726,-,-
2022-03-13T20:00:00,4.726,-,-
2022-03-13T19:45:00,4.728,-,-
2022-03-13T19:30:00,4.728,-,-
2022-03-13T19:15:00,4.729,-,-
2022-03-13T19:00:00,4.731,-,-
2022-03-13T18:45:00,4.731,-,-
2022-03-13T18:30:00,4.732,-,-
2022-03-13T18:15:00,4.733,-,-
2022-03-13T18:00:00,4.734,-,-
2022-03-13T17:45:00,4.738,-,-
2022-03-13T17:30:00,4.738,-,-
2022-03-13T17:15:00,4.741,-,-
2022-03-13T17:00:00,4.742,-,-
2022-03-13T16:45:00,4.747,-,-
2022-03-13T16:30:00,4.748,-,-
2022-03-13T16:15:00,4.753,-,-
2022-03-13T16:00:00,4.754,-,-
2022-03-13T15:45:00,4.755,-,-
2022-03-13T15:30:00,4.760,-,-
2022-03-13T15:15:00,4.761,-,-
2022-03-13T15:00:00,4.765,-,-
2022-03-13T14:45:00,4.766,-,-
2022-03-13T14:30:00,4.767,-,-
2022-03-13T14:15:00,4.767,-,-
2022-03-13T14:00:00,4.766,-,-
2022-03-13T13:45:00,4.763,-,-
2022-03-13T13:30:00,4.760,-,-
2022-03-13T13:15:00,4.756,-,-
2022-03-13T13:00:00,4.749,-,-
2022-03-13T12:45:00,4.741,-,-
2022-03-13T12:30:00,4.734,-,-
2022-03-13T12:15:00,4.723,-,-
2022-03-13T12:00:00,4.710,-,-
2022-03-13T11:45:00,4.700,-,-
2022-03-13T11:30:00,4.691,-,-
2022-03-13T11:15:00,4.687,-,-
2022-03-13T11:00:00,4.687,-,-
2022-03-13T10:45:00,4.686,-,-
2022-03-13T10:30:00,4.688,-,-
2022-03-13T10:15:00,4.690,-,-
2022-03-13T10:00:00,4.691,-,-
2022-03-13T09:45:00,4.697,-,-
2022-03-13T09:30:00,4.699,-,-
2022-03-13T09:15:00,4.697,-,-
2022-03-13T09:00:00,4.696,-,-
2022-03-13T08:45:00,4.697,-,-
2022-03-13T08:30:00,4.697,-,-
2022-03-13T08:15:00,4.697,-,-
2022-03-13T08:00:00,4.696,-,-
2022-03-13T07:45:00,4.696,-,-
2022-03-13T07:30:00,4.696,-,-
2022-03-13T07:15:00,4.695,-,-
2022-03-13T07:00:00,4.697,-,-
2022-03-13T06:45:00,4.697,-,-
2022-03-13T06:30:00,4.699,-,-
2022-03-13T06:15:00,4.701,-,-
2022-03-13T06:00:00,4.701,-,-
2022-03-13T05:45:00,4.703,-,-
2022-03-13T05:30:00,4.703,-,-
2022-03-13T05:15:00,4.704,-,-
2022-03-13T05:00:00,4.707,-,-
2022-03-13T04:45:00,4.707,-,-
2022-03-13T04:30:00,4.709,-,-
2022-03-13T04:15:00,4.710,-,-
2022-03-13T04:00:00,4.710,-,-
2022-03-13T03:45:00,4.713,-,-
2022-03-13T03:30:00,4.715,-,-
2022-03-13T03:15:00,4.716,-,-
2022-03-13T03:00:00,4.717,-,-
2022-03-13T02:45:00,4.719,-,-
2022-03-13T02:30:00,4.722,-,-
2022-03-13T02:15:00,4.723,-,-
2022-03-13T02:00:00,4.724,-,-
2022-03-13T01:45:00,4.725,-,-
2022-03-13T01:30:00,4.727,-,-
2022-03-13T01:15:00,4.730,-,-
2022-03-13T01:00:00,4.732,-,-
2022-03-13T00:45:00,4.734,-,-
2022-03-13T00:30:00,4.735,-,-
2022-03-13T00:15:00,4.738,-,-
2022-03-13T00:00:00,4.740,-,-
2022-03-12T23:45:00,4.743,-,-
2022-03-12T23:30:00,4.746,-,-
2022-03-12T23:15:00,4.751,-,-
2022-03-12T23:00:00,4.754,-,-
2022-03-12T22:45:00,4.761,-,-
2022-03-12T22:30:00,4.766,-,-
2022-03-12T22:15:00,4.775,-,-
2022-03-12T22:00:00,4.783,-,-
2022-03-12T21:45:00,4.795,-,-
2022-03-12T21:30:00,4.810,-,-
2022-03-12T21:15:00,4.823,-,-
2022-03-12T21:00:00,4.833,-,-
2022-03-12T20:45:00,4.844,-,-
2022-03-12T20:30:00,4.852,-,-
2022-03-12T20:15:00,4.857,-,-
2022-03-12T20:00:00,4.857,-,-
2022-03-12T19:45:00,4.858,-,-
2022-03-12T19:30:00,4.853,-,-
2022-03-12T19:15:00,4.851,-,-
2022-03-12T19:00:00,4.850,-,-
2022-03-12T18:45:00,4.848,-,-
2022-03-12T18:30:00,4.843,-,-
2022-03-12T18:15:00,4.840,-,-
2022-03-12T18:00:00,4.837,-,-
2022-03-12T17:45:00,4.834,-,-
2022-03-12T17:30:00,4.830,-,-
2022-03-12T17:15:00,4.828,-,-
2022-03-12T17:00:00,4.824,-,-
2022-03-12T16:45:00,4.821,-,-
2022-03-12T16:30:00,4.818,-,-
2022-03-12T16:15:00,4.815,-,-
2022-03-12T16:00:00,4.813,-,-
2022-03-12T15:45:00,4.807,-,-
2022-03-12T15:30:00,4.806,-,-
2022-03-12T15:15:00,4.803,-,-
2022-03-12T15:00:00,4.801,-,-
2022-03-12T14:45:00,4.798,-,-
2022-03-12T14:30:00,4.798,-,-
2022-03-12T14:15:00,4.793,-,-
2022-03-12T14:00:00,4.791,-,-
2022-03-12T13:45:00,4.787,-,-
2022-03-12T13:30:00,4.781,-,-
2022-03-12T13:15:00,4.781,-,-
2022-03-12T13:00:00,4.779,-,-
2022-03-12T12:45:00,4.775,-,-
2022-03-12T12:30:00,4.773,-,-
2022-03-12T12:15:00,4.768,-,-
2022-03-12T12:00:00,4.765,-,-
2022-03-12T11:45:00,4.762,-,-
2022-03-12T11:30:00,4.757,-,-
2022-03-12T11:15:00,4.747,-,-
2022-03-12T11:00:00,4.740,-,-
2022-03-12T10:45:00,4.728,-,-
2022-03-12T10:30:00,4.717,-,-
2022-03-12T10:15:00,4.701,-,-
2022-03-12T10:00:00,4.685,-,-
2022-03-12T09:45:00,4.666,-,-
2022-03-12T09:30:00,4.652,-,-
2022-03-12T09:15:00,4.643,-,-
2022-03-12T09:00:00,4.639,-,-
2022-03-12T08:45:00,4.637,-,-
2022-03-12T08:30:00,4.639,-,-
2022-03-12T08:15:00,4.638,-,-
2022-03-12T08:00:00,4.638,-,-
2022-03-12T07:45:00,4.638,-,-
2022-03-12T07:30:00,4.639,-,-
2022-03-12T07:15:00,4.638,-,-
2022-03-12T07:00:00,4.639,-,-
2022-03-12T06:45:00,4.639,-,-
2022-03-12T06:30:00,4.639,-,-
2022-03-12T06:15:00,4.638,-,-
2022-03-12T06:00:00,4.638,-,-
2022-03-12T05:45:00,4.637,-,-
2022-03-12T05:30:00,4.639,-,-
2022-03-12T05:15:00,4.638,-,-
2022-03-12T05:00:00,4.636,-,-
2022-03-12T04:45:00,4.636,-,-
2022-03-12T04:30:00,4.637,-,-
2022-03-12T04:15:00,4.637,-,-
2022-03-12T04:00:00,4.635,-,-
2022-03-12T03:45:00,4.636,-,-
2022-03-12T03:30:00,4.636,-,-
2022-03-12T03:15:00,4.637,-,-
2022-03-12T03:00:00,4.636,-,-
2022-03-12T02:45:00,4.636,-,-
2022-03-12T02:30:00,4.636,-,-
2022-03-12T02:15:00,4.639,-,-
2022-03-12T02:00:00,4.637,-,-
2022-03-12T01:45:00,4.638,-,-
2022-03-12T01:30:00,4.637,-,-
2022-03-12T01:15:00,4.638,-,-
2022-03-12T01:00:00,4.637,-,-
2022-03-12T00:45:00,4.638,-,-
2022-03-12T00:30:00,4.639,-,-
2022-03-12T00:15:00,4.638,-,-
2022-03-12T00:00:00,4.641,-,-
2022-03-25T23:45:00,4.757,-,-
2022-03-25T23:30:00,4.760,-,-
2022-03-25T23:15:00,4.763,-,-
2022-03-25T23:00:00,4.768,-,-
2022-03-25T22:45:00,4.773,-,-
2022-03-25T22:30:00,4.779,-,-
2022-03-25T22:15:00,4.789,-,-
2022-03-25T22:00:00,4.802,-,-
2022-03-25T21:45:00,4.815,-,-
2022-03-25T21:30:00,4.831,-,-
2022-03-25T21:15:00,4.846,-,-
2022-03-25T21:00:00,4.861,-,-
2022-03-25T20:45:00,4.876,-,-
2022-03-25T20:30:00,4.887,-,-
2022-03-25T20:15:00,4.893,-,-
2022-03-25T20:00:00,4.896,-,-
2022-03-25T19:45:00,4.898,-,-
2022-03-25T19:30:00,4.902,-,-
2022-03-25T19:15:00,4.899,-,-
2022-03-25T19:00:00,4.893,-,-
2022-03-25T18:45:00,4.889,-,-
2022-03-25T18:30:00,4.885,-,-
2022-03-25T18:15:00,4.880,-,-
2022-03-25T18:00:00,4.874,-,-
2022-03-25T17:45:00,4.869,-,-
2022-03-25T17:30:00,4.863,-,-
2022-03-25T17:15:00,4.859,-,-
2022-03-25T17:00:00,4.852,-,-
2022-03-25T16:45:00,4.847,-,-
2022-03-25T16:30:00,4.839,-,-
2022-03-25T16:15:00,4.835,-,-
2022-03-25T16:00:00,4.832,-,-
2022-03-25T15:45:00,4.827,-,-
2022-03-25T15:30:00,4.821,-,-
2022-03-25T15:15:00,4.814,-,-
2022-03-25T15:00:00,4.809,-,-
2022-03-25T14:45:00,4.803,-,-
2022-03-25T14:30:00,4.793,-,-
2022-03-25T14:15:00,4.787,-,-
2022-03-25T14:00:00,4.781,-,-
2022-03-25T13:45:00,4.776,-,-
2022-03-25T13:30:00,4.766,-,-
2022-03-25T13:15:00,4.759,-,-
2022-03-25T13:00:00,4.755,-,-
2022-03-25T12:45:00,4.745,-,-
2022-03-25T12:30:00,4.736,-,-
2022-03-25T12:15:00,4.724,-,-
2022-03-25T12:00:00,4.712,-,-
2022-03-25T11:45:00,4.695,-,-
2022-03-25T11:30:00,4.671,-,-
2022-03-25T11:15:00,4.639,-,-
2022-03-25T11:00:00,4.593,-,-
2022-03-25T10:45:00,4.532,-,-
2022-03-25T10:30:00,4.448,-,-
2022-03-25T10:15:00,4.348,-,-
2022-03-25T10:00:00,4.257,-,-
2022-03-25T09:45:00,4.210,-,-
2022-03-25T09:30:00,4.205,-,-
2022-03-25T09:15:00,4.205,-,-
2022-03-25T09:00:00,4.207,-,-
2022-03-25T08:45:00,4.209,-,-
2022-03-25T08:30:00,4.211,-,-
2022-03-25T08:15:00,4.212,-,-
2022-03-25T08:00:00,4.214,-,-
2022-03-25T07:45:00,4.216,-,-
2022-03-25T07:30:00,4.218,-,-
2022-03-25T07:15:00,4.220,-,-
2022-03-25T07:00:00,4.221,-,-
2022-03-25T06:45:00,4.222,-,-
2022-03-25T06:30:00,4.224,-,-
2022-03-25T06:15:00,4.226,-,-
2022-03-25T06:00:00,4.228,-,-
2022-03-25T05:45:00,4.229,-,-
2022-03-25T05:30:00,4.231,-,-
2022-03-25T05:15:00,4.232,-,-
2022-03-25T05:00:00,4.234,-,-
2022-03-25T04:45:00,4.236,-,-
2022-03-25T04:30:00,4.238,-,-
2022-03-25T04:15:00,4.239,-,-
2022-03-25T04:00:00,4.241,-,-
2022-03-25T03:45:00,4.242,-,-
2022-03-25T03:30:00,4.244,-,-
2022-03-25T03:15:00,4.245,-,-
2022-03-25T03:00:00,4.247,-,-
2022-03-25T02:45:00,4.249,-,-
2022-03-25T02:30:00,4.252,-,-
2022-03-25T02:15:00,4.254,-,-
2022-03-25T02:00:00,4.257,-,-
2022-03-25T01:45:00,4.259,-,-
2022-03-25T01:30:00,4.262,-,-
2022-03-25T01:15:00,4.265,-,-
2022-03-25T01:00:00,4.268,-,-
2022-03-25T00:45:00,4.272,-,-
2022-03-25T00:30:00,4.276,-,-
2022-03-25T00:15:00,4.281,-,-
2022-03-25T00:00:00,4.286,-,-
2022-03-24T23:45:00,4.293,-,-
2022-03-24T23:30:00,4.301,-,-
2022-03-24T23:15:00,4.310,-,-
2022-03-24T23:00:00,4.319,-,-
2022-03-24T22:45:00,4.329,-,-
2022-03-24T22:30:00,4.340,-,-
2022-03-24T22:15:00,4.351,-,-
2022-03-24T22:00:00,4.360,-,-
2022-03-24T21:45:00,4.370,-,-
2022-03-24T21:30:00,4.378,-,-
2022-03-24T21:15:00,4.382,-,-
2022-03-24T21:00:00,4.385,-,-
2022-03-24T20:45:00,4.386,-,-
2022-03-24T20:30:00,4.386,-,-
2022-03-24T20:15:00,4.384,-,-
2022-03-24T20:00:00,4.382,-,-
2022-03-24T19:45:00,4.381,-,-
2022-03-24T19:30:00,4.379,-,-
2022-03-24T19:15:00,4.377,-,-
2022-03-24T19:00:00,4.376,-,-
2022-03-24T18:45:00,4.375,-,-
2022-03-24T18:30:00,4.374,-,-
2022-03-24T18:15:00,4.372,-,-
2022-03-24T18:00:00,4.371,-,-
2022-03-24T17:45:00,4.369,-,-
2022-03-24T17:30:00,4.368,-,-
2022-03-24T17:15:00,4.367,-,-
2022-03-24T17:00:00,4.364,-,-
2022-03-24T16:45:00,4.363,-,-
2022-03-24T16:30:00,4.362,-,-
2022-03-24T16:15:00,4.359,-,-
2022-03-24T16:00:00,4.356,-,-
2022-03-24T15:45:00,4.354,-,-
2022-03-24T15:30:00,4.352,-,-
2022-03-24T15:15:00,4.351,-,-
2022-03-24T15:00:00,4.350,-,-
2022-03-24T14:45:00,4.350,-,-
2022-03-24T14:30:00,4.340,-,-
2022-03-24T14:15:00,4.328,-,-
2022-03-24T14:00:00,4.323,-,-
2022-03-24T13:45:00,4.319,-,-
2022-03-24T13:30:00,4.317,-,-
2022-03-24T13:15:00,4.313,-,-
2022-03-24T13:00:00,4.306,-,-
2022-03-24T12:45:00,4.298,-,-
2022-03-24T12:30:00,4.285,-,-
2022-03-24T12:15:00,4.272,-,-
2022-03-24T12:00:00,4.252,-,-
2022-03-24T11:45:00,4.230,-,-
2022-03-24T11:30:00,4.208,-,-
2022-03-24T11:15:00,4.189,-,-
2022-03-24T11:00:00,4.179,-,-
2022-03-24T10:45:00,4.175,-,-
2022-03-24T10:30:00,4.176,-,-
2022-03-24T10:15:00,4.177,-,-
2022-03-24T10:00:00,4.178,-,-
2022-03-24T09:45:00,4.180,-,-
2022-03-24T09:30:00,4.181,-,-
2022-03-24T09:15:00,4.183,-,-
2022-03-24T09:00:00,4.183,-,-
2022-03-24T08:45:00,4.186,-,-
2022-03-24T08:30:00,4.188,-,-
2022-03-24T08:15:00,4.189,-,-
2022-03-24T08:00:00,4.191,-,-
2022-03-24T07:45:00,4.192,-,-
2022-03-24T07:30:00,4.192,-,-
2022-03-24T07:15:00,4.192,-,-
2022-03-24T07:00:00,4.193,-,-
2022-03-24T06:45:00,4.195,-,-
2022-03-24T06:30:00,4.196,-,-
2022-03-24T06:15:00,4.197,-,-
2022-03-24T06:00:00,4.198,-,-
2022-03-24T05:45:00,4.200,-,-
2022-03-24T05:30:00,4.201,-,-
2022-03-24T05:15:00,4.202,-,-
2022-03-24T05:00:00,4.203,-,-
2022-03-24T04:45:00,4.204,-,-
2022-03-24T04:30:00,4.204,-,-
2022-03-24T04:15:00,4.205,-,-
2022-03-24T04:00:00,4.206,-,-
2022-03-24T03:45:00,4.207,-,-
2022-03-24T03:30:00,4.209,-,-
2022-03-24T03:15:00,4.210,-,-
2022-03-24T03:00:00,4.212,-,-
2022-03-24T02:45:00,4.213,-,-
2022-03-24T02:30:00,4.214,-,-
2022-03-24T02:15:00,4.216,-,-
2022-03-24T02:00:00,4.217,-,-
2022-03-24T01:45:00,4.220,-,-
2022-03-24T01:30:00,4.223,-,-
2022-03-24T01:15:00,4.225,-,-
2022-03-24T01:00:00,4.228,-,-
2022-03-24T00:45:00,4.232,-,-
2022-03-24T00:30:00,4.236,-,-
2022-03-24T00:15:00,4.241,-,-
2022-03-24T00:00:00,4.247,-,-
2022-03-23T23:45:00,4.253,-,-
2022-03-23T23:30:00,4.261,-,-
2022-03-23T23:15:00,4.268,-,-
2022-03-23T23:00:00,4.277,-,-
2022-03-23T22:45:00,4.287,-,-
2022-03-23T22:30:00,4.298,-,-
2022-03-23T22:15:00,4.308,-,-
2022-03-23T22:00:00,4.319,-,-
2022-03-23T21:45:00,4.327,-,-
2022-03-23T21:30:00,4.333,-,-
2022-03-23T21:15:00,4.337,-,-
2022-03-23T21:00:00,4.336,-,-
2022-03-23T20:45:00,4.331,-,-
2022-03-23T20:30:00,4.324,-,-
2022-03-23T20:15:00,4.312,-,-
2022-03-23T20:00:00,4.296,-,-
2022-03-23T19:45:00,4.279,-,-
2022-03-23T19:30:00,4.261,-,-
2022-03-23T19:15:00,4.240,-,-
2022-03-23T19:00:00,4.221,-,-
2022-03-23T18:45:00,4.208,-,-
2022-03-23T18:30:00,4.201,-,-
2022-03-23T18:15:00,4.199,-,-
2022-03-23T18:00:00,4.199,-,-
2022-03-23T17:45:00,4.200,-,-
2022-03-23T17:30:00,4.202,-,-
2022-03-23T17:15:00,4.205,-,-
2022-03-23T17:00:00,4.207,-,-
2022-03-23T16:45:00,4.210,-,-
2022-03-23T16:30:00,4.213,-,-
2022-03-23T16:15:00,4.216,-,-
2022-03-23T16:00:00,4.221,-,-
2022-03-23T15:45:00,4.225,-,-
2022-03-23T15:30:00,4.231,-,-
2022-03-23T15:15:00,4.237,-,-
2022-03-23T15:00:00,4.243,-,-
2022-03-23T14:45:00,4.252,-,-
2022-03-23T14:30:00,4.262,-,-
2022-03-23T14:15:00,4.272,-,-
2022-03-23T14:00:00,4.282,-,-
2022-03-23T13:45:00,4.293,-,-
2022-03-23T13:30:00,4.304,-,-
2022-03-23T13:15:00,4.313,-,-
2022-03-23T13:00:00,4.320,-,-
2022-03-23T12:45:00,4.324,-,-
2022-03-23T12:30:00,4.324,-,-
2022-03-23T12:15:00,4.319,-,-
2022-03-23T12:00:00,4.311,-,-
2022-03-23T11:45:00,4.300,-,-
2022-03-23T11:30:00,4.285,-,-
2022-03-23T11:15:00,4.268,-,-
2022-03-23T11:00:00,4.247,-,-
2022-03-23T10:45:00,4.224,-,-
2022-03-23T10:30:00,4.204,-,-
2022-03-23T10:15:00,4.189,-,-
2022-03-23T10:00:00,4.180,-,-
2022-03-23T09:45:00,4.175,-,-
2022-03-23T09:30:00,4.173,-,-
2022-03-23T09:15:00,4.175,-,-
2022-03-23T09:00:00,4.177,-,-
2022-03-23T08:45:00,4.178,-,-
2022-03-23T08:30:00,4.181,-,-
2022-03-23T08:15:00,4.183,-,-
2022-03-23T08:00:00,4.186,-,-
2022-03-23T07:45:00,4.189,-,-
2022-03-23T07:30:00,4.180,-,-
2022-03-23T07:15:00,4.175,-,-
2022-03-23T07:00:00,4.180,-,-
2022-03-23T06:45:00,4.185,-,-
2022-03-23T06:30:00,4.190,-,-
2022-03-23T06:15:00,4.195,-,-
2022-03-23T06:00:00,4.200,-,-
2022-03-23T05:45:00,4.205,-,-
2022-03-23T05:30:00,4.210,-,-
2022-03-23T05:15:00,4.215,-,-
2022-03-23T05:00:00,4.220,-,-
2022-03-23T04:45:00,4.225,-,-
2022-03-23T04:30:00,4.230,-,-
2022-03-23T04:15:00,4.235,-,-
2022-03-23T04:00:00,4.241,-,-
2022-03-23T03:45:00,4.247,-,-
2022-03-23T03:30:00,4.253,-,-
2022-03-23T03:15:00,4.258,-,-
2022-03-23T03:00:00,4.264,-,-
2022-03-23T02:45:00,4.269,-,-
2022-03-23T02:30:00,4.274,-,-
2022-03-23T02:15:00,4.279,-,-
2022-03-23T02:00:00,4.285,-,-
2022-03-23T01:45:00,4.290,-,-
2022-03-23T01:30:00,4.298,-,-
2022-03-23T01:15:00,4.305,-,-
2022-03-23T01:00:00,4.312,-,-
2022-03-23T00:45:00,4.320,-,-
2022-03-23T00:30:00,4.327,-,-
2022-03-23T00:15:00,4.335,-,-
2022-03-23T00:00:00,4.343,-,-
2022-03-22T23:45:00,4.353,-,-
2022-03-22T23:30:00,4.362,-,-
2022-03-22T23:15:00,4.372,-,-
2022-03-22T23:00:00,4.385,-,-
2022-03-22T22:45:00,4.396,-,-
2022-03-22T22:30:00,4.408,-,-
2022-03-22T22:15:00,4.422,-,-
2022-03-22T22:00:00,4.434,-,-
2022-03-22T21:45:00,4.447,-,-
2022-03-22T21:30:00,4.458,-,-
2022-03-22T21:15:00,4.468,-,-
2022-03-22T21:00:00,4.475,-,-
2022-03-22T20:45:00,4.480,-,-
2022-03-22T20:30:00,4.482,-,-
2022-03-22T20:15:00,4.484,-,-
2022-03-22T20:00:00,4.485,-,-
2022-03-22T19:45:00,4.486,-,-
2022-03-22T19:30:00,4.488,-,-
2022-03-22T19:15:00,4.489,-,-
2022-03-22T19:00:00,4.490,-,-
2022-03-22T18:45:00,4.491,-,-
2022-03-22T18:30:00,4.493,-,-
2022-03-22T18:15:00,4.495,-,-
2022-03-22T18:00:00,4.496,-,-
2022-03-22T17:45:00,4.498,-,-
2022-03-22T17:30:00,4.499,-,-
2022-03-22T17:15:00,4.501,-,-
2022-03-22T17:00:00,4.502,-,-
2022-03-22T16:45:00,4.503,-,-
2022-03-22T16:30:00,4.504,-,-
2022-03-22T16:15:00,4.507,-,-
2022-03-22T16:00:00,4.510,-,-
2022-03-22T15:45:00,4.511,-,-
2022-03-22T15:30:00,4.511,-,-
2022-03-22T15:15:00,4.511,-,-
2022-03-22T15:00:00,4.513,-,-
2022-03-22T14:45:00,4.513,-,-
2022-03-22T14:30:00,4.515,-,-
2022-03-22T14:15:00,4.513,-,-
2022-03-22T14:00:00,4.516,-,-
2022-03-22T13:45:00,4.519,-,-
2022-03-22T13:30:00,4.522,-,-
2022-03-22T13:15:00,4.523,-,-
2022-03-22T13:00:00,4.526,-,-
2022-03-22T12:45:00,4.528,-,-
2022-03-22T12:30:00,4.531,-,-
2022-03-22T12:15:00,4.534,-,-
2022-03-22T12:00:00,4.537,-,-
2022-03-22T11:45:00,4.541,-,-
2022-03-22T11:30:00,4.547,-,-
2022-03-22T11:15:00,4.553,-,-
2022-03-22T11:00:00,4.562,-,-
2022-03-22T10:45:00,4.572,-,-
2022-03-22T10:30:00,4.584,-,-
2022-03-22T10:15:00,4.599,-,-
2022-03-22T10:00:00,4.617,-,-
2022-03-22T09:45:00,4.637,-,-
2022-03-22T09:30:00,4.656,-,-
2022-03-22T09:15:00,4.675,-,-
2022-03-22T09:00:00,4.692,-,-
2022-03-22T08:45:00,4.706,-,-
2022-03-22T08:30:00,4.716,-,-
2022-03-22T08:15:00,4.718,-,-
2022-03-22T08:00:00,4.721,-,-
2022-03-22T07:45:00,4.719,-,-
2022-03-22T07:30:00,4.715,-,-
2022-03-22T07:15:00,4.714,-,-
2022-03-22T07:00:00,4.714,-,-
2022-03-22T06:45:00,4.716,-,-
2022-03-22T06:30:00,4.717,-,-
2022-03-22T06:15:00,4.717,-,-
2022-03-22T06:00:00,4.720,-,-
2022-03-22T05:45:00,4.721,-,-
2022-03-22T05:30:00,4.722,-,-
2022-03-22T05:15:00,4.723,-,-
2022-03-22T05:00:00,4.726,-,-
2022-03-22T04:45:00,4.727,-,-
2022-03-22T04:30:00,4.729,-,-
2022-03-22T04:15:00,4.730,-,-
2022-03-22T04:00:00,4.732,-,-
2022-03-22T03:45:00,4.733,-,-
2022-03-22T03:30:00,4.736,-,-
2022-03-22T03:15:00,4.737,-,-
2022-03-22T03:00:00,4.739,-,-
2022-03-22T02:45:00,4.743,-,-
2022-03-22T02:30:00,4.744,-,-
2022-03-22T02:15:00,4.745,-,-
2022-03-22T02:00:00,4.747,-,-
2022-03-22T01:45:00,4.748,-,-
2022-03-22T01:30:00,4.752,-,-
2022-03-22T01:15:00,4.753,-,-
2022-03-22T01:00:00,4.756,-,-
2022-03-22T00:45:00,4.758,-,-
2022-03-22T00:30:00,4.762,-,-
2022-03-22T00:15:00,4.763,-,-
2022-03-22T00:00:00,4.766,-,-
2022-03-21T23:45:00,4.770,-,-
2022-03-21T23:30:00,4.772,-,-
2022-03-21T23:15:00,4.775,-,-
2022-03-21T23:00:00,4.780,-,-
2022-03-21T22:45:00,4.784,-,-
2022-03-21T22:30:00,4.793,-,-
2022-03-21T22:15:00,4.802,-,-
2022-03-21T22:00:00,4.812,-,-
2022-03-21T21:45:00,4.823,-,-
2022-03-21T21:30:00,4.837,-,-
2022-03-21T21:15:00,4.851,-,-
2022-03-21T21:00:00,4.866,-,-
2022-03-21T20:45:00,4.878,-,-
2022-03-21T20:30:00,4.888,-,-
2022-03-21T20:15:00,4.895,-,-
2022-03-21T20:00:00,4.897,-,-
2022-03-21T19:45:00,4.899,-,-
2022-03-21T19:30:00,4.903,-,-
2022-03-21T19:15:00,4.899,-,-
2022-03-21T19:00:00,4.894,-,-
2022-03-21T18:45:00,4.889,-,-
2022-03-21T18:30:00,4.884,-,-
2022-03-21T18:15:00,4.881,-,-
2022-03-21T18:00:00,4.876,-,-
2022-03-21T17:45:00,4.870,-,-
2022-03-21T17:30:00,4.863,-,-
2022-03-21T17:15:00,4.857,-,-
2022-03-21T17:00:00,4.850,-,-
2022-03-21T16:45:00,4.845,-,-
2022-03-21T16:30:00,4.839,-,-
2022-03-21T16:15:00,4.834,-,-
2022-03-21T16:00:00,4.831,-,-
2022-03-21T15:45:00,4.824,-,-
2022-03-21T15:30:00,4.821,-,-
2022-03-21T15:15:00,4.815,-,-
2022-03-21T15:00:00,4.809,-,-
2022-03-21T14:45:00,4.804,-,-
2022-03-21T14:30:00,4.798,-,-
2022-03-21T14:15:00,4.795,-,-
2022-03-21T14:00:00,4.788,-,-
2022-03-21T13:45:00,4.779,-,-
2022-03-21T13:30:00,4.771,-,-
2022-03-21T13:15:00,4.768,-,-
2022-03-21T13:00:00,4.762,-,-
2022-03-21T12:45:00,4.758,-,-
2022-03-21T12:30:00,4.754,-,-
2022-03-21T12:15:00,4.749,-,-
2022-03-21T12:00:00,4.741,-,-
2022-03-21T11:45:00,4.736,-,-
2022-03-21T11:30:00,4.731,-,-
2022-03-21T11:15:00,4.727,-,-
2022-03-21T11:00:00,4.720,-,-
2022-03-21T10:45:00,4.712,-,-
2022-03-21T10:30:00,4.704,-,-
2022-03-21T10:15:00,4.696,-,-
2022-03-21T10:00:00,4.688,-,-
2022-03-21T09:45:00,4.675,-,-
2022-03-21T09:30:00,4.662,-,-
2022-03-21T09:15:00,4.646,-,-
2022-03-21T09:00:00,4.630,-,-
2022-03-21T08:45:00,4.615,-,-
2022-03-21T08:30:00,4.604,-,-
2022-03-21T08:15:00,4.597,-,-
2022-03-21T08:00:00,4.599,-,-
2022-03-21T07:45:00,4.599,-,-
2022-03-21T07:30:00,4.599,-,-
2022-03-21T07:15:00,4.603,-,-
2022-03-21T07:00:00,4.607,-,-
2022-03-21T06:45:00,4.610,-,-
2022-03-21T06:30:00,4.611,-,-
2022-03-21T06:15:00,4.617,-,-
2022-03-21T06:00:00,4.622,-,-
2022-03-21T05:45:00,4.626,-,-
2022-03-21T05:30:00,4.633,-,-
2022-03-21T05:15:00,4.637,-,-
2022-03-21T05:00:00,4.640,-,-
2022-03-21T04:45:00,4.646,-,-
2022-03-21T04:30:00,4.651,-,-
2022-03-21T04:15:00,4.656,-,-
2022-03-21T04:00:00,4.661,-,-
2022-03-21T03:45:00,4.666,-,-
2022-03-21T03:30:00,4.671,-,-
2022-03-21T03:15:00,4.679,-,-
2022-03-21T03:00:00,4.686,-,-
2022-03-21T02:45:00,4.692,-,-
2022-03-21T02:30:00,4.699,-,-
2022-03-21T02:15:00,4.707,-,-
2022-03-21T02:00:00,4.713,-,-
2022-03-21T01:45:00,4.722,-,-
2022-03-21T01:30:00,4.730,-,-
2022-03-21T01:15:00,4.739,-,-
2022-03-21T01:00:00,4.748,-,-
2022-03-21T00:45:00,4.756,-,-
2022-03-21T00:30:00,4.766,-,-
2022-03-21T00:15:00,4.775,-,-
2022-03-21T00:00:00,4.783,-,-
2022-03-20T23:45:00,4.798,-,-
2022-03-20T23:30:00,4.808,-,-
2022-03-20T23:15:00,4.822,-,-
2022-03-20T23:00:00,4.835,-,-
2022-03-20T22:45:00,4.851,-,-
2022-03-20T22:30:00,4.867,-,-
2022-03-20T22:15:00,4.884,-,-
2022-03-20T22:00:00,4.904,-,-
2022-03-20T21:45:00,4.927,-,-
2022-03-20T21:30:00,4.951,-,-
2022-03-20T21:15:00,4.976,-,-
2022-03-20T21:00:00,5.001,-,-
2022-03-20T20:45:00,5.024,-,-
2022-03-20T20:30:00,5.045,-,-
2022-03-20T20:15:00,5.064,-,-
2022-03-20T20:00:00,5.077,-,-
2022-03-20T19:45:00,5.089,-,-
2022-03-20T19:30:00,5.100,-,-
2022-03-20T19:15:00,5.114,-,-
2022-03-20T19:00:00,5.128,-,-
2022-03-20T18:45:00,5.129,-,-
2022-03-20T18:30:00,5.127,-,-
2022-03-20T18:15:00,5.125,-,-
2022-03-20T18:00:00,5.121,-,-
2022-03-20T17:45:00,5.117,-,-
2022-03-20T17:30:00,5.116,-,-
2022-03-20T17:15:00,5.108,-,-
2022-03-20T17:00:00,5.101,-,-
2022-03-20T16:45:00,5.093,-,-
2022-03-20T16:45:00,5.093,-,-
2022-03-20T16:30:00,5.086,-,-
2022-03-20T16:15:00,5.079,-,-
2022-03-20T16:00:00,5.070,-,-
2022-03-20T15:45:00,5.065,-,-
2022-03-20T15:30:00,5.059,-,-
2022-03-20T15:15:00,5.051,-,-
2022-03-20T15:00:00,5.045,-,-
2022-03-20T14:45:00,5.036,-,-
2022-03-20T14:30:00,5.029,-,-
2022-03-20T14:15:00,5.023,-,-
2022-03-20T14:00:00,5.014,-,-
2022-03-20T13:45:00,5.012,-,-
2022-03-20T13:30:00,5.005,-,-
2022-03-20T13:15:00,5.000,-,-
2022-03-20T13:00:00,4.992,-,-
2022-03-20T12:45:00,4.986,-,-
2022-03-20T12:30:00,4.978,-,-
2022-03-20T12:15:00,4.971,-,-
2022-03-20T12:00:00,4.964,-,-
2022-03-20T11:45:00,4.957,-,-
2022-03-20T11:30:00,4.949,-,-
2022-03-20T11:15:00,4.940,-,-
2022-03-20T11:00:00,4.928,-,-
2022-03-20T10:45:00,4.915,-,-
2022-03-20T10:30:00,4.903,-,-
2022-03-20T10:15:00,4.888,-,-
2022-03-20T10:00:00,4.869,-,-
2022-03-20T09:45:00,4.847,-,-
2022-03-20T09:30:00,4.822,-,-
2022-03-20T09:15:00,4.794,-,-
2022-03-20T09:00:00,4.765,-,-
2022-03-20T08:45:00,4.741,-,-
2022-03-20T08:30:00,4.721,-,-
2022-03-20T08:15:00,4.704,-,-
2022-03-20T08:00:00,4.693,-,-
2022-03-20T07:45:00,4.685,-,-
2022-03-20T07:30:00,4.681,-,-
2022-03-20T07:15:00,4.673,-,-
2022-03-20T07:00:00,4.674,-,-
2022-03-20T06:45:00,4.678,-,-
2022-03-20T06:30:00,4.679,-,-
2022-03-20T06:15:00,4.680,-,-
2022-03-20T06:00:00,4.681,-,-
2022-03-20T05:45:00,4.683,-,-
2022-03-20T05:30:00,4.686,-,-
2022-03-20T05:15:00,4.686,-,-
2022-03-20T05:00:00,4.687,-,-
2022-03-20T04:45:00,4.689,-,-
2022-03-20T04:30:00,4.691,-,-
2022-03-20T04:15:00,4.695,-,-
2022-03-20T04:00:00,4.701,-,-
2022-03-20T03:45:00,4.705,-,-
2022-03-20T03:30:00,4.712,-,-
2022-03-20T03:15:00,4.716,-,-
2022-03-20T03:00:00,4.720,-,-
2022-03-20T02:45:00,4.726,-,-
2022-03-20T02:30:00,4.733,-,-
2022-03-20T02:15:00,4.737,-,-
2022-03-20T02:00:00,4.742,-,-
2022-03-20T01:45:00,4.748,-,-
2022-03-20T01:30:00,4.755,-,-
2022-03-20T01:15:00,4.761,-,-
2022-03-20T01:00:00,4.764,-,-
2022-03-20T00:45:00,4.769,-,-
2022-03-20T00:30:00,4.775,-,-
2022-03-20T00:15:00,4.779,-,-
2022-03-20T00:00:00,4.786,-,-
2022-03-19T23:45:00,4.793,-,-
2022-03-19T23:30:00,4.799,-,-
2022-03-19T23:15:00,4.806,-,-
2022-03-19T23:00:00,4.817,-,-
2022-03-19T22:45:00,4.826,-,-
2022-03-19T22:30:00,4.836,-,-
2022-03-19T22:15:00,4.847,-,-
2022-03-19T22:00:00,4.861,-,-
2022-03-19T21:45:00,4.877,-,-
2022-03-19T21:30:00,4.893,-,-
2022-03-19T21:15:00,4.911,-,-
2022-03-19T21:00:00,4.927,-,-
2022-03-19T20:45:00,4.944,-,-
2022-03-19T20:30:00,4.959,-,-
2022-03-19T20:15:00,4.969,-,-
2022-03-19T20:00:00,4.976,-,-
2022-03-19T19:45:00,4.981,-,-
2022-03-19T19:30:00,4.986,-,-
2022-03-19T19:15:00,4.990,-,-
2022-03-19T19:00:00,4.996,-,-
2022-03-19T18:45:00,5.000,-,-
2022-03-19T18:30:00,5.004,-,-
2022-03-19T18:15:00,5.008,-,-
2022-03-19T18:00:00,5.011,-,-
2022-03-19T17:45:00,5.018,-,-
2022-03-19T17:30:00,5.023,-,-
2022-03-19T17:15:00,5.027,-,-
2022-03-19T17:00:00,5.031,-,-
2022-03-19T16:45:00,5.037,-,-
2022-03-19T16:30:00,5.042,-,-
2022-03-19T16:15:00,5.049,-,-
2022-03-19T16:00:00,5.054,-,-
2022-03-19T15:45:00,5.058,-,-
2022-03-19T15:30:00,5.057,-,-
2022-03-19T15:15:00,5.059,-,-
2022-03-19T15:00:00,5.056,-,-
2022-03-19T14:45:00,5.051,-,-
2022-03-19T14:30:00,5.045,-,-
2022-03-19T14:15:00,5.041,-,-
2022-03-19T14:00:00,5.034,-,-
2022-03-19T13:45:00,5.032,-,-
2022-03-19T13:30:00,5.027,-,-
2022-03-19T13:15:00,5.023,-,-
2022-03-19T13:00:00,5.019,-,-
2022-03-19T12:45:00,5.015,-,-
2022-03-19T12:30:00,5.009,-,-
2022-03-19T12:15:00,5.008,-,-
2022-03-19T12:00:00,5.004,-,-
2022-03-19T11:45:00,4.998,-,-
2022-03-19T11:30:00,4.994,-,-
2022-03-19T11:15:00,4.990,-,-
2022-03-19T11:00:00,4.987,-,-
2022-03-19T10:45:00,4.983,-,-
2022-03-19T10:30:00,4.974,-,-
2022-03-19T10:15:00,4.967,-,-
2022-03-19T10:00:00,4.959,-,-
2022-03-19T09:45:00,4.946,-,-
2022-03-19T09:30:00,4.935,-,-
2022-03-19T09:15:00,4.918,-,-
2022-03-19T09:00:00,4.904,-,-
2022-03-19T08:45:00,4.889,-,-
2022-03-19T08:30:00,4.880,-,-
2022-03-19T08:15:00,4.873,-,-
2022-03-19T08:00:00,4.869,-,-
2022-03-19T07:45:00,4.871,-,-
2022-03-19T07:30:00,4.870,-,-
2022-03-19T07:15:00,4.871,-,-
2022-03-19T07:00:00,4.869,-,-
2022-03-19T06:45:00,4.868,-,-
2022-03-19T06:30:00,4.866,-,-
2022-03-19T06:15:00,4.863,-,-
2022-03-19T06:00:00,4.861,-,-
2022-03-19T05:45:00,4.859,-,-
2022-03-19T05:30:00,4.854,-,-
2022-03-19T05:15:00,4.853,-,-
2022-03-19T05:00:00,4.849,-,-
2022-03-19T04:45:00,4.843,-,-
2022-03-19T04:30:00,4.837,-,-
2022-03-19T04:15:00,4.833,-,-
2022-03-19T04:00:00,4.831,-,-
2022-03-19T03:45:00,4.830,-,-
2022-03-19T03:30:00,4.827,-,-
2022-03-19T03:15:00,4.823,-,-
2022-03-19T03:00:00,4.822,-,-
2022-03-19T02:45:00,4.821,-,-
2022-03-19T02:30:00,4.820,-,-
2022-03-19T02:15:00,4.818,-,-
2022-03-19T02:00:00,4.817,-,-
2022-03-19T01:45:00,4.815,-,-
2022-03-19T01:30:00,4.814,-,-
2022-03-19T01:15:00,4.813,-,-
2022-03-19T01:00:00,4.810,-,-
2022-03-19T00:45:00,4.808,-,-
2022-03-19T00:30:00,4.808,-,-
2022-03-19T00:15:00,4.807,-,-
2022-03-19T00:00:00,4.807,-,-
2022-04-01T23:45:00,4.608,-,-
2022-04-01T23:30:00,4.606,-,-
2022-04-01T23:15:00,4.606,-,-
2022-04-01T23:00:00,4.602,-,-
2022-04-01T22:45:00,4.606,-,-
2022-04-01T22:30:00,4.606,-,-
2022-04-01T22:15:00,4.609,-,-
2022-04-01T22:00:00,4.611,-,-
2022-04-01T21:45:00,4.615,-,-
2022-04-01T21:30:00,4.618,-,-
2022-04-01T21:15:00,4.621,-,-
2022-04-01T21:00:00,4.618,-,-
2022-04-01T20:45:00,4.609,-,-
2022-04-01T20:30:00,4.589,-,-
2022-04-01T20:15:00,4.560,-,-
2022-04-01T20:00:00,4.518,-,-
2022-04-01T19:45:00,4.463,-,-
2022-04-01T19:30:00,4.402,-,-
2022-04-01T19:15:00,4.343,-,-
2022-04-01T19:00:00,4.297,-,-
2022-04-01T18:45:00,4.274,-,-
2022-04-01T18:30:00,4.270,-,-
2022-04-01T18:15:00,4.273,-,-
2022-04-01T18:00:00,4.279,-,-
2022-04-01T17:45:00,4.287,-,-
2022-04-01T17:30:00,4.297,-,-
2022-04-01T17:15:00,4.308,-,-
2022-04-01T17:00:00,4.321,-,-
2022-04-01T16:45:00,4.338,-,-
2022-04-01T16:30:00,4.356,-,-
2022-04-01T16:15:00,4.376,-,-
2022-04-01T16:00:00,4.400,-,-
2022-04-01T15:45:00,4.426,-,-
2022-04-01T15:30:00,4.459,-,-
2022-04-01T15:15:00,4.495,-,-
2022-04-01T15:00:00,4.533,-,-
2022-04-01T14:45:00,4.570,-,-
2022-04-01T14:30:00,4.611,-,-
2022-04-01T14:15:00,4.644,-,-
2022-04-01T14:00:00,4.667,-,-
2022-04-01T13:45:00,4.684,-,-
2022-04-01T13:30:00,4.689,-,-
2022-04-01T13:15:00,4.689,-,-
2022-04-01T13:00:00,4.682,-,-
2022-04-01T12:45:00,4.675,-,-
2022-04-01T12:30:00,4.665,-,-
2022-04-01T12:15:00,4.657,-,-
2022-04-01T12:00:00,4.646,-,-
2022-04-01T11:45:00,4.631,-,-
2022-04-01T11:30:00,4.610,-,-
2022-04-01T11:15:00,4.580,-,-
2022-04-01T11:00:00,4.538,-,-
2022-04-01T10:45:00,4.481,-,-
2022-04-01T10:30:00,4.396,-,-
2022-04-01T10:15:00,4.279,-,-
2022-04-01T10:00:00,4.135,-,-
2022-04-01T09:45:00,4.021,-,-
2022-04-01T09:30:00,3.996,-,-
2022-04-01T09:15:00,3.996,-,-
2022-04-01T09:00:00,3.997,-,-
2022-04-01T08:45:00,3.999,-,-
2022-04-01T08:30:00,4.002,-,-
2022-04-01T08:15:00,4.004,-,-
2022-04-01T08:00:00,4.006,-,-
2022-04-01T07:45:00,4.009,-,-
2022-04-01T07:30:00,4.011,-,-
2022-04-01T07:15:00,4.013,-,-
2022-04-01T07:00:00,4.015,-,-
2022-04-01T06:45:00,4.017,-,-
2022-04-01T06:30:00,4.019,-,-
2022-04-01T06:15:00,4.021,-,-
2022-04-01T06:00:00,4.023,-,-
2022-04-01T05:45:00,4.024,-,-
2022-04-01T05:30:00,4.027,-,-
2022-04-01T05:15:00,4.028,-,-
2022-04-01T05:00:00,4.030,-,-
2022-04-01T04:45:00,4.032,-,-
2022-04-01T04:30:00,4.034,-,-
2022-04-01T04:15:00,4.036,-,-
2022-04-01T04:00:00,4.038,-,-
2022-04-01T03:45:00,4.040,-,-
2022-04-01T03:30:00,4.043,-,-
2022-04-01T03:15:00,4.045,-,-
2022-04-01T03:00:00,4.048,-,-
2022-04-01T02:45:00,4.050,-,-
2022-04-01T02:30:00,4.054,-,-
2022-04-01T02:15:00,4.058,-,-
2022-04-01T02:00:00,4.062,-,-
2022-04-01T01:45:00,4.067,-,-
2022-04-01T01:30:00,4.072,-,-
2022-04-01T01:15:00,4.078,-,-
2022-04-01T01:00:00,4.085,-,-
2022-04-01T00:45:00,4.093,-,-
2022-04-01T00:30:00,4.102,-,-
2022-04-01T00:15:00,4.112,-,-
2022-04-01T00:00:00,4.124,-,-
2022-03-31T23:45:00,4.137,-,-
2022-03-31T23:30:00,4.149,-,-
2022-03-31T23:15:00,4.162,-,-
2022-03-31T23:00:00,4.177,-,-
2022-03-31T22:45:00,4.192,-,-
2022-03-31T22:30:00,4.209,-,-
2022-03-31T22:15:00,4.224,-,-
2022-03-31T22:00:00,4.238,-,-
2022-03-31T21:45:00,4.250,-,-
2022-03-31T21:30:00,4.262,-,-
2022-03-31T21:15:00,4.270,-,-
2022-03-31T21:00:00,4.274,-,-
2022-03-31T20:45:00,4.275,-,-
2022-03-31T20:30:00,4.276,-,-
2022-03-31T20:15:00,4.274,-,-
2022-03-31T20:00:00,4.274,-,-
2022-03-31T19:45:00,4.271,-,-
2022-03-31T19:30:00,4.270,-,-
2022-03-31T19:15:00,4.268,-,-
2022-03-31T19:00:00,4.266,-,-
2022-03-31T18:45:00,4.263,-,-
2022-03-31T18:30:00,4.262,-,-
2022-03-31T18:15:00,4.260,-,-
2022-03-31T18:00:00,4.261,-,-
2022-03-31T17:45:00,4.261,-,-
2022-03-31T17:30:00,4.261,-,-
2022-03-31T17:15:00,4.262,-,-
2022-03-31T17:00:00,4.262,-,-
2022-03-31T16:45:00,4.262,-,-
2022-03-31T16:30:00,4.261,-,-
2022-03-31T16:15:00,4.261,-,-
2022-03-31T16:00:00,4.260,-,-
2022-03-31T15:45:00,4.259,-,-
2022-03-31T15:30:00,4.258,-,-
2022-03-31T15:15:00,4.257,-,-
2022-03-31T15:00:00,4.256,-,-
2022-03-31T14:45:00,4.252,-,-
2022-03-31T14:30:00,4.251,-,-
2022-03-31T14:15:00,4.250,-,-
2022-03-31T14:00:00,4.247,-,-
2022-03-31T13:45:00,4.242,-,-
2022-03-31T13:30:00,4.237,-,-
2022-03-31T13:15:00,4.229,-,-
2022-03-31T13:00:00,4.216,-,-
2022-03-31T12:45:00,4.200,-,-
2022-03-31T12:30:00,4.180,-,-
2022-03-31T12:15:00,4.153,-,-
2022-03-31T12:00:00,4.121,-,-
2022-03-31T11:45:00,4.090,-,-
2022-03-31T11:30:00,4.067,-,-
2022-03-31T11:15:00,4.058,-,-
2022-03-31T11:00:00,4.056,-,-
2022-03-31T10:45:00,4.057,-,-
2022-03-31T10:30:00,4.058,-,-
2022-03-31T10:15:00,4.060,-,-
2022-03-31T10:00:00,4.062,-,-
2022-03-31T09:45:00,4.065,-,-
2022-03-31T09:30:00,4.068,-,-
2022-03-31T09:15:00,4.071,-,-
2022-03-31T09:00:00,4.074,-,-
2022-03-31T08:45:00,4.076,-,-
2022-03-31T08:30:00,4.078,-,-
2022-03-31T08:15:00,4.081,-,-
2022-03-31T08:00:00,4.083,-,-
2022-03-31T07:45:00,4.087,-,-
2022-03-31T07:30:00,4.089,-,-
2022-03-31T07:15:00,4.092,-,-
2022-03-31T07:00:00,4.094,-,-
2022-03-31T06:45:00,4.097,-,-
2022-03-31T06:30:00,4.100,-,-
2022-03-31T06:15:00,4.103,-,-
2022-03-31T06:00:00,4.105,-,-
2022-03-31T05:45:00,4.107,-,-
2022-03-31T05:30:00,4.110,-,-
2022-03-31T05:15:00,4.112,-,-
2022-03-31T05:00:00,4.115,-,-
2022-03-31T04:45:00,4.118,-,-
2022-03-31T04:30:00,4.121,-,-
2022-03-31T04:15:00,4.124,-,-
2022-03-31T04:00:00,4.127,-,-
2022-03-31T03:45:00,4.130,-,-
2022-03-31T03:30:00,4.133,-,-
2022-03-31T03:15:00,4.136,-,-
2022-03-31T03:00:00,4.140,-,-
2022-03-31T02:45:00,4.143,-,-
2022-03-31T02:30:00,4.146,-,-
2022-03-31T02:15:00,4.150,-,-
2022-03-31T02:00:00,4.153,-,-
2022-03-31T01:45:00,4.157,-,-
2022-03-31T01:30:00,4.161,-,-
2022-03-31T01:15:00,4.166,-,-
2022-03-31T01:00:00,4.173,-,-
2022-03-31T00:45:00,4.180,-,-
2022-03-31T00:30:00,4.187,-,-
2022-03-31T00:15:00,4.195,-,-
2022-03-31T00:00:00,4.203,-,-
2022-03-30T23:45:00,4.213,-,-
2022-03-30T23:30:00,4.224,-,-
2022-03-30T23:15:00,4.235,-,-
2022-03-30T23:00:00,4.247,-,-
2022-03-30T22:45:00,4.260,-,-
2022-03-30T22:30:00,4.272,-,-
2022-03-30T22:15:00,4.284,-,-
2022-03-30T22:00:00,4.295,-,-
2022-03-30T21:45:00,4.305,-,-
2022-03-30T21:30:00,4.314,-,-
2022-03-30T21:15:00,4.320,-,-
2022-03-30T21:00:00,4.324,-,-
2022-03-30T20:45:00,4.326,-,-
2022-03-30T20:30:00,4.325,-,-
2022-03-30T20:15:00,4.326,-,-
2022-03-30T20:00:00,4.325,-,-
2022-03-30T19:45:00,4.326,-,-
2022-03-30T19:30:00,4.325,-,-
2022-03-30T19:15:00,4.326,-,-
2022-03-30T19:00:00,4.326,-,-
2022-03-30T18:45:00,4.326,-,-
2022-03-30T18:30:00,4.326,-,-
2022-03-30T18:15:00,4.327,-,-
2022-03-30T18:00:00,4.328,-,-
2022-03-30T17:45:00,4.329,-,-
2022-03-30T17:30:00,4.329,-,-
2022-03-30T17:15:00,4.330,-,-
2022-03-30T17:00:00,4.330,-,-
2022-03-30T16:45:00,4.331,-,-
2022-03-30T16:30:00,4.331,-,-
2022-03-30T16:15:00,4.331,-,-
2022-03-30T16:00:00,4.329,-,-
2022-03-30T15:45:00,4.329,-,-
2022-03-30T15:30:00,4.327,-,-
2022-03-30T15:15:00,4.324,-,-
2022-03-30T15:00:00,4.320,-,-
2022-03-30T14:45:00,4.317,-,-
2022-03-30T14:30:00,4.314,-,-
2022-03-30T14:15:00,4.312,-,-
2022-03-30T14:00:00,4.309,-,-
2022-03-30T13:45:00,4.306,-,-
2022-03-30T13:30:00,4.301,-,-
2022-03-30T13:15:00,4.295,-,-
2022-03-30T13:00:00,4.287,-,-
2022-03-30T12:45:00,4.276,-,-
2022-03-30T12:30:00,4.264,-,-
2022-03-30T12:15:00,4.245,-,-
2022-03-30T12:00:00,4.226,-,-
2022-03-30T11:45:00,4.204,-,-
2022-03-30T11:30:00,4.190,-,-
2022-03-30T11:15:00,4.183,-,-
2022-03-30T11:00:00,4.184,-,-
2022-03-30T10:45:00,4.186,-,-
2022-03-30T10:30:00,4.189,-,-
2022-03-30T10:15:00,4.192,-,-
2022-03-30T10:00:00,4.195,-,-
2022-03-30T09:45:00,4.198,-,-
2022-03-30T09:30:00,4.202,-,-
2022-03-30T09:15:00,4.205,-,-
2022-03-30T09:00:00,4.208,-,-
2022-03-30T08:45:00,4.213,-,-
2022-03-30T08:30:00,4.216,-,-
2022-03-30T08:15:00,4.220,-,-
2022-03-30T08:00:00,4.223,-,-
2022-03-30T07:45:00,4.227,-,-
2022-03-30T07:30:00,4.232,-,-
2022-03-30T07:15:00,4.235,-,-
2022-03-30T07:00:00,4.238,-,-
2022-03-30T06:45:00,4.241,-,-
2022-03-30T06:30:00,4.245,-,-
2022-03-30T06:15:00,4.248,-,-
2022-03-30T06:00:00,4.251,-,-
2022-03-30T05:45:00,4.256,-,-
2022-03-30T05:30:00,4.259,-,-
2022-03-30T05:15:00,4.262,-,-
2022-03-30T05:00:00,4.265,-,-
2022-03-30T04:45:00,4.269,-,-
2022-03-30T04:30:00,4.271,-,-
2022-03-30T04:15:00,4.274,-,-
2022-03-30T04:00:00,4.277,-,-
2022-03-30T03:45:00,4.280,-,-
2022-03-30T03:30:00,4.284,-,-
2022-03-30T03:15:00,4.288,-,-
2022-03-30T03:00:00,4.292,-,-
2022-03-30T02:45:00,4.295,-,-
2022-03-30T02:30:00,4.300,-,-
2022-03-30T02:15:00,4.304,-,-
2022-03-30T02:00:00,4.309,-,-
2022-03-30T01:45:00,4.312,-,-
2022-03-30T01:30:00,4.317,-,-
2022-03-30T01:15:00,4.321,-,-
2022-03-30T01:00:00,4.327,-,-
2022-03-30T00:45:00,4.333,-,-
2022-03-30T00:30:00,4.339,-,-
2022-03-30T00:15:00,4.345,-,-
2022-03-30T00:00:00,4.352,-,-
2022-03-29T23:45:00,4.360,-,-
2022-03-29T23:30:00,4.368,-,-
2022-03-29T23:15:00,4.377,-,-
2022-03-29T23:00:00,4.387,-,-
2022-03-29T22:45:00,4.396,-,-
2022-03-29T22:30:00,4.405,-,-
2022-03-29T22:15:00,4.415,-,-
2022-03-29T22:00:00,4.426,-,-
2022-03-29T21:45:00,4.436,-,-
2022-03-29T21:30:00,4.445,-,-
2022-03-29T21:15:00,4.450,-,-
2022-03-29T21:00:00,4.455,-,-
2022-03-29T20:45:00,4.457,-,-
2022-03-29T20:30:00,4.457,-,-
2022-03-29T20:15:00,4.457,-,-
2022-03-29T20:00:00,4.457,-,-
2022-03-29T19:45:00,4.458,-,-
2022-03-29T19:30:00,4.458,-,-
2022-03-29T19:15:00,4.458,-,-
2022-03-29T19:00:00,4.459,-,-
2022-03-29T18:45:00,4.459,-,-
2022-03-29T18:30:00,4.459,-,-
2022-03-29T18:15:00,4.459,-,-
2022-03-29T18:00:00,4.459,-,-
2022-03-29T17:45:00,4.458,-,-
2022-03-29T17:30:00,4.458,-,-
2022-03-29T17:15:00,4.458,-,-
2022-03-29T17:00:00,4.458,-,-
2022-03-29T16:45:00,4.459,-,-
2022-03-29T16:30:00,4.459,-,-
2022-03-29T16:15:00,4.459,-,-
2022-03-29T16:00:00,4.459,-,-
2022-03-29T15:45:00,4.460,-,-
2022-03-29T15:30:00,4.460,-,-
2022-03-29T15:15:00,4.461,-,-
2022-03-29T15:00:00,4.461,-,-
2022-03-29T14:45:00,4.461,-,-
2022-03-29T14:30:00,4.461,-,-
2022-03-29T14:15:00,4.459,-,-
2022-03-29T14:00:00,4.459,-,-
2022-03-29T13:45:00,4.457,-,-
2022-03-29T13:30:00,4.457,-,-
2022-03-29T13:15:00,4.456,-,-
2022-03-29T13:00:00,4.454,-,-
2022-03-29T12:45:00,4.453,-,-
2022-03-29T12:30:00,4.454,-,-
2022-03-29T12:15:00,4.455,-,-
2022-03-29T12:00:00,4.459,-,-
2022-03-29T11:45:00,4.465,-,-
2022-03-29T11:30:00,4.473,-,-
2022-03-29T11:15:00,4.484,-,-
2022-03-29T11:00:00,4.496,-,-
2022-03-29T10:45:00,4.514,-,-
2022-03-29T10:30:00,4.533,-,-
2022-03-29T10:15:00,4.555,-,-
2022-03-29T10:00:00,4.578,-,-
2022-03-29T09:45:00,4.603,-,-
2022-03-29T09:30:00,4.625,-,-
2022-03-29T09:15:00,4.642,-,-
2022-03-29T09:00:00,4.653,-,-
2022-03-29T08:45:00,4.657,-,-
2022-03-29T08:30:00,4.656,-,-
2022-03-29T08:15:00,4.656,-,-
2022-03-29T08:00:00,4.654,-,-
2022-03-29T07:45:00,4.653,-,-
2022-03-29T07:30:00,4.652,-,-
2022-03-29T07:15:00,4.650,-,-
2022-03-29T07:00:00,4.651,-,-
2022-03-29T06:45:00,4.650,-,-
2022-03-29T06:30:00,4.649,-,-
2022-03-29T06:15:00,4.648,-,-
2022-03-29T06:00:00,4.648,-,-
2022-03-29T05:45:00,4.647,-,-
2022-03-29T05:30:00,4.646,-,-
2022-03-29T05:15:00,4.646,-,-
2022-03-29T05:00:00,4.645,-,-
2022-03-29T04:45:00,4.644,-,-
2022-03-29T04:30:00,4.643,-,-
2022-03-29T04:15:00,4.643,-,-
2022-03-29T04:00:00,4.642,-,-
2022-03-29T03:45:00,4.641,-,-
2022-03-29T03:30:00,4.640,-,-
2022-03-29T03:15:00,4.640,-,-
2022-03-29T03:00:00,4.638,-,-
2022-03-29T02:45:00,4.638,-,-
2022-03-29T02:30:00,4.636,-,-
2022-03-29T02:15:00,4.636,-,-
2022-03-29T02:00:00,4.634,-,-
2022-03-29T01:45:00,4.633,-,-
2022-03-29T01:30:00,4.633,-,-
2022-03-29T01:15:00,4.631,-,-
2022-03-29T01:00:00,4.629,-,-
2022-03-29T00:45:00,4.628,-,-
2022-03-29T00:30:00,4.626,-,-
2022-03-29T00:15:00,4.624,-,-
2022-03-29T00:00:00,4.623,-,-
2022-03-28T23:45:00,4.622,-,-
2022-03-28T23:30:00,4.622,-,-
2022-03-28T23:15:00,4.625,-,-
2022-03-28T23:00:00,4.631,-,-
2022-03-28T22:45:00,4.638,-,-
2022-03-28T22:30:00,4.647,-,-
2022-03-28T22:15:00,4.659,-,-
2022-03-28T22:00:00,4.672,-,-
2022-03-28T21:45:00,4.687,-,-
2022-03-28T21:30:00,4.701,-,-
2022-03-28T21:15:00,4.713,-,-
2022-03-28T21:00:00,4.724,-,-
2022-03-28T20:45:00,4.732,-,-
2022-03-28T20:30:00,4.733,-,-
2022-03-28T20:15:00,4.733,-,-
2022-03-28T20:00:00,4.730,-,-
2022-03-28T19:45:00,4.725,-,-
2022-03-28T19:30:00,4.721,-,-
2022-03-28T19:15:00,4.718,-,-
2022-03-28T19:00:00,4.716,-,-
2022-03-28T18:45:00,4.713,-,-
2022-03-28T18:30:00,4.707,-,-
2022-03-28T18:15:00,4.703,-,-
2022-03-28T18:00:00,4.701,-,-
2022-03-28T17:45:00,4.695,-,-
2022-03-28T17:30:00,4.688,-,-
2022-03-28T17:15:00,4.679,-,-
2022-03-28T17:00:00,4.667,-,-
2022-03-28T16:45:00,4.653,-,-
2022-03-28T16:30:00,4.634,-,-
2022-03-28T16:15:00,4.608,-,-
2022-03-28T16:00:00,4.574,-,-
2022-03-28T15:45:00,4.533,-,-
2022-03-28T15:30:00,4.488,-,-
2022-03-28T15:15:00,4.445,-,-
2022-03-28T15:00:00,4.411,-,-
2022-03-28T14:45:00,4.401,-,-
2022-03-28T14:30:00,4.413,-,-
2022-03-28T14:15:00,4.441,-,-
2022-03-28T14:00:00,4.475,-,-
2022-03-28T13:45:00,4.513,-,-
2022-03-28T13:30:00,4.547,-,-
2022-03-28T13:15:00,4.579,-,-
2022-03-28T13:00:00,4.603,-,-
2022-03-28T12:45:00,4.618,-,-
2022-03-28T12:30:00,4.624,-,-
2022-03-28T12:15:00,4.615,-,-
2022-03-28T12:00:00,4.600,-,-
2022-03-28T11:45:00,4.587,-,-
2022-03-28T11:30:00,4.575,-,-
2022-03-28T11:15:00,4.570,-,-
2022-03-28T11:00:00,4.568,-,-
2022-03-28T10:45:00,4.569,-,-
2022-03-28T10:30:00,4.568,-,-
2022-03-28T10:15:00,4.571,-,-
2022-03-28T10:00:00,4.571,-,-
2022-03-28T09:45:00,4.572,-,-
2022-03-28T09:30:00,4.573,-,-
2022-03-28T09:15:00,4.575,-,-
2022-03-28T09:00:00,4.575,-,-
2022-03-28T08:45:00,4.576,-,-
2022-03-28T08:30:00,4.577,-,-
2022-03-28T08:15:00,4.578,-,-
2022-03-28T08:00:00,4.580,-,-
2022-03-28T07:45:00,4.578,-,-
2022-03-28T07:30:00,4.580,-,-
2022-03-28T07:15:00,4.582,-,-
2022-03-28T07:00:00,4.583,-,-
2022-03-28T06:45:00,4.584,-,-
2022-03-28T06:30:00,4.584,-,-
2022-03-28T06:15:00,4.586,-,-
2022-03-28T06:00:00,4.587,-,-
2022-03-28T05:45:00,4.589,-,-
2022-03-28T05:30:00,4.589,-,-
2022-03-28T05:15:00,4.591,-,-
2022-03-28T05:00:00,4.593,-,-
2022-03-28T04:45:00,4.594,-,-
2022-03-28T04:30:00,4.596,-,-
2022-03-28T04:15:00,4.597,-,-
2022-03-28T04:00:00,4.598,-,-
2022-03-28T03:45:00,4.600,-,-
2022-03-28T03:30:00,4.602,-,-
2022-03-28T03:15:00,4.602,-,-
2022-03-28T03:00:00,4.603,-,-
2022-03-28T02:45:00,4.605,-,-
2022-03-28T02:30:00,4.607,-,-
2022-03-28T02:15:00,4.607,-,-
2022-03-28T02:00:00,4.609,-,-
2022-03-28T01:45:00,4.611,-,-
2022-03-28T01:30:00,4.610,-,-
2022-03-28T01:15:00,4.612,-,-
2022-03-28T01:00:00,4.613,-,-
2022-03-28T00:45:00,4.613,-,-
2022-03-28T00:30:00,4.612,-,-
2022-03-28T00:15:00,4.614,-,-
2022-03-28T00:00:00,4.615,-,-
2022-03-27T23:45:00,4.618,-,-
2022-03-27T23:30:00,4.622,-,-
2022-03-27T23:15:00,4.627,-,-
2022-03-27T23:00:00,4.634,-,-
2022-03-27T22:45:00,4.642,-,-
2022-03-27T22:30:00,4.651,-,-
2022-03-27T22:15:00,4.661,-,-
2022-03-27T22:00:00,4.676,-,-
2022-03-27T21:45:00,4.691,-,-
2022-03-27T21:30:00,4.708,-,-
2022-03-27T21:15:00,4.726,-,-
2022-03-27T21:00:00,4.744,-,-
2022-03-27T20:45:00,4.761,-,-
2022-03-27T20:30:00,4.774,-,-
2022-03-27T20:15:00,4.783,-,-
2022-03-27T20:00:00,4.786,-,-
2022-03-27T19:45:00,4.788,-,-
2022-03-27T19:30:00,4.789,-,-
2022-03-27T19:15:00,4.789,-,-
2022-03-27T19:00:00,4.788,-,-
2022-03-27T18:45:00,4.789,-,-
2022-03-27T18:30:00,4.789,-,-
2022-03-27T18:15:00,4.790,-,-
2022-03-27T18:00:00,4.789,-,-
2022-03-27T17:45:00,4.788,-,-
2022-03-27T17:30:00,4.788,-,-
2022-03-27T17:15:00,4.789,-,-
2022-03-27T17:00:00,4.789,-,-
2022-03-27T16:45:00,4.789,-,-
2022-03-27T16:30:00,4.789,-,-
2022-03-27T16:15:00,4.789,-,-
2022-03-27T16:00:00,4.790,-,-
2022-03-27T15:45:00,4.789,-,-
2022-03-27T15:30:00,4.792,-,-
2022-03-27T15:15:00,4.792,-,-
2022-03-27T15:00:00,4.791,-,-
2022-03-27T14:45:00,4.792,-,-
2022-03-27T14:30:00,4.794,-,-
2022-03-27T14:15:00,4.793,-,-
2022-03-27T14:00:00,4.795,-,-
2022-03-27T13:45:00,4.796,-,-
2022-03-27T13:30:00,4.794,-,-
2022-03-27T13:15:00,4.797,-,-
2022-03-27T13:00:00,4.796,-,-
2022-03-27T12:45:00,4.799,-,-
2022-03-27T12:30:00,4.801,-,-
2022-03-27T12:15:00,4.799,-,-
2022-03-27T12:00:00,4.802,-,-
2022-03-27T11:45:00,4.800,-,-
2022-03-27T11:30:00,4.800,-,-
2022-03-27T11:15:00,4.801,-,-
2022-03-27T11:00:00,4.801,-,-
2022-03-27T10:45:00,4.800,-,-
2022-03-27T10:30:00,4.797,-,-
2022-03-27T10:15:00,4.790,-,-
2022-03-27T10:00:00,4.783,-,-
2022-03-27T09:45:00,4.771,-,-
2022-03-27T09:30:00,4.759,-,-
2022-03-27T09:15:00,4.742,-,-
2022-03-27T09:00:00,4.728,-,-
2022-03-27T08:45:00,4.714,-,-
2022-03-27T08:30:00,4.706,-,-
2022-03-27T08:15:00,4.700,-,-
2022-03-27T08:00:00,4.697,-,-
2022-03-27T07:45:00,4.698,-,-
2022-03-27T07:30:00,4.698,-,-
2022-03-27T07:15:00,4.699,-,-
2022-03-27T07:00:00,4.701,-,-
2022-03-27T06:45:00,4.701,-,-
2022-03-27T06:30:00,4.701,-,-
2022-03-27T06:15:00,4.702,-,-
2022-03-27T06:00:00,4.702,-,-
2022-03-27T05:45:00,4.703,-,-
2022-03-27T05:30:00,4.705,-,-
2022-03-27T05:15:00,4.706,-,-
2022-03-27T05:00:00,4.708,-,-
2022-03-27T04:45:00,4.709,-,-
2022-03-27T04:30:00,4.709,-,-
2022-03-27T04:15:00,4.712,-,-
2022-03-27T04:00:00,4.712,-,-
2022-03-27T03:45:00,4.715,-,-
2022-03-27T03:30:00,4.717,-,-
2022-03-27T03:15:00,4.717,-,-
2022-03-27T03:00:00,4.719,-,-
2022-03-27T02:45:00,4.721,-,-
2022-03-27T02:30:00,4.723,-,-
2022-03-27T02:15:00,4.723,-,-
2022-03-27T02:00:00,4.725,-,-
2022-03-27T01:45:00,4.727,-,-
2022-03-27T01:30:00,4.728,-,-
2022-03-27T01:15:00,4.731,-,-
2022-03-27T01:00:00,4.733,-,-
2022-03-27T00:45:00,4.734,-,-
2022-03-27T00:30:00,4.737,-,-
2022-03-27T00:15:00,4.738,-,-
2022-03-27T00:00:00,4.741,-,-
2022-03-26T23:45:00,4.742,-,-
2022-03-26T23:30:00,4.747,-,-
2022-03-26T23:15:00,4.750,-,-
2022-03-26T23:00:00,4.754,-,-
2022-03-26T22:45:00,4.758,-,-
2022-03-26T22:30:00,4.763,-,-
2022-03-26T22:15:00,4.771,-,-
2022-03-26T22:00:00,4.778,-,-
2022-03-26T21:45:00,4.788,-,-
2022-03-26T21:30:00,4.799,-,-
2022-03-26T21:15:00,4.809,-,-
2022-03-26T21:00:00,4.821,-,-
2022-03-26T20:45:00,4.831,-,-
2022-03-26T20:30:00,4.838,-,-
2022-03-26T20:15:00,4.842,-,-
2022-03-26T20:00:00,4.843,-,-
2022-03-26T19:45:00,4.845,-,-
2022-03-26T19:30:00,4.843,-,-
2022-03-26T19:15:00,4.843,-,-
2022-03-26T19:00:00,4.841,-,-
2022-03-26T18:45:00,4.838,-,-
2022-03-26T18:30:00,4.837,-,-
2022-03-26T18:15:00,4.834,-,-
2022-03-26T18:00:00,4.833,-,-
2022-03-26T17:45:00,4.831,-,-
2022-03-26T17:30:00,4.830,-,-
2022-03-26T17:15:00,4.828,-,-
2022-03-26T17:00:00,4.827,-,-
2022-03-26T16:45:00,4.824,-,-
2022-03-26T16:30:00,4.824,-,-
2022-03-26T16:15:00,4.822,-,-
2022-03-26T16:00:00,4.820,-,-
2022-03-26T15:45:00,4.818,-,-
2022-03-26T15:30:00,4.817,-,-
2022-03-26T15:15:00,4.817,-,-
2022-03-26T15:00:00,4.815,-,-
2022-03-26T14:45:00,4.813,-,-
2022-03-26T14:30:00,4.814,-,-
2022-03-26T14:15:00,4.811,-,-
2022-03-26T14:00:00,4.809,-,-
2022-03-26T13:45:00,4.806,-,-
2022-03-26T13:30:00,4.806,-,-
2022-03-26T13:15:00,4.804,-,-
2022-03-26T13:00:00,4.803,-,-
2022-03-26T12:45:00,4.801,-,-
2022-03-26T12:30:00,4.799,-,-
2022-03-26T12:15:00,4.798,-,-
2022-03-26T12:00:00,4.795,-,-
2022-03-26T11:45:00,4.791,-,-
2022-03-26T11:30:00,4.788,-,-
2022-03-26T11:15:00,4.784,-,-
2022-03-26T11:00:00,4.780,-,-
2022-03-26T10:45:00,4.776,-,-
2022-03-26T10:30:00,4.771,-,-
2022-03-26T10:15:00,4.763,-,-
2022-03-26T10:00:00,4.751,-,-
2022-03-26T09:45:00,4.743,-,-
2022-03-26T09:30:00,4.732,-,-
2022-03-26T09:15:00,4.722,-,-
2022-03-26T09:00:00,4.713,-,-
2022-03-26T08:45:00,4.707,-,-
2022-03-26T08:30:00,4.706,-,-
2022-03-26T08:15:00,4.706,-,-
2022-03-26T08:00:00,4.707,-,-
2022-03-26T07:45:00,4.708,-,-
2022-03-26T07:30:00,4.710,-,-
2022-03-26T07:15:00,4.711,-,-
2022-03-26T07:00:00,4.713,-,-
2022-03-26T06:45:00,4.713,-,-
2022-03-26T06:30:00,4.715,-,-
2022-03-26T06:15:00,4.716,-,-
2022-03-26T06:00:00,4.718,-,-
2022-03-26T05:45:00,4.718,-,-
2022-03-26T05:30:00,4.719,-,-
2022-03-26T05:15:00,4.720,-,-
2022-03-26T05:00:00,4.722,-,-
2022-03-26T04:45:00,4.724,-,-
2022-03-26T04:30:00,4.724,-,-
2022-03-26T04:15:00,4.726,-,-
2022-03-26T04:00:00,4.727,-,-
2022-03-26T03:45:00,4.729,-,-
2022-03-26T03:30:00,4.731,-,-
2022-03-26T03:15:00,4.730,-,-
2022-03-26T03:00:00,4.733,-,-
2022-03-26T02:45:00,4.734,-,-
2022-03-26T02:30:00,4.735,-,-
2022-03-26T02:15:00,4.736,-,-
2022-03-26T02:00:00,4.738,-,-
2022-03-26T01:45:00,4.740,-,-
2022-03-26T01:30:00,4.741,-,-
2022-03-26T01:15:00,4.744,-,-
2022-03-26T01:00:00,4.745,-,-
2022-03-26T00:45:00,4.746,-,-
2022-03-26T00:30:00,4.748,-,-
2022-03-26T00:15:00,4.751,-,-
2022-03-26T00:00:00,4.753,-,-
2022-04-08T23:45:00,4.784,-,-
2022-04-08T23:30:00,4.783,-,-
2022-04-08T23:15:00,4.782,-,-
2022-04-08T23:00:00,4.784,-,-
2022-04-08T22:45:00,4.785,-,-
2022-04-08T22:30:00,4.788,-,-
2022-04-08T22:15:00,4.792,-,-
2022-04-08T22:00:00,4.798,-,-
2022-04-08T21:45:00,4.805,-,-
2022-04-08T21:30:00,4.813,-,-
2022-04-08T21:15:00,4.826,-,-
2022-04-08T21:00:00,4.835,-,-
2022-04-08T20:45:00,4.845,-,-
2022-04-08T20:30:00,4.849,-,-
2022-04-08T20:15:00,4.853,-,-
2022-04-08T20:00:00,4.851,-,-
2022-04-08T19:45:00,4.850,-,-
2022-04-08T19:30:00,4.845,-,-
2022-04-08T19:15:00,4.842,-,-
2022-04-08T19:00:00,4.836,-,-
2022-04-08T18:45:00,4.833,-,-
2022-04-08T18:30:00,4.829,-,-
2022-04-08T18:15:00,4.825,-,-
2022-04-08T18:00:00,4.819,-,-
2022-04-08T17:45:00,4.814,-,-
2022-04-08T17:30:00,4.810,-,-
2022-04-08T17:15:00,4.807,-,-
2022-04-08T17:00:00,4.803,-,-
2022-04-08T16:45:00,4.798,-,-
2022-04-08T16:30:00,4.791,-,-
2022-04-08T16:15:00,4.789,-,-
2022-04-08T16:00:00,4.784,-,-
2022-04-08T15:45:00,4.780,-,-
2022-04-08T15:30:00,4.775,-,-
2022-04-08T15:15:00,4.770,-,-
2022-04-08T15:00:00,4.767,-,-
2022-04-08T14:45:00,4.763,-,-
2022-04-08T14:30:00,4.759,-,-
2022-04-08T14:15:00,4.755,-,-
2022-04-08T14:00:00,4.750,-,-
2022-04-08T13:45:00,4.745,-,-
2022-04-08T13:30:00,4.740,-,-
2022-04-08T13:15:00,4.735,-,-
2022-04-08T13:00:00,4.728,-,-
2022-04-08T12:45:00,4.720,-,-
2022-04-08T12:30:00,4.713,-,-
2022-04-08T12:15:00,4.704,-,-
2022-04-08T12:00:00,4.692,-,-
2022-04-08T11:45:00,4.673,-,-
2022-04-08T11:30:00,4.651,-,-
2022-04-08T11:15:00,4.617,-,-
2022-04-08T11:00:00,4.570,-,-
2022-04-08T10:45:00,4.507,-,-
2022-04-08T10:30:00,4.412,-,-
2022-04-08T10:15:00,4.293,-,-
2022-04-08T10:00:00,4.183,-,-
2022-04-08T09:45:00,4.138,-,-
2022-04-08T09:30:00,4.134,-,-
2022-04-08T09:15:00,4.138,-,-
2022-04-08T09:00:00,4.142,-,-
2022-04-08T08:45:00,4.146,-,-
2022-04-08T08:30:00,4.150,-,-
2022-04-08T08:15:00,4.155,-,-
2022-04-08T08:00:00,4.160,-,-
2022-04-08T07:45:00,4.165,-,-
2022-04-08T07:30:00,4.170,-,-
2022-04-08T07:15:00,4.172,-,-
2022-04-08T07:00:00,4.175,-,-
2022-04-08T06:45:00,4.178,-,-
2022-04-08T06:30:00,4.181,-,-
2022-04-08T06:15:00,4.184,-,-
2022-04-08T06:00:00,4.186,-,-
2022-04-08T05:45:00,4.190,-,-
2022-04-08T05:30:00,4.192,-,-
2022-04-08T05:15:00,4.195,-,-
2022-04-08T05:00:00,4.197,-,-
2022-04-08T04:45:00,4.200,-,-
2022-04-08T04:30:00,4.202,-,-
2022-04-08T04:15:00,4.205,-,-
2022-04-08T04:00:00,4.207,-,-
2022-04-08T03:45:00,4.211,-,-
2022-04-08T03:30:00,4.214,-,-
2022-04-08T03:15:00,4.216,-,-
2022-04-08T03:00:00,4.219,-,-
2022-04-08T02:45:00,4.222,-,-
2022-04-08T02:30:00,4.225,-,-
2022-04-08T02:15:00,4.227,-,-
2022-04-08T02:00:00,4.231,-,-
2022-04-08T01:45:00,4.235,-,-
2022-04-08T01:30:00,4.239,-,-
2022-04-08T01:15:00,4.244,-,-
2022-04-08T01:00:00,4.248,-,-
2022-04-08T00:45:00,4.254,-,-
2022-04-08T00:30:00,4.261,-,-
2022-04-08T00:15:00,4.266,-,-
2022-04-08T00:00:00,4.273,-,-
2022-04-07T23:45:00,4.280,-,-
2022-04-07T23:30:00,4.289,-,-
2022-04-07T23:15:00,4.299,-,-
2022-04-07T23:00:00,4.310,-,-
2022-04-07T22:45:00,4.322,-,-
2022-04-07T22:30:00,4.332,-,-
2022-04-07T22:15:00,4.344,-,-
2022-04-07T22:00:00,4.356,-,-
2022-04-07T21:45:00,4.364,-,-
2022-04-07T21:30:00,4.373,-,-
2022-04-07T21:15:00,4.379,-,-
2022-04-07T21:00:00,4.383,-,-
2022-04-07T20:45:00,4.386,-,-
2022-04-07T20:30:00,4.388,-,-
2022-04-07T20:15:00,4.389,-,-
2022-04-07T20:00:00,4.392,-,-
2022-04-07T19:45:00,4.394,-,-
2022-04-07T19:30:00,4.394,-,-
2022-04-07T19:15:00,4.397,-,-
2022-04-07T19:00:00,4.399,-,-
2022-04-07T18:45:00,4.400,-,-
2022-04-07T18:30:00,4.402,-,-
2022-04-07T18:15:00,4.403,-,-
2022-04-07T18:00:00,4.404,-,-
2022-04-07T17:45:00,4.405,-,-
2022-04-07T17:30:00,4.402,-,-
2022-04-07T17:15:00,4.399,-,-
2022-04-07T17:00:00,4.393,-,-
2022-04-07T16:45:00,4.385,-,-
2022-04-07T16:30:00,4.373,-,-
2022-04-07T16:15:00,4.362,-,-
2022-04-07T16:00:00,4.353,-,-
2022-04-07T15:45:00,4.348,-,-
2022-04-07T15:30:00,4.347,-,-
2022-04-07T15:15:00,4.346,-,-
2022-04-07T15:00:00,4.344,-,-
2022-04-07T14:45:00,4.343,-,-
2022-04-07T14:30:00,4.341,-,-
2022-04-07T14:15:00,4.339,-,-
2022-04-07T14:00:00,4.335,-,-
2022-04-07T13:45:00,4.331,-,-
2022-04-07T13:30:00,4.323,-,-
2022-04-07T13:15:00,4.314,-,-
2022-04-07T13:00:00,4.300,-,-
2022-04-07T12:45:00,4.284,-,-
2022-04-07T12:30:00,4.266,-,-
2022-04-07T12:15:00,4.246,-,-
2022-04-07T12:00:00,4.231,-,-
2022-04-07T11:45:00,4.222,-,-
2022-04-07T11:30:00,4.221,-,-
2022-04-07T11:15:00,4.221,-,-
2022-04-07T11:00:00,4.224,-,-
2022-04-07T10:45:00,4.225,-,-
2022-04-07T10:30:00,4.227,-,-
2022-04-07T10:15:00,4.230,-,-
2022-04-07T10:00:00,4.232,-,-
2022-04-07T09:45:00,4.235,-,-
2022-04-07T09:30:00,4.238,-,-
2022-04-07T09:15:00,4.241,-,-
2022-04-07T09:00:00,4.244,-,-
2022-04-07T08:45:00,4.246,-,-
2022-04-07T08:30:00,4.248,-,-
2022-04-07T08:15:00,4.250,-,-
2022-04-07T08:00:00,4.254,-,-
2022-04-07T07:45:00,4.256,-,-
2022-04-07T07:30:00,4.259,-,-
2022-04-07T07:15:00,4.261,-,-
2022-04-07T07:00:00,4.264,-,-
2022-04-07T06:45:00,4.267,-,-
2022-04-07T06:30:00,4.268,-,-
2022-04-07T06:15:00,4.271,-,-
2022-04-07T06:00:00,4.273,-,-
2022-04-07T05:45:00,4.275,-,-
2022-04-07T05:30:00,4.277,-,-
2022-04-07T05:15:00,4.279,-,-
2022-04-07T05:00:00,4.282,-,-
2022-04-07T04:45:00,4.284,-,-
2022-04-07T04:30:00,4.287,-,-
2022-04-07T04:15:00,4.290,-,-
2022-04-07T04:00:00,4.293,-,-
2022-04-07T03:45:00,4.295,-,-
2022-04-07T03:30:00,4.299,-,-
2022-04-07T03:15:00,4.303,-,-
2022-04-07T03:00:00,4.307,-,-
2022-04-07T02:45:00,4.312,-,-
2022-04-07T02:30:00,4.317,-,-
2022-04-07T02:15:00,4.323,-,-
2022-04-07T02:00:00,4.329,-,-
2022-04-07T01:45:00,4.336,-,-
2022-04-07T01:30:00,4.343,-,-
2022-04-07T01:15:00,4.351,-,-
2022-04-07T01:00:00,4.360,-,-
2022-04-07T00:45:00,4.368,-,-
2022-04-07T00:30:00,4.379,-,-
2022-04-07T00:15:00,4.388,-,-
2022-04-07T00:00:00,4.396,-,-
2022-04-06T23:45:00,4.403,-,-
2022-04-06T23:30:00,4.408,-,-
2022-04-06T23:15:00,4.411,-,-
2022-04-06T23:00:00,4.413,-,-
2022-04-06T22:45:00,4.412,-,-
2022-04-06T22:30:00,4.412,-,-
2022-04-06T22:15:00,4.411,-,-
2022-04-06T22:00:00,4.410,-,-
2022-04-06T21:45:00,4.410,-,-
2022-04-06T21:30:00,4.409,-,-
2022-04-06T21:15:00,4.408,-,-
2022-04-06T21:00:00,4.406,-,-
2022-04-06T20:45:00,4.406,-,-
2022-04-06T20:30:00,4.404,-,-
2022-04-06T20:15:00,4.403,-,-
2022-04-06T20:00:00,4.402,-,-
2022-04-06T19:45:00,4.402,-,-
2022-04-06T19:30:00,4.401,-,-
2022-04-06T19:15:00,4.400,-,-
2022-04-06T19:00:00,4.400,-,-
2022-04-06T18:45:00,4.400,-,-
2022-04-06T18:30:00,4.400,-,-
2022-04-06T18:15:00,4.400,-,-
2022-04-06T18:00:00,4.399,-,-
2022-04-06T17:45:00,4.399,-,-
2022-04-06T17:30:00,4.399,-,-
2022-04-06T17:15:00,4.398,-,-
2022-04-06T17:00:00,4.397,-,-
2022-04-06T16:45:00,4.397,-,-
2022-04-06T16:30:00,4.398,-,-
2022-04-06T16:15:00,4.398,-,-
2022-04-06T16:00:00,4.398,-,-
2022-04-06T15:45:00,4.397,-,-
2022-04-06T15:30:00,4.397,-,-
2022-04-06T15:15:00,4.396,-,-
2022-04-06T15:00:00,4.395,-,-
2022-04-06T14:45:00,4.394,-,-
2022-04-06T14:30:00,4.394,-,-
2022-04-06T14:15:00,4.392,-,-
2022-04-06T14:00:00,4.391,-,-
2022-04-06T13:45:00,4.388,-,-
2022-04-06T13:30:00,4.384,-,-
2022-04-06T13:15:00,4.377,-,-
2022-04-06T13:00:00,4.368,-,-
2022-04-06T12:45:00,4.356,-,-
2022-04-06T12:30:00,4.343,-,-
2022-04-06T12:15:00,4.326,-,-
2022-04-06T12:00:00,4.313,-,-
2022-04-06T11:45:00,4.304,-,-
2022-04-06T11:30:00,4.302,-,-
2022-04-06T11:15:00,4.303,-,-
2022-04-06T11:00:00,4.304,-,-
2022-04-06T10:45:00,4.306,-,-
2022-04-06T10:30:00,4.310,-,-
2022-04-06T10:15:00,4.314,-,-
2022-04-06T10:00:00,4.317,-,-
2022-04-06T09:45:00,4.320,-,-
2022-04-06T09:30:00,4.323,-,-
2022-04-06T09:15:00,4.327,-,-
2022-04-06T09:00:00,4.331,-,-
2022-04-06T08:45:00,4.334,-,-
2022-04-06T08:30:00,4.338,-,-
2022-04-06T08:15:00,4.341,-,-
2022-04-06T08:00:00,4.344,-,-
2022-04-06T07:45:00,4.348,-,-
2022-04-06T07:30:00,4.352,-,-
2022-04-06T07:15:00,4.355,-,-
2022-04-06T07:00:00,4.360,-,-
2022-04-06T06:45:00,4.363,-,-
2022-04-06T06:30:00,4.366,-,-
2022-04-06T06:15:00,4.368,-,-
2022-04-06T06:00:00,4.371,-,-
2022-04-06T05:45:00,4.374,-,-
2022-04-06T05:30:00,4.377,-,-
2022-04-06T05:15:00,4.379,-,-
2022-04-06T05:00:00,4.382,-,-
2022-04-06T04:45:00,4.384,-,-
2022-04-06T04:30:00,4.387,-,-
2022-04-06T04:15:00,4.390,-,-
2022-04-06T04:00:00,4.393,-,-
2022-04-06T03:45:00,4.394,-,-
2022-04-06T03:30:00,4.397,-,-
2022-04-06T03:15:00,4.401,-,-
2022-04-06T03:00:00,4.402,-,-
2022-04-06T02:45:00,4.403,-,-
2022-04-06T02:30:00,4.406,-,-
2022-04-06T02:15:00,4.408,-,-
2022-04-06T02:00:00,4.413,-,-
2022-04-06T01:45:00,4.416,-,-
2022-04-06T01:30:00,4.418,-,-
2022-04-06T01:15:00,4.422,-,-
2022-04-06T01:00:00,4.425,-,-
2022-04-06T00:45:00,4.428,-,-
2022-04-06T00:30:00,4.433,-,-
2022-04-06T00:15:00,4.437,-,-
2022-04-06T00:00:00,4.441,-,-
2022-04-05T23:45:00,4.447,-,-
2022-04-05T23:30:00,4.453,-,-
2022-04-05T23:15:00,4.459,-,-
2022-04-05T23:00:00,4.465,-,-
2022-04-05T22:45:00,4.473,-,-
2022-04-05T22:30:00,4.480,-,-
2022-04-05T22:15:00,4.489,-,-
2022-04-05T22:00:00,4.496,-,-
2022-04-05T21:45:00,4.503,-,-
2022-04-05T21:30:00,4.509,-,-
2022-04-05T21:15:00,4.514,-,-
2022-04-05T21:00:00,4.516,-,-
2022-04-05T20:45:00,4.517,-,-
2022-04-05T20:30:00,4.517,-,-
2022-04-05T20:15:00,4.517,-,-
2022-04-05T20:00:00,4.516,-,-
2022-04-05T19:45:00,4.515,-,-
2022-04-05T19:30:00,4.514,-,-
2022-04-05T19:15:00,4.514,-,-
2022-04-05T19:00:00,4.513,-,-
2022-04-05T18:45:00,4.511,-,-
2022-04-05T18:30:00,4.511,-,-
2022-04-05T18:15:00,4.510,-,-
2022-04-05T18:00:00,4.510,-,-
2022-04-05T17:45:00,4.510,-,-
2022-04-05T17:30:00,4.511,-,-
2022-04-05T17:15:00,4.511,-,-
2022-04-05T17:00:00,4.511,-,-
2022-04-05T16:45:00,4.510,-,-
2022-04-05T16:30:00,4.509,-,-
2022-04-05T16:15:00,4.509,-,-
2022-04-05T16:00:00,4.509,-,-
2022-04-05T15:45:00,4.508,-,-
2022-04-05T15:30:00,4.507,-,-
2022-04-05T15:15:00,4.507,-,-
2022-04-05T15:00:00,4.506,-,-
2022-04-05T14:45:00,4.506,-,-
2022-04-05T14:30:00,4.506,-,-
2022-04-05T14:15:00,4.506,-,-
2022-04-05T14:00:00,4.506,-,-
2022-04-05T13:45:00,4.507,-,-
2022-04-05T13:30:00,4.505,-,-
2022-04-05T13:15:00,4.505,-,-
2022-04-05T13:00:00,4.505,-,-
2022-04-05T12:45:00,4.505,-,-
2022-04-05T12:30:00,4.506,-,-
2022-04-05T12:15:00,4.506,-,-
2022-04-05T12:00:00,4.508,-,-
2022-04-05T11:45:00,4.511,-,-
2022-04-05T11:30:00,4.515,-,-
2022-04-05T11:15:00,4.520,-,-
2022-04-05T11:00:00,4.519,-,-
2022-04-05T10:45:00,4.525,-,-
2022-04-05T10:30:00,4.537,-,-
2022-04-05T10:15:00,4.557,-,-
2022-04-05T10:00:00,4.575,-,-
2022-04-05T09:45:00,4.596,-,-
2022-04-05T09:30:00,4.617,-,-
2022-04-05T09:15:00,4.639,-,-
2022-04-05T09:00:00,4.657,-,-
2022-04-05T08:45:00,4.672,-,-
2022-04-05T08:30:00,4.681,-,-
2022-04-05T08:15:00,4.688,-,-
2022-04-05T08:00:00,4.689,-,-
2022-04-05T07:45:00,4.689,-,-
2022-04-05T07:30:00,4.688,-,-
2022-04-05T07:15:00,4.687,-,-
2022-04-05T07:00:00,4.688,-,-
2022-04-05T06:45:00,4.688,-,-
2022-04-05T06:30:00,4.688,-,-
2022-04-05T06:15:00,4.690,-,-
2022-04-05T06:00:00,4.689,-,-
2022-04-05T05:45:00,4.691,-,-
2022-04-05T05:30:00,4.690,-,-
2022-04-05T05:15:00,4.690,-,-
2022-04-05T05:00:00,4.689,-,-
2022-04-05T04:45:00,4.690,-,-
2022-04-05T04:30:00,4.690,-,-
2022-04-05T04:15:00,4.691,-,-
2022-04-05T04:00:00,4.690,-,-
2022-04-05T03:45:00,4.688,-,-
2022-04-05T03:30:00,4.690,-,-
2022-04-05T03:15:00,4.691,-,-
2022-04-05T03:00:00,4.691,-,-
2022-04-05T02:45:00,4.691,-,-
2022-04-05T02:30:00,4.691,-,-
2022-04-05T02:15:00,4.691,-,-
2022-04-05T02:00:00,4.691,-,-
2022-04-05T01:45:00,4.691,-,-
2022-04-05T01:30:00,4.691,-,-
2022-04-05T01:15:00,4.691,-,-
2022-04-05T01:00:00,4.692,-,-
2022-04-05T00:45:00,4.692,-,-
2022-04-05T00:30:00,4.692,-,-
2022-04-05T00:15:00,4.693,-,-
2022-04-05T00:00:00,4.697,-,-
2022-04-04T23:45:00,4.697,-,-
2022-04-04T23:30:00,4.699,-,-
2022-04-04T23:15:00,4.701,-,-
2022-04-04T23:00:00,4.704,-,-
2022-04-04T22:45:00,4.709,-,-
2022-04-04T22:30:00,4.715,-,-
2022-04-04T22:15:00,4.724,-,-
2022-04-04T22:00:00,4.734,-,-
2022-04-04T21:45:00,4.747,-,-
2022-04-04T21:30:00,4.761,-,-
2022-04-04T21:15:00,4.776,-,-
2022-04-04T21:00:00,4.789,-,-
2022-04-04T20:45:00,4.805,-,-
2022-04-04T20:30:00,4.816,-,-
2022-04-04T20:15:00,4.823,-,-
2022-04-04T20:00:00,4.823,-,-
2022-04-04T19:45:00,4.820,-,-
2022-04-04T19:30:00,4.819,-,-
2022-04-04T19:15:00,4.819,-,-
2022-04-04T19:00:00,4.820,-,-
2022-04-04T18:45:00,4.820,-,-
2022-04-04T18:30:00,4.818,-,-
2022-04-04T18:15:00,4.818,-,-
2022-04-04T18:00:00,4.817,-,-
2022-04-04T17:45:00,4.817,-,-
2022-04-04T17:30:00,4.817,-,-
2022-04-04T17:15:00,4.817,-,-
2022-04-04T17:00:00,4.818,-,-
2022-04-04T16:45:00,4.817,-,-
2022-04-04T16:30:00,4.817,-,-
2022-04-04T16:15:00,4.818,-,-
2022-04-04T16:00:00,4.819,-,-
2022-04-04T15:45:00,4.820,-,-
2022-04-04T15:30:00,4.822,-,-
2022-04-04T15:15:00,4.824,-,-
2022-04-04T15:00:00,4.826,-,-
2022-04-04T14:45:00,4.819,-,-
2022-04-04T14:30:00,4.818,-,-
2022-04-04T14:15:00,4.814,-,-
2022-04-04T14:00:00,4.809,-,-
2022-04-04T13:45:00,4.806,-,-
2022-04-04T13:30:00,4.804,-,-
2022-04-04T13:15:00,4.801,-,-
2022-04-04T13:00:00,4.796,-,-
2022-04-04T12:45:00,4.794,-,-
2022-04-04T12:30:00,4.789,-,-
2022-04-04T12:15:00,4.786,-,-
2022-04-04T12:00:00,4.781,-,-
2022-04-04T11:45:00,4.776,-,-
2022-04-04T11:30:00,4.773,-,-
2022-04-04T11:15:00,4.767,-,-
2022-04-04T11:00:00,4.761,-,-
2022-04-04T10:45:00,4.754,-,-
2022-04-04T10:30:00,4.743,-,-
2022-04-04T10:15:00,4.734,-,-
2022-04-04T10:00:00,4.721,-,-
2022-04-04T09:45:00,4.705,-,-
2022-04-04T09:30:00,4.688,-,-
2022-04-04T09:15:00,4.669,-,-
2022-04-04T09:00:00,4.651,-,-
2022-04-04T08:45:00,4.634,-,-
2022-04-04T08:30:00,4.621,-,-
2022-04-04T08:15:00,4.613,-,-
2022-04-04T08:00:00,4.609,-,-
2022-04-04T07:45:00,4.608,-,-
2022-04-04T07:30:00,4.608,-,-
2022-04-04T07:15:00,4.607,-,-
2022-04-04T07:00:00,4.606,-,-
2022-04-04T06:45:00,4.606,-,-
2022-04-04T06:30:00,4.608,-,-
2022-04-04T06:15:00,4.607,-,-
2022-04-04T06:00:00,4.608,-,-
2022-04-04T05:45:00,4.608,-,-
2022-04-04T05:30:00,4.607,-,-
2022-04-04T05:15:00,4.607,-,-
2022-04-04T05:00:00,4.608,-,-
2022-04-04T04:45:00,4.608,-,-
2022-04-04T04:30:00,4.607,-,-
2022-04-04T04:15:00,4.609,-,-
2022-04-04T04:00:00,4.609,-,-
2022-04-04T03:45:00,4.608,-,-
2022-04-04T03:30:00,4.609,-,-
2022-04-04T03:15:00,4.608,-,-
2022-04-04T03:00:00,4.609,-,-
2022-04-04T02:45:00,4.610,-,-
2022-04-04T02:30:00,4.610,-,-
2022-04-04T02:15:00,4.610,-,-
2022-04-04T02:00:00,4.610,-,-
2022-04-04T01:45:00,4.610,-,-
2022-04-04T01:30:00,4.611,-,-
2022-04-04T01:15:00,4.612,-,-
2022-04-04T01:00:00,4.612,-,-
2022-04-04T00:45:00,4.614,-,-
2022-04-04T00:30:00,4.616,-,-
2022-04-04T00:15:00,4.616,-,-
2022-04-04T00:00:00,4.618,-,-
2022-04-03T23:45:00,4.619,-,-
2022-04-03T23:30:00,4.622,-,-
2022-04-03T23:15:00,4.626,-,-
2022-04-03T23:00:00,4.632,-,-
2022-04-03T22:45:00,4.636,-,-
2022-04-03T22:30:00,4.641,-,-
2022-04-03T22:15:00,4.650,-,-
2022-04-03T22:00:00,4.660,-,-
2022-04-03T21:45:00,4.671,-,-
2022-04-03T21:30:00,4.686,-,-
2022-04-03T21:15:00,4.700,-,-
2022-04-03T21:00:00,4.717,-,-
2022-04-03T20:45:00,4.729,-,-
2022-04-03T20:30:00,4.740,-,-
2022-04-03T20:15:00,4.743,-,-
2022-04-03T20:00:00,4.745,-,-
2022-04-03T19:45:00,4.743,-,-
2022-04-03T19:30:00,4.742,-,-
2022-04-03T19:15:00,4.740,-,-
2022-04-03T19:00:00,4.739,-,-
2022-04-03T18:45:00,4.738,-,-
2022-04-03T18:30:00,4.737,-,-
2022-04-03T18:15:00,4.737,-,-
2022-04-03T18:00:00,4.733,-,-
2022-04-03T17:45:00,4.733,-,-
2022-04-03T17:30:00,4.733,-,-
2022-04-03T17:15:00,4.731,-,-
2022-04-03T17:00:00,4.730,-,-
2022-04-03T16:45:00,4.729,-,-
2022-04-03T16:30:00,4.729,-,-
2022-04-03T16:15:00,4.727,-,-
2022-04-03T16:00:00,4.725,-,-
2022-04-03T15:45:00,4.724,-,-
2022-04-03T15:30:00,4.723,-,-
2022-04-03T15:15:00,4.724,-,-
2022-04-03T15:00:00,4.723,-,-
2022-04-03T14:45:00,4.724,-,-
2022-04-03T14:30:00,4.721,-,-
2022-04-03T14:15:00,4.720,-,-
2022-04-03T14:00:00,4.717,-,-
2022-04-03T13:45:00,4.717,-,-
2022-04-03T13:30:00,4.718,-,-
2022-04-03T13:15:00,4.715,-,-
2022-04-03T13:00:00,4.713,-,-
2022-04-03T12:45:00,4.713,-,-
2022-04-03T12:30:00,4.711,-,-
2022-04-03T12:15:00,4.707,-,-
2022-04-03T12:00:00,4.707,-,-
2022-04-03T11:45:00,4.706,-,-
2022-04-03T11:30:00,4.703,-,-
2022-04-03T11:15:00,4.699,-,-
2022-04-03T11:00:00,4.694,-,-
2022-04-03T10:45:00,4.690,-,-
2022-04-03T10:30:00,4.684,-,-
2022-04-03T10:15:00,4.676,-,-
2022-04-03T10:00:00,4.665,-,-
2022-04-03T09:45:00,4.653,-,-
2022-04-03T09:30:00,4.636,-,-
2022-04-03T09:15:00,4.616,-,-
2022-04-03T09:00:00,4.595,-,-
2022-04-03T08:45:00,4.577,-,-
2022-04-03T08:30:00,4.563,-,-
2022-04-03T08:15:00,4.554,-,-
2022-04-03T08:00:00,4.549,-,-
2022-04-03T07:45:00,4.546,-,-
2022-04-03T07:30:00,4.545,-,-
2022-04-03T07:15:00,4.546,-,-
2022-04-03T07:00:00,4.547,-,-
2022-04-03T06:45:00,4.549,-,-
2022-04-03T06:30:00,4.551,-,-
2022-04-03T06:15:00,4.555,-,-
2022-04-03T06:00:00,4.559,-,-
2022-04-03T05:45:00,4.560,-,-
2022-04-03T05:30:00,4.561,-,-
2022-04-03T05:15:00,4.566,-,-
2022-04-03T05:00:00,4.568,-,-
2022-04-03T04:45:00,4.572,-,-
2022-04-03T04:30:00,4.575,-,-
2022-04-03T04:15:00,4.579,-,-
2022-04-03T04:00:00,4.583,-,-
2022-04-03T03:45:00,4.588,-,-
2022-04-03T03:30:00,4.592,-,-
2022-04-03T03:15:00,4.595,-,-
2022-04-03T03:00:00,4.600,-,-
2022-04-03T02:45:00,4.603,-,-
2022-04-03T02:30:00,4.609,-,-
2022-04-03T02:15:00,4.613,-,-
2022-04-03T02:00:00,4.618,-,-
2022-04-03T01:45:00,4.624,-,-
2022-04-03T01:30:00,4.629,-,-
2022-04-03T01:15:00,4.636,-,-
2022-04-03T01:00:00,4.642,-,-
2022-04-03T00:45:00,4.647,-,-
2022-04-03T00:30:00,4.654,-,-
2022-04-03T00:15:00,4.661,-,-
2022-04-03T00:00:00,4.669,-,-
2022-04-02T23:45:00,4.676,-,-
2022-04-02T23:30:00,4.686,-,-
2022-04-02T23:15:00,4.696,-,-
2022-04-02T23:00:00,4.708,-,-
2022-04-02T22:45:00,4.720,-,-
2022-04-02T22:30:00,4.735,-,-
2022-04-02T22:15:00,4.752,-,-
2022-04-02T22:00:00,4.771,-,-
2022-04-02T21:45:00,4.794,-,-
2022-04-02T21:30:00,4.818,-,-
2022-04-02T21:15:00,4.845,-,-
2022-04-02T21:00:00,4.869,-,-
2022-04-02T20:45:00,4.892,-,-
2022-04-02T20:30:00,4.909,-,-
2022-04-02T20:15:00,4.928,-,-
2022-04-02T20:00:00,4.939,-,-
2022-04-02T19:45:00,4.941,-,-
2022-04-02T19:30:00,4.940,-,-
2022-04-02T19:15:00,4.940,-,-
2022-04-02T19:00:00,4.941,-,-
2022-04-02T18:45:00,4.940,-,-
2022-04-02T18:30:00,4.941,-,-
2022-04-02T18:15:00,4.940,-,-
2022-04-02T18:00:00,4.939,-,-
2022-04-02T17:45:00,4.938,-,-
2022-04-02T17:30:00,4.935,-,-
2022-04-02T17:15:00,4.934,-,-
2022-04-02T17:00:00,4.931,-,-
2022-04-02T16:45:00,4.927,-,-
2022-04-02T16:30:00,4.924,-,-
2022-04-02T16:15:00,4.921,-,-
2022-04-02T16:00:00,4.919,-,-
2022-04-02T15:45:00,4.914,-,-
2022-04-02T15:30:00,4.911,-,-
2022-04-02T15:15:00,4.908,-,-
2022-04-02T15:00:00,4.902,-,-
2022-04-02T14:45:00,4.899,-,-
2022-04-02T14:30:00,4.894,-,-
2022-04-02T14:15:00,4.891,-,-
2022-04-02T14:00:00,4.885,-,-
2022-04-02T13:45:00,4.882,-,-
2022-04-02T13:30:00,4.875,-,-
2022-04-02T13:15:00,4.872,-,-
2022-04-02T13:00:00,4.867,-,-
2022-04-02T12:45:00,4.863,-,-
2022-04-02T12:30:00,4.861,-,-
2022-04-02T12:15:00,4.858,-,-
2022-04-02T12:00:00,4.855,-,-
2022-04-02T11:45:00,4.851,-,-
2022-04-02T11:30:00,4.848,-,-
2022-04-02T11:15:00,4.843,-,-
2022-04-02T11:00:00,4.840,-,-
2022-04-02T10:45:00,4.832,-,-
2022-04-02T10:30:00,4.827,-,-
2022-04-02T10:15:00,4.816,-,-
2022-04-02T10:00:00,4.803,-,-
2022-04-02T09:45:00,4.789,-,-
2022-04-02T09:30:00,4.772,-,-
2022-04-02T09:15:00,4.753,-,-
2022-04-02T09:00:00,4.735,-,-
2022-04-02T08:45:00,4.718,-,-
2022-04-02T08:30:00,4.707,-,-
2022-04-02T08:15:00,4.703,-,-
2022-04-02T08:00:00,4.698,-,-
2022-04-02T07:45:00,4.697,-,-
2022-04-02T07:30:00,4.695,-,-
2022-04-02T07:15:00,4.694,-,-
2022-04-02T07:00:00,4.692,-,-
2022-04-02T06:45:00,4.688,-,-
2022-04-02T06:30:00,4.685,-,-
2022-04-02T06:15:00,4.682,-,-
2022-04-02T06:00:00,4.678,-,-
2022-04-02T05:45:00,4.673,-,-
2022-04-02T05:30:00,4.672,-,-
2022-04-02T05:15:00,4.669,-,-
2022-04-02T05:00:00,4.665,-,-
2022-04-02T04:45:00,4.663,-,-
2022-04-02T04:30:00,4.659,-,-
2022-04-02T04:15:00,4.658,-,-
2022-04-02T04:00:00,4.655,-,-
2022-04-02T03:45:00,4.651,-,-
2022-04-02T03:30:00,4.650,-,-
2022-04-02T03:15:00,4.647,-,-
2022-04-02T03:00:00,4.643,-,-
2022-04-02T02:45:00,4.641,-,-
2022-04-02T02:30:00,4.637,-,-
2022-04-02T02:15:00,4.636,-,-
2022-04-02T02:00:00,4.632,-,-
2022-04-02T01:45:00,4.629,-,-
2022-04-02T01:30:00,4.626,-,-
2022-04-02T01:15:00,4.624,-,-
2022-04-02T01:00:00,4.622,-,-
2022-04-02T00:45:00,4.618,-,-
2022-04-02T00:30:00,4.616,-,-
2022-04-02T00:15:00,4.613,-,-
2022-04-02T00:00:00,4.611,-,-
2022-04-15T23:45:00,4.731,-,-
2022-04-15T23:30:00,4.730,-,-
2022-04-15T23:15:00,4.732,-,-
2022-04-15T23:00:00,4.734,-,-
2022-04-15T22:45:00,4.736,-,-
2022-04-15T22:30:00,4.743,-,-
2022-04-15T22:15:00,4.752,-,-
2022-04-15T22:00:00,4.764,-,-
2022-04-15T21:45:00,4.780,-,-
2022-04-15T21:30:00,4.794,-,-
2022-04-15T21:15:00,4.817,-,-
2022-04-15T21:00:00,4.838,-,-
2022-04-15T20:45:00,4.859,-,-
2022-04-15T20:30:00,4.873,-,-
2022-04-15T20:15:00,4.881,-,-
2022-04-15T20:00:00,4.883,-,-
2022-04-15T19:45:00,4.881,-,-
2022-04-15T19:30:00,4.877,-,-
2022-04-15T19:15:00,4.872,-,-
2022-04-15T19:00:00,4.867,-,-
2022-04-15T18:45:00,4.863,-,-
2022-04-15T18:30:00,4.859,-,-
2022-04-15T18:15:00,4.853,-,-
2022-04-15T18:00:00,4.851,-,-
2022-04-15T17:45:00,4.845,-,-
2022-04-15T17:30:00,4.842,-,-
2022-04-15T17:15:00,4.841,-,-
2022-04-15T17:00:00,4.828,-,-
2022-04-15T16:45:00,4.831,-,-
2022-04-15T16:30:00,4.824,-,-
2022-04-15T16:15:00,4.823,-,-
2022-04-15T16:00:00,4.822,-,-
2022-04-15T15:45:00,4.822,-,-
2022-04-15T15:30:00,4.817,-,-
2022-04-15T15:15:00,4.812,-,-
2022-04-15T15:00:00,4.808,-,-
2022-04-15T14:45:00,4.801,-,-
2022-04-15T14:30:00,4.794,-,-
2022-04-15T14:15:00,4.788,-,-
2022-04-15T14:00:00,4.785,-,-
2022-04-15T13:45:00,4.779,-,-
2022-04-15T13:30:00,4.772,-,-
2022-04-15T13:15:00,4.769,-,-
2022-04-15T13:00:00,4.762,-,-
2022-04-15T12:45:00,4.754,-,-
2022-04-15T12:30:00,4.746,-,-
2022-04-15T12:15:00,4.734,-,-
2022-04-15T12:00:00,4.721,-,-
2022-04-15T11:45:00,4.702,-,-
2022-04-15T11:30:00,4.678,-,-
2022-04-15T11:15:00,4.644,-,-
2022-04-15T11:00:00,4.592,-,-
2022-04-15T10:45:00,4.521,-,-
2022-04-15T10:30:00,4.419,-,-
2022-04-15T10:15:00,4.296,-,-
2022-04-15T10:00:00,4.183,-,-
2022-04-15T09:45:00,4.141,-,-
2022-04-15T09:30:00,4.144,-,-
2022-04-15T09:15:00,4.150,-,-
2022-04-15T09:00:00,4.156,-,-
2022-04-15T08:45:00,4.162,-,-
2022-04-15T08:30:00,4.169,-,-
2022-04-15T08:15:00,4.175,-,-
2022-04-15T08:00:00,4.182,-,-
2022-04-15T07:45:00,4.190,-,-
2022-04-15T07:30:00,4.197,-,-
2022-04-15T07:15:00,4.204,-,-
2022-04-15T07:00:00,4.212,-,-
2022-04-15T06:45:00,4.219,-,-
2022-04-15T06:30:00,4.226,-,-
2022-04-15T06:15:00,4.233,-,-
2022-04-15T06:00:00,4.241,-,-
2022-04-15T05:45:00,4.249,-,-
2022-04-15T05:30:00,4.256,-,-
2022-04-15T05:15:00,4.264,-,-
2022-04-15T05:00:00,4.273,-,-
2022-04-15T04:45:00,4.280,-,-
2022-04-15T04:30:00,4.287,-,-
2022-04-15T04:15:00,4.295,-,-
2022-04-15T04:00:00,4.303,-,-
2022-04-15T03:45:00,4.312,-,-
2022-04-15T03:30:00,4.320,-,-
2022-04-15T03:15:00,4.329,-,-
2022-04-15T03:00:00,4.338,-,-
2022-04-15T02:45:00,4.348,-,-
2022-04-15T02:30:00,4.356,-,-
2022-04-15T02:15:00,4.366,-,-
2022-04-15T02:00:00,4.377,-,-
2022-04-15T01:45:00,4.386,-,-
2022-04-15T01:30:00,4.396,-,-
2022-04-15T01:15:00,4.406,-,-
2022-04-15T01:00:00,4.415,-,-
2022-04-15T00:45:00,4.427,-,-
2022-04-15T00:30:00,4.441,-,-
2022-04-15T00:15:00,4.453,-,-
2022-04-15T00:00:00,4.467,-,-
2022-04-14T23:45:00,4.481,-,-
2022-04-14T23:30:00,4.497,-,-
2022-04-14T23:15:00,4.516,-,-
2022-04-14T23:00:00,4.534,-,-
2022-04-14T22:45:00,4.557,-,-
2022-04-14T22:30:00,4.585,-,-
2022-04-14T22:15:00,4.616,-,-
2022-04-14T22:00:00,4.653,-,-
2022-04-14T21:45:00,4.691,-,-
2022-04-14T21:30:00,4.733,-,-
2022-04-14T21:15:00,4.776,-,-
2022-04-14T21:00:00,4.817,-,-
2022-04-14T20:45:00,4.855,-,-
2022-04-14T20:30:00,4.885,-,-
2022-04-14T20:15:00,4.900,-,-
2022-04-14T20:00:00,4.907,-,-
2022-04-14T19:45:00,4.907,-,-
2022-04-14T19:30:00,4.905,-,-
2022-04-14T19:15:00,4.901,-,-
2022-04-14T19:00:00,4.898,-,-
2022-04-14T18:45:00,4.894,-,-
2022-04-14T18:30:00,4.893,-,-
2022-04-14T18:15:00,4.888,-,-
2022-04-14T18:00:00,4.884,-,-
2022-04-14T17:45:00,4.879,-,-
2022-04-14T17:30:00,4.876,-,-
2022-04-14T17:15:00,4.875,-,-
2022-04-14T17:00:00,4.868,-,-
2022-04-14T16:45:00,4.866,-,-
2022-04-14T16:30:00,4.861,-,-
2022-04-14T16:15:00,4.857,-,-
2022-04-14T16:00:00,4.852,-,-
2022-04-14T15:45:00,4.848,-,-
2022-04-14T15:30:00,4.846,-,-
2022-04-14T15:15:00,4.842,-,-
2022-04-14T15:00:00,4.840,-,-
2022-04-14T14:45:00,4.832,-,-
2022-04-14T14:30:00,4.830,-,-
2022-04-14T14:15:00,4.826,-,-
2022-04-14T14:00:00,4.825,-,-
2022-04-14T13:45:00,4.821,-,-
2022-04-14T13:30:00,4.814,-,-
2022-04-14T13:15:00,4.814,-,-
2022-04-14T13:00:00,4.806,-,-
2022-04-14T12:45:00,4.797,-,-
2022-04-14T12:30:00,4.791,-,-
2022-04-14T12:15:00,4.781,-,-
2022-04-14T12:00:00,4.766,-,-
2022-04-14T11:45:00,4.749,-,-
2022-04-14T11:30:00,4.725,-,-
2022-04-14T11:15:00,4.691,-,-
2022-04-14T11:00:00,4.648,-,-
2022-04-14T10:45:00,4.583,-,-
2022-04-14T10:30:00,4.498,-,-
2022-04-14T10:15:00,4.396,-,-
2022-04-14T10:00:00,4.295,-,-
2022-04-14T09:45:00,4.253,-,-
2022-04-14T09:30:00,4.253,-,-
2022-04-14T09:15:00,4.256,-,-
2022-04-14T09:00:00,4.263,-,-
2022-04-14T08:45:00,4.270,-,-
2022-04-14T08:30:00,4.274,-,-
2022-04-14T08:15:00,4.277,-,-
2022-04-14T08:00:00,4.284,-,-
2022-04-14T07:45:00,4.287,-,-
2022-04-14T07:30:00,4.295,-,-
2022-04-14T07:15:00,4.305,-,-
2022-04-14T07:00:00,4.315,-,-
2022-04-14T06:45:00,4.324,-,-
2022-04-14T06:30:00,4.333,-,-
2022-04-14T06:15:00,4.343,-,-
2022-04-14T06:00:00,4.353,-,-
2022-04-14T05:45:00,4.363,-,-
2022-04-14T05:30:00,4.372,-,-
2022-04-14T05:15:00,4.382,-,-
2022-04-14T05:00:00,4.392,-,-
2022-04-14T04:45:00,4.401,-,-
2022-04-14T04:30:00,4.411,-,-
2022-04-14T04:15:00,4.420,-,-
2022-04-14T04:00:00,4.431,-,-
2022-04-14T03:45:00,4.441,-,-
2022-04-14T03:30:00,4.453,-,-
2022-04-14T03:15:00,4.464,-,-
2022-04-14T03:00:00,4.474,-,-
2022-04-14T02:45:00,4.486,-,-
2022-04-14T02:30:00,4.497,-,-
2022-04-14T02:15:00,4.508,-,-
2022-04-14T02:00:00,4.520,-,-
2022-04-14T01:45:00,4.529,-,-
2022-04-14T01:30:00,4.541,-,-
2022-04-14T01:15:00,4.553,-,-
2022-04-14T01:00:00,4.565,-,-
2022-04-14T00:45:00,4.578,-,-
2022-04-14T00:30:00,4.591,-,-
2022-04-14T00:15:00,4.605,-,-
2022-04-14T00:00:00,4.619,-,-
2022-04-13T23:45:00,4.633,-,-
2022-04-13T23:30:00,4.649,-,-
2022-04-13T23:15:00,4.667,-,-
2022-04-13T23:00:00,4.686,-,-
2022-04-13T22:45:00,4.707,-,-
2022-04-13T22:30:00,4.732,-,-
2022-04-13T22:15:00,4.762,-,-
2022-04-13T22:00:00,4.795,-,-
2022-04-13T21:45:00,4.833,-,-
2022-04-13T21:30:00,4.873,-,-
2022-04-13T21:15:00,4.912,-,-
2022-04-13T21:00:00,4.953,-,-
2022-04-13T20:45:00,4.991,-,-
2022-04-13T20:30:00,5.019,-,-
2022-04-13T20:15:00,5.034,-,-
2022-04-13T20:00:00,5.042,-,-
2022-04-13T19:45:00,5.041,-,-
2022-04-13T19:30:00,5.040,-,-
2022-04-13T19:15:00,5.034,-,-
2022-04-13T19:00:00,5.030,-,-
2022-04-13T18:45:00,5.026,-,-
2022-04-13T18:30:00,5.023,-,-
2022-04-13T18:15:00,5.016,-,-
2022-04-13T18:00:00,5.013,-,-
2022-04-13T17:45:00,5.006,-,-
2022-04-13T17:30:00,4.999,-,-
2022-04-13T17:15:00,4.995,-,-
2022-04-13T17:00:00,4.990,-,-
2022-04-13T16:45:00,4.983,-,-
2022-04-13T16:30:00,4.976,-,-
2022-04-13T16:15:00,4.970,-,-
2022-04-13T16:00:00,4.966,-,-
2022-04-13T15:45:00,4.960,-,-
2022-04-13T15:30:00,4.953,-,-
2022-04-13T15:15:00,4.947,-,-
2022-04-13T15:00:00,4.944,-,-
2022-04-13T14:45:00,4.936,-,-
2022-04-13T14:30:00,4.927,-,-
2022-04-13T14:15:00,4.922,-,-
2022-04-13T14:00:00,4.915,-,-
2022-04-13T13:45:00,4.909,-,-
2022-04-13T13:30:00,4.898,-,-
2022-04-13T13:15:00,4.890,-,-
2022-04-13T13:00:00,4.880,-,-
2022-04-13T12:45:00,4.865,-,-
2022-04-13T12:30:00,4.849,-,-
2022-04-13T12:15:00,4.833,-,-
2022-04-13T12:00:00,4.812,-,-
2022-04-13T11:45:00,4.787,-,-
2022-04-13T11:30:00,4.761,-,-
2022-04-13T11:15:00,4.728,-,-
2022-04-13T11:00:00,4.687,-,-
2022-04-13T10:45:00,4.634,-,-
2022-04-13T10:30:00,4.563,-,-
2022-04-13T10:15:00,4.482,-,-
2022-04-13T10:00:00,4.406,-,-
2022-04-13T09:45:00,4.370,-,-
2022-04-13T09:30:00,4.369,-,-
2022-04-13T09:15:00,4.374,-,-
2022-04-13T09:00:00,4.380,-,-
2022-04-13T08:45:00,4.385,-,-
2022-04-13T08:30:00,4.389,-,-
2022-04-13T08:15:00,4.394,-,-
2022-04-13T08:00:00,4.397,-,-
2022-04-13T07:45:00,4.401,-,-
2022-04-13T07:30:00,4.405,-,-
2022-04-13T07:15:00,4.410,-,-
2022-04-13T07:00:00,4.414,-,-
2022-04-13T06:45:00,4.419,-,-
2022-04-13T06:30:00,4.423,-,-
2022-04-13T06:15:00,4.427,-,-
2022-04-13T06:00:00,4.432,-,-
2022-04-13T05:45:00,4.436,-,-
2022-04-13T05:30:00,4.440,-,-
2022-04-13T05:15:00,4.445,-,-
2022-04-13T05:00:00,4.449,-,-
2022-04-13T04:45:00,4.454,-,-
2022-04-13T04:30:00,4.458,-,-
2022-04-13T04:15:00,4.463,-,-
2022-04-13T04:00:00,4.467,-,-
2022-04-13T03:45:00,4.471,-,-
2022-04-13T03:30:00,4.475,-,-
2022-04-13T03:15:00,4.480,-,-
2022-04-13T03:00:00,4.485,-,-
2022-04-13T02:45:00,4.490,-,-
2022-04-13T02:30:00,4.495,-,-
2022-04-13T02:15:00,4.500,-,-
2022-04-13T02:00:00,4.505,-,-
2022-04-13T01:45:00,4.511,-,-
2022-04-13T01:30:00,4.516,-,-
2022-04-13T01:15:00,4.522,-,-
2022-04-13T01:00:00,4.527,-,-
2022-04-13T00:45:00,4.533,-,-
2022-04-13T00:30:00,4.539,-,-
2022-04-13T00:15:00,4.545,-,-
2022-04-13T00:00:00,4.553,-,-
2022-04-12T23:45:00,4.561,-,-
2022-04-12T23:30:00,4.570,-,-
2022-04-12T23:15:00,4.580,-,-
2022-04-12T23:00:00,4.591,-,-
2022-04-12T22:45:00,4.604,-,-
2022-04-12T22:30:00,4.620,-,-
2022-04-12T22:15:00,4.639,-,-
2022-04-12T22:00:00,4.660,-,-
2022-04-12T21:45:00,4.682,-,-
2022-04-12T21:30:00,4.706,-,-
2022-04-12T21:15:00,4.729,-,-
2022-04-12T21:00:00,4.749,-,-
2022-04-12T20:45:00,4.768,-,-
2022-04-12T20:30:00,4.776,-,-
2022-04-12T20:15:00,4.782,-,-
2022-04-12T20:00:00,4.781,-,-
2022-04-12T19:45:00,4.778,-,-
2022-04-12T19:30:00,4.775,-,-
2022-04-12T19:15:00,4.772,-,-
2022-04-12T19:00:00,4.768,-,-
2022-04-12T18:45:00,4.765,-,-
2022-04-12T18:30:00,4.759,-,-
2022-04-12T18:15:00,4.756,-,-
2022-04-12T18:00:00,4.752,-,-
2022-04-12T17:45:00,4.748,-,-
2022-04-12T17:30:00,4.745,-,-
2022-04-12T17:15:00,4.741,-,-
2022-04-12T17:00:00,4.737,-,-
2022-04-12T16:45:00,4.735,-,-
2022-04-12T16:30:00,4.732,-,-
2022-04-12T16:15:00,4.728,-,-
2022-04-12T16:00:00,4.723,-,-
2022-04-12T15:45:00,4.716,-,-
2022-04-12T15:30:00,4.710,-,-
2022-04-12T15:15:00,4.703,-,-
2022-04-12T15:00:00,4.693,-,-
2022-04-12T14:45:00,4.682,-,-
2022-04-12T14:30:00,4.666,-,-
2022-04-12T14:15:00,4.650,-,-
2022-04-12T14:00:00,4.628,-,-
2022-04-12T13:45:00,4.600,-,-
2022-04-12T13:30:00,4.568,-,-
2022-04-12T13:15:00,4.536,-,-
2022-04-12T13:00:00,4.509,-,-
2022-04-12T12:45:00,4.489,-,-
2022-04-12T12:30:00,4.484,-,-
2022-04-12T12:15:00,4.484,-,-
2022-04-12T12:00:00,4.488,-,-
2022-04-12T11:45:00,4.494,-,-
2022-04-12T11:30:00,4.503,-,-
2022-04-12T11:15:00,4.514,-,-
2022-04-12T11:00:00,4.525,-,-
2022-04-12T10:45:00,4.539,-,-
2022-04-12T10:30:00,4.557,-,-
2022-04-12T10:15:00,4.577,-,-
2022-04-12T10:00:00,4.594,-,-
2022-04-12T09:45:00,4.614,-,-
2022-04-12T09:30:00,4.636,-,-
2022-04-12T09:15:00,4.653,-,-
2022-04-12T09:00:00,4.664,-,-
2022-04-12T08:45:00,4.670,-,-
2022-04-12T08:30:00,4.670,-,-
2022-04-12T08:15:00,4.668,-,-
2022-04-12T08:00:00,4.669,-,-
2022-04-12T07:45:00,4.671,-,-
2022-04-12T07:30:00,4.671,-,-
2022-04-12T07:15:00,4.672,-,-
2022-04-12T07:00:00,4.673,-,-
2022-04-12T06:45:00,4.675,-,-
2022-04-12T06:30:00,4.676,-,-
2022-04-12T06:15:00,4.676,-,-
2022-04-12T06:00:00,4.679,-,-
2022-04-12T05:45:00,4.681,-,-
2022-04-12T05:30:00,4.681,-,-
2022-04-12T05:15:00,4.682,-,-
2022-04-12T05:00:00,4.684,-,-
2022-04-12T04:45:00,4.685,-,-
2022-04-12T04:30:00,4.687,-,-
2022-04-12T04:15:00,4.686,-,-
2022-04-12T04:00:00,4.689,-,-
2022-04-12T03:45:00,4.690,-,-
2022-04-12T03:30:00,4.691,-,-
2022-04-12T03:15:00,4.693,-,-
2022-04-12T03:00:00,4.695,-,-
2022-04-12T02:45:00,4.697,-,-
2022-04-12T02:30:00,4.698,-,-
2022-04-12T02:15:00,4.700,-,-
2022-04-12T02:00:00,4.702,-,-
2022-04-12T01:45:00,4.703,-,-
2022-04-12T01:30:00,4.705,-,-
2022-04-12T01:15:00,4.707,-,-
2022-04-12T01:00:00,4.710,-,-
2022-04-12T00:45:00,4.712,-,-
2022-04-12T00:30:00,4.714,-,-
2022-04-12T00:15:00,4.715,-,-
2022-04-12T00:00:00,4.718,-,-
2022-04-11T23:45:00,4.720,-,-
2022-04-11T23:30:00,4.725,-,-
2022-04-11T23:15:00,4.730,-,-
2022-04-11T23:00:00,4.736,-,-
2022-04-11T22:45:00,4.742,-,-
2022-04-11T22:30:00,4.750,-,-
2022-04-11T22:15:00,4.762,-,-
2022-04-11T22:00:00,4.774,-,-
2022-04-11T21:45:00,4.789,-,-
2022-04-11T21:30:00,4.807,-,-
2022-04-11T21:15:00,4.825,-,-
2022-04-11T21:00:00,4.843,-,-
2022-04-11T20:45:00,4.859,-,-
2022-04-11T20:30:00,4.872,-,-
2022-04-11T20:15:00,4.881,-,-
2022-04-11T20:00:00,4.882,-,-
2022-04-11T19:45:00,4.883,-,-
2022-04-11T19:30:00,4.885,-,-
2022-04-11T19:15:00,4.881,-,-
2022-04-11T19:00:00,4.881,-,-
2022-04-11T18:45:00,4.879,-,-
2022-04-11T18:30:00,4.878,-,-
2022-04-11T18:15:00,4.877,-,-
2022-04-11T18:00:00,4.874,-,-
2022-04-11T17:45:00,4.872,-,-
2022-04-11T17:30:00,4.872,-,-
2022-04-11T17:15:00,4.869,-,-
2022-04-11T17:00:00,4.868,-,-
2022-04-11T16:45:00,4.866,-,-
2022-04-11T16:30:00,4.864,-,-
2022-04-11T16:15:00,4.863,-,-
2022-04-11T16:00:00,4.863,-,-
2022-04-11T15:45:00,4.863,-,-
2022-04-11T15:30:00,4.861,-,-
2022-04-11T15:15:00,4.859,-,-
2022-04-11T15:00:00,4.857,-,-
2022-04-11T14:45:00,4.857,-,-
2022-04-11T14:30:00,4.856,-,-
2022-04-11T14:15:00,4.858,-,-
2022-04-11T14:00:00,4.859,-,-
2022-04-11T13:45:00,4.857,-,-
2022-04-11T13:30:00,4.861,-,-
2022-04-11T13:15:00,4.860,-,-
2022-04-11T13:00:00,4.862,-,-
2022-04-11T12:45:00,4.862,-,-
2022-04-11T12:30:00,4.860,-,-
2022-04-11T12:15:00,4.856,-,-
2022-04-11T12:00:00,4.853,-,-
2022-04-11T11:45:00,4.850,-,-
2022-04-11T11:30:00,4.846,-,-
2022-04-11T11:15:00,4.840,-,-
2022-04-11T11:00:00,4.836,-,-
2022-04-11T10:45:00,4.827,-,-
2022-04-11T10:30:00,4.819,-,-
2022-04-11T10:15:00,4.807,-,-
2022-04-11T10:00:00,4.792,-,-
2022-04-11T09:45:00,4.775,-,-
2022-04-11T09:30:00,4.756,-,-
2022-04-11T09:15:00,4.732,-,-
2022-04-11T09:00:00,4.709,-,-
2022-04-11T08:45:00,4.688,-,-
2022-04-11T08:30:00,4.672,-,-
2022-04-11T08:15:00,4.664,-,-
2022-04-11T08:00:00,4.658,-,-
2022-04-11T07:45:00,4.658,-,-
2022-04-11T07:30:00,4.658,-,-
2022-04-11T07:15:00,4.657,-,-
2022-04-11T07:00:00,4.659,-,-
2022-04-11T06:45:00,4.660,-,-
2022-04-11T06:30:00,4.662,-,-
2022-04-11T06:15:00,4.664,-,-
2022-04-11T06:00:00,4.665,-,-
2022-04-11T05:45:00,4.667,-,-
2022-04-11T05:30:00,4.669,-,-
2022-04-11T05:15:00,4.670,-,-
2022-04-11T05:00:00,4.673,-,-
2022-04-11T04:45:00,4.674,-,-
2022-04-11T04:30:00,4.675,-,-
2022-04-11T04:15:00,4.679,-,-
2022-04-11T04:00:00,4.680,-,-
2022-04-11T03:45:00,4.683,-,-
2022-04-11T03:30:00,4.685,-,-
2022-04-11T03:15:00,4.687,-,-
2022-04-11T03:00:00,4.689,-,-
2022-04-11T02:45:00,4.691,-,-
2022-04-11T02:30:00,4.693,-,-
2022-04-11T02:15:00,4.697,-,-
2022-04-11T02:00:00,4.698,-,-
2022-04-11T01:45:00,4.701,-,-
2022-04-11T01:30:00,4.704,-,-
2022-04-11T01:15:00,4.706,-,-
2022-04-11T01:00:00,4.709,-,-
2022-04-11T00:45:00,4.712,-,-
2022-04-11T00:30:00,4.715,-,-
2022-04-11T00:15:00,4.717,-,-
2022-04-11T00:00:00,4.722,-,-
2022-04-10T23:45:00,4.726,-,-
2022-04-10T23:30:00,4.730,-,-
2022-04-10T23:15:00,4.735,-,-
2022-04-10T23:00:00,4.741,-,-
2022-04-10T22:45:00,4.750,-,-
2022-04-10T22:30:00,4.759,-,-
2022-04-10T22:15:00,4.770,-,-
2022-04-10T22:00:00,4.783,-,-
2022-04-10T21:45:00,4.798,-,-
2022-04-10T21:30:00,4.815,-,-
2022-04-10T21:15:00,4.834,-,-
2022-04-10T21:00:00,4.852,-,-
2022-04-10T20:45:00,4.865,-,-
2022-04-10T20:30:00,4.878,-,-
2022-04-10T20:15:00,4.885,-,-
2022-04-10T20:00:00,4.887,-,-
2022-04-10T19:45:00,4.888,-,-
2022-04-10T19:30:00,4.888,-,-
2022-04-10T19:15:00,4.886,-,-
2022-04-10T19:00:00,4.885,-,-
2022-04-10T18:45:00,4.885,-,-
2022-04-10T18:30:00,4.885,-,-
2022-04-10T18:15:00,4.885,-,-
2022-04-10T18:00:00,4.886,-,-
2022-04-10T17:45:00,4.884,-,-
2022-04-10T17:30:00,4.885,-,-
2022-04-10T17:15:00,4.885,-,-
2022-04-10T17:00:00,4.885,-,-
2022-04-10T16:45:00,4.885,-,-
2022-04-10T16:30:00,4.884,-,-
2022-04-10T16:15:00,4.882,-,-
2022-04-10T16:00:00,4.881,-,-
2022-04-10T15:45:00,4.880,-,-
2022-04-10T15:30:00,4.879,-,-
2022-04-10T15:15:00,4.879,-,-
2022-04-10T15:00:00,4.878,-,-
2022-04-10T14:45:00,4.876,-,-
2022-04-10T14:30:00,4.872,-,-
2022-04-10T14:15:00,4.871,-,-
2022-04-10T14:00:00,4.870,-,-
2022-04-10T13:45:00,4.867,-,-
2022-04-10T13:30:00,4.867,-,-
2022-04-10T13:15:00,4.865,-,-
2022-04-10T13:00:00,4.863,-,-
2022-04-10T12:45:00,4.860,-,-
2022-04-10T12:30:00,4.858,-,-
2022-04-10T12:15:00,4.856,-,-
2022-04-10T12:00:00,4.854,-,-
2022-04-10T11:45:00,4.849,-,-
2022-04-10T11:30:00,4.850,-,-
2022-04-10T11:15:00,4.844,-,-
2022-04-10T11:00:00,4.840,-,-
2022-04-10T10:45:00,4.834,-,-
2022-04-10T10:30:00,4.827,-,-
2022-04-10T10:15:00,4.819,-,-
2022-04-10T10:00:00,4.808,-,-
2022-04-10T09:45:00,4.794,-,-
2022-04-10T09:30:00,4.781,-,-
2022-04-10T09:15:00,4.764,-,-
2022-04-10T09:00:00,4.748,-,-
2022-04-10T08:45:00,4.732,-,-
2022-04-10T08:30:00,4.724,-,-
2022-04-10T08:15:00,4.718,-,-
2022-04-10T08:00:00,4.717,-,-
2022-04-10T07:45:00,4.716,-,-
2022-04-10T07:30:00,4.716,-,-
2022-04-10T07:15:00,4.717,-,-
2022-04-10T07:00:00,4.718,-,-
2022-04-10T06:45:00,4.718,-,-
2022-04-10T06:30:00,4.718,-,-
2022-04-10T06:15:00,4.720,-,-
2022-04-10T06:00:00,4.719,-,-
2022-04-10T05:45:00,4.720,-,-
2022-04-10T05:30:00,4.720,-,-
2022-04-10T05:15:00,4.720,-,-
2022-04-10T05:00:00,4.718,-,-
2022-04-10T04:45:00,4.722,-,-
2022-04-10T04:30:00,4.720,-,-
2022-04-10T04:15:00,4.721,-,-
2022-04-10T04:00:00,4.721,-,-
2022-04-10T03:45:00,4.722,-,-
2022-04-10T03:30:00,4.722,-,-
2022-04-10T03:15:00,4.723,-,-
2022-04-10T03:00:00,4.723,-,-
2022-04-10T02:45:00,4.723,-,-
2022-04-10T02:30:00,4.724,-,-
2022-04-10T02:15:00,4.724,-,-
2022-04-10T02:00:00,4.725,-,-
2022-04-10T01:45:00,4.724,-,-
2022-04-10T01:30:00,4.725,-,-
2022-04-10T01:15:00,4.726,-,-
2022-04-10T01:00:00,4.727,-,-
2022-04-10T00:45:00,4.727,-,-
2022-04-10T00:30:00,4.729,-,-
2022-04-10T00:15:00,4.728,-,-
2022-04-10T00:00:00,4.730,-,-
2022-04-09T23:45:00,4.731,-,-
2022-04-09T23:30:00,4.732,-,-
2022-04-09T23:15:00,4.734,-,-
2022-04-09T23:00:00,4.736,-,-
2022-04-09T22:45:00,4.741,-,-
2022-04-09T22:30:00,4.745,-,-
2022-04-09T22:15:00,4.751,-,-
2022-04-09T22:00:00,4.760,-,-
2022-04-09T21:45:00,4.769,-,-
2022-04-09T21:30:00,4.778,-,-
2022-04-09T21:15:00,4.791,-,-
2022-04-09T21:00:00,4.803,-,-
2022-04-09T20:45:00,4.813,-,-
2022-04-09T20:30:00,4.822,-,-
2022-04-09T20:15:00,4.827,-,-
2022-04-09T20:00:00,4.828,-,-
2022-04-09T19:45:00,4.829,-,-
2022-04-09T19:30:00,4.827,-,-
2022-04-09T19:15:00,4.826,-,-
2022-04-09T19:00:00,4.826,-,-
2022-04-09T18:45:00,4.824,-,-
2022-04-09T18:30:00,4.824,-,-
2022-04-09T18:15:00,4.827,-,-
2022-04-09T18:00:00,4.829,-,-
2022-04-09T17:45:00,4.829,-,-
2022-04-09T17:30:00,4.828,-,-
2022-04-09T17:15:00,4.832,-,-
2022-04-09T17:00:00,4.834,-,-
2022-04-09T16:45:00,4.835,-,-
2022-04-09T16:30:00,4.834,-,-
2022-04-09T16:15:00,4.835,-,-
2022-04-09T16:00:00,4.839,-,-
2022-04-09T15:45:00,4.839,-,-
2022-04-09T15:30:00,4.842,-,-
2022-04-09T15:15:00,4.843,-,-
2022-04-09T15:00:00,4.844,-,-
2022-04-09T14:45:00,4.844,-,-
2022-04-09T14:30:00,4.848,-,-
2022-04-09T14:15:00,4.849,-,-
2022-04-09T14:00:00,4.850,-,-
2022-04-09T13:45:00,4.853,-,-
2022-04-09T13:30:00,4.852,-,-
2022-04-09T13:15:00,4.856,-,-
2022-04-09T13:00:00,4.856,-,-
2022-04-09T12:45:00,4.857,-,-
2022-04-09T12:30:00,4.859,-,-
2022-04-09T12:15:00,4.861,-,-
2022-04-09T12:00:00,4.863,-,-
2022-04-09T11:45:00,4.863,-,-
2022-04-09T11:30:00,4.864,-,-
2022-04-09T11:15:00,4.866,-,-
2022-04-09T11:00:00,4.865,-,-
2022-04-09T10:45:00,4.868,-,-
2022-04-09T10:30:00,4.866,-,-
2022-04-09T10:15:00,4.863,-,-
2022-04-09T10:00:00,4.859,-,-
2022-04-09T09:45:00,4.854,-,-
2022-04-09T09:30:00,4.846,-,-
2022-04-09T09:15:00,4.837,-,-
2022-04-09T09:00:00,4.832,-,-
2022-04-09T08:45:00,4.829,-,-
2022-04-09T08:30:00,4.827,-,-
2022-04-09T08:15:00,4.829,-,-
2022-04-09T08:00:00,4.832,-,-
2022-04-09T07:45:00,4.829,-,-
2022-04-09T07:30:00,4.827,-,-
2022-04-09T07:15:00,4.827,-,-
2022-04-09T07:00:00,4.823,-,-
2022-04-09T06:45:00,4.821,-,-
2022-04-09T06:30:00,4.819,-,-
2022-04-09T06:15:00,4.818,-,-
2022-04-09T06:00:00,4.816,-,-
2022-04-09T05:45:00,4.814,-,-
2022-04-09T05:30:00,4.812,-,-
2022-04-09T05:15:00,4.811,-,-
2022-04-09T05:00:00,4.808,-,-
2022-04-09T04:45:00,4.805,-,-
2022-04-09T04:30:00,4.804,-,-
2022-04-09T04:15:00,4.802,-,-
2022-04-09T04:00:00,4.800,-,-
2022-04-09T03:45:00,4.797,-,-
2022-04-09T03:30:00,4.796,-,-
2022-04-09T03:15:00,4.794,-,-
2022-04-09T03:00:00,4.792,-,-
2022-04-09T02:45:00,4.791,-,-
2022-04-09T02:30:00,4.789,-,-
2022-04-09T02:15:00,4.787,-,-
2022-04-09T02:00:00,4.787,-,-
2022-04-09T01:45:00,4.785,-,-
2022-04-09T01:30:00,4.785,-,-
2022-04-09T01:15:00,4.785,-,-
2022-04-09T01:00:00,4.785,-,-
2022-04-09T00:45:00,4.785,-,-
2022-04-09T00:30:00,4.784,-,-
2022-04-09T00:15:00,4.785,-,-
2022-04-09T00:00:00,4.785,-,-
2022-04-22T23:45:00,4.681,-,-
2022-04-22T23:30:00,4.684,-,-
2022-04-22T23:15:00,4.688,-,-
2022-04-22T23:00:00,4.691,-,-
2022-04-22T22:45:00,4.696,-,-
2022-04-22T22:30:00,4.703,-,-
2022-04-22T22:15:00,4.713,-,-
2022-04-22T22:00:00,4.723,-,-
2022-04-22T21:45:00,4.738,-,-
2022-04-22T21:30:00,4.754,-,-
2022-04-22T21:15:00,4.768,-,-
2022-04-22T21:00:00,4.786,-,-
2022-04-22T20:45:00,4.799,-,-
2022-04-22T20:30:00,4.809,-,-
2022-04-22T20:15:00,4.817,-,-
2022-04-22T20:00:00,4.817,-,-
2022-04-22T19:45:00,4.815,-,-
2022-04-22T19:30:00,4.812,-,-
2022-04-22T19:15:00,4.809,-,-
2022-04-22T19:00:00,4.804,-,-
2022-04-22T18:45:00,4.802,-,-
2022-04-22T18:30:00,4.798,-,-
2022-04-22T18:15:00,4.795,-,-
2022-04-22T18:00:00,4.791,-,-
2022-04-22T17:45:00,4.788,-,-
2022-04-22T17:30:00,4.786,-,-
2022-04-22T17:15:00,4.782,-,-
2022-04-22T17:00:00,4.780,-,-
2022-04-22T16:45:00,4.777,-,-
2022-04-22T16:30:00,4.773,-,-
2022-04-22T16:15:00,4.771,-,-
2022-04-22T16:00:00,4.766,-,-
2022-04-22T15:45:00,4.762,-,-
2022-04-22T15:30:00,4.757,-,-
2022-04-22T15:15:00,4.752,-,-
2022-04-22T15:00:00,4.750,-,-
2022-04-22T14:45:00,4.744,-,-
2022-04-22T14:30:00,4.737,-,-
2022-04-22T14:15:00,4.731,-,-
2022-04-22T14:00:00,4.722,-,-
2022-04-22T13:45:00,4.712,-,-
2022-04-22T13:30:00,4.700,-,-
2022-04-22T13:15:00,4.682,-,-
2022-04-22T13:00:00,4.662,-,-
2022-04-22T12:45:00,4.635,-,-
2022-04-22T12:30:00,4.597,-,-
2022-04-22T12:15:00,4.547,-,-
2022-04-22T12:00:00,4.482,-,-
2022-04-22T11:45:00,4.405,-,-
2022-04-22T11:30:00,4.319,-,-
2022-04-22T11:15:00,4.240,-,-
2022-04-22T11:00:00,4.181,-,-
2022-04-22T10:45:00,4.145,-,-
2022-04-22T10:30:00,4.119,-,-
2022-04-22T10:15:00,4.103,-,-
2022-04-22T10:00:00,4.094,-,-
2022-04-22T09:45:00,4.093,-,-
2022-04-22T09:30:00,4.094,-,-
2022-04-22T09:15:00,4.096,-,-
2022-04-22T09:00:00,4.097,-,-
2022-04-22T08:45:00,4.101,-,-
2022-04-22T08:30:00,4.103,-,-
2022-04-22T08:15:00,4.105,-,-
2022-04-22T08:00:00,4.108,-,-
2022-04-22T07:45:00,4.110,-,-
2022-04-22T07:30:00,4.113,-,-
2022-04-22T07:15:00,4.115,-,-
2022-04-22T07:00:00,4.118,-,-
2022-04-22T06:45:00,4.121,-,-
2022-04-22T06:30:00,4.123,-,-
2022-04-22T06:15:00,4.126,-,-
2022-04-22T06:00:00,4.128,-,-
2022-04-22T05:45:00,4.130,-,-
2022-04-22T05:30:00,4.133,-,-
2022-04-22T05:15:00,4.134,-,-
2022-04-22T05:00:00,4.136,-,-
2022-04-22T04:45:00,4.139,-,-
2022-04-22T04:30:00,4.141,-,-
2022-04-22T04:15:00,4.142,-,-
2022-04-22T04:00:00,4.145,-,-
2022-04-22T03:45:00,4.147,-,-
2022-04-22T03:30:00,4.149,-,-
2022-04-22T03:15:00,4.152,-,-
2022-04-22T03:00:00,4.154,-,-
2022-04-22T02:45:00,4.157,-,-
2022-04-22T02:30:00,4.160,-,-
2022-04-22T02:15:00,4.163,-,-
2022-04-22T02:00:00,4.166,-,-
2022-04-22T01:45:00,4.170,-,-
2022-04-22T01:30:00,4.175,-,-
2022-04-22T01:15:00,4.179,-,-
2022-04-22T01:00:00,4.185,-,-
2022-04-22T00:45:00,4.193,-,-
2022-04-22T00:30:00,4.200,-,-
2022-04-22T00:15:00,4.209,-,-
2022-04-22T00:00:00,4.219,-,-
2022-04-21T23:45:00,4.230,-,-
2022-04-21T23:30:00,4.242,-,-
2022-04-21T23:15:00,4.255,-,-
2022-04-21T23:00:00,4.269,-,-
2022-04-21T22:45:00,4.283,-,-
2022-04-21T22:30:00,4.298,-,-
2022-04-21T22:15:00,4.315,-,-
2022-04-21T22:00:00,4.332,-,-
2022-04-21T21:45:00,4.347,-,-
2022-04-21T21:30:00,4.360,-,-
2022-04-21T21:15:00,4.370,-,-
2022-04-21T21:00:00,4.374,-,-
2022-04-21T20:45:00,4.375,-,-
2022-04-21T20:30:00,4.374,-,-
2022-04-21T20:15:00,4.366,-,-
2022-04-21T20:00:00,4.356,-,-
2022-04-21T19:45:00,4.347,-,-
2022-04-21T19:30:00,4.339,-,-
2022-04-21T19:15:00,4.333,-,-
2022-04-21T19:00:00,4.329,-,-
2022-04-21T18:45:00,4.327,-,-
2022-04-21T18:30:00,4.327,-,-
2022-04-21T18:15:00,4.327,-,-
2022-04-21T18:00:00,4.329,-,-
2022-04-21T17:45:00,4.331,-,-
2022-04-21T17:30:00,4.319,-,-
2022-04-21T17:15:00,4.307,-,-
2022-04-21T17:00:00,4.300,-,-
2022-04-21T16:45:00,4.298,-,-
2022-04-21T16:30:00,4.298,-,-
2022-04-21T16:15:00,4.297,-,-
2022-04-21T16:00:00,4.296,-,-
2022-04-21T15:45:00,4.295,-,-
2022-04-21T15:30:00,4.295,-,-
2022-04-21T15:15:00,4.293,-,-
2022-04-21T15:00:00,4.293,-,-
2022-04-21T14:45:00,4.293,-,-
2022-04-21T14:30:00,4.294,-,-
2022-04-21T14:15:00,4.293,-,-
2022-04-21T14:00:00,4.292,-,-
2022-04-21T13:45:00,4.288,-,-
2022-04-21T13:30:00,4.286,-,-
2022-04-21T13:15:00,4.283,-,-
2022-04-21T13:00:00,4.279,-,-
2022-04-21T12:45:00,4.273,-,-
2022-04-21T12:30:00,4.264,-,-
2022-04-21T12:15:00,4.253,-,-
2022-04-21T12:00:00,4.239,-,-
2022-04-21T11:45:00,4.220,-,-
2022-04-21T11:30:00,4.196,-,-
2022-04-21T11:15:00,4.171,-,-
2022-04-21T11:00:00,4.145,-,-
2022-04-21T10:45:00,4.121,-,-
2022-04-21T10:30:00,4.107,-,-
2022-04-21T10:15:00,4.102,-,-
2022-04-21T10:00:00,4.102,-,-
2022-04-21T09:45:00,4.105,-,-
2022-04-21T09:30:00,4.108,-,-
2022-04-21T09:15:00,4.110,-,-
2022-04-21T09:00:00,4.113,-,-
2022-04-21T08:45:00,4.116,-,-
2022-04-21T08:30:00,4.120,-,-
2022-04-21T08:15:00,4.123,-,-
2022-04-21T08:00:00,4.126,-,-
2022-04-21T07:45:00,4.129,-,-
2022-04-21T07:30:00,4.133,-,-
2022-04-21T07:15:00,4.136,-,-
2022-04-21T07:00:00,4.140,-,-
2022-04-21T06:45:00,4.143,-,-
2022-04-21T06:30:00,4.147,-,-
2022-04-21T06:15:00,4.150,-,-
2022-04-21T06:00:00,4.153,-,-
2022-04-21T05:45:00,4.156,-,-
2022-04-21T05:30:00,4.159,-,-
2022-04-21T05:15:00,4.163,-,-
2022-04-21T05:00:00,4.166,-,-
2022-04-21T04:45:00,4.169,-,-
2022-04-21T04:30:00,4.172,-,-
2022-04-21T04:15:00,4.175,-,-
2022-04-21T04:00:00,4.178,-,-
2022-04-21T03:45:00,4.182,-,-
2022-04-21T03:30:00,4.185,-,-
2022-04-21T03:15:00,4.189,-,-
2022-04-21T03:00:00,4.193,-,-
2022-04-21T02:45:00,4.196,-,-
2022-04-21T02:30:00,4.200,-,-
2022-04-21T02:15:00,4.205,-,-
2022-04-21T02:00:00,4.210,-,-
2022-04-21T01:45:00,4.215,-,-
2022-04-21T01:30:00,4.219,-,-
2022-04-21T01:15:00,4.225,-,-
2022-04-21T01:00:00,4.231,-,-
2022-04-21T00:45:00,4.237,-,-
2022-04-21T00:30:00,4.244,-,-
2022-04-21T00:15:00,4.252,-,-
2022-04-21T00:00:00,4.261,-,-
2022-04-20T23:45:00,4.271,-,-
2022-04-20T23:30:00,4.280,-,-
2022-04-20T23:15:00,4.291,-,-
2022-04-20T23:00:00,4.303,-,-
2022-04-20T22:45:00,4.317,-,-
2022-04-20T22:30:00,4.331,-,-
2022-04-20T22:15:00,4.345,-,-
2022-04-20T22:00:00,4.358,-,-
2022-04-20T21:45:00,4.370,-,-
2022-04-20T21:30:00,4.381,-,-
2022-04-20T21:15:00,4.388,-,-
2022-04-20T21:00:00,4.393,-,-
2022-04-20T20:45:00,4.396,-,-
2022-04-20T20:30:00,4.396,-,-
2022-04-20T20:15:00,4.397,-,-
2022-04-20T20:00:00,4.398,-,-
2022-04-20T19:45:00,4.396,-,-
2022-04-20T19:30:00,4.396,-,-
2022-04-20T19:15:00,4.395,-,-
2022-04-20T19:00:00,4.394,-,-
2022-04-20T18:45:00,4.393,-,-
2022-04-20T18:30:00,4.393,-,-
2022-04-20T18:15:00,4.391,-,-
2022-04-20T18:00:00,4.391,-,-
2022-04-20T17:45:00,4.390,-,-
2022-04-20T17:30:00,4.389,-,-
2022-04-20T17:15:00,4.387,-,-
2022-04-20T17:00:00,4.387,-,-
2022-04-20T16:45:00,4.387,-,-
2022-04-20T16:30:00,4.386,-,-
2022-04-20T16:15:00,4.385,-,-
2022-04-20T16:00:00,4.384,-,-
2022-04-20T15:45:00,4.383,-,-
2022-04-20T15:30:00,4.383,-,-
2022-04-20T15:15:00,4.383,-,-
2022-04-20T15:00:00,4.382,-,-
2022-04-20T14:45:00,4.380,-,-
2022-04-20T14:30:00,4.379,-,-
2022-04-20T14:15:00,4.378,-,-
2022-04-20T14:00:00,4.377,-,-
2022-04-20T13:45:00,4.375,-,-
2022-04-20T13:30:00,4.372,-,-
2022-04-20T13:15:00,4.369,-,-
2022-04-20T13:00:00,4.365,-,-
2022-04-20T12:45:00,4.361,-,-
2022-04-20T12:30:00,4.354,-,-
2022-04-20T12:15:00,4.346,-,-
2022-04-20T12:00:00,4.334,-,-
2022-04-20T11:45:00,4.319,-,-
2022-04-20T11:30:00,4.301,-,-
2022-04-20T11:15:00,4.281,-,-
2022-04-20T11:00:00,4.259,-,-
2022-04-20T10:45:00,4.240,-,-
2022-04-20T10:30:00,4.225,-,-
2022-04-20T10:15:00,4.218,-,-
2022-04-20T10:00:00,4.215,-,-
2022-04-20T09:45:00,4.217,-,-
2022-04-20T09:30:00,4.219,-,-
2022-04-20T09:15:00,4.223,-,-
2022-04-20T09:00:00,4.226,-,-
2022-04-20T08:45:00,4.229,-,-
2022-04-20T08:30:00,4.232,-,-
2022-04-20T08:15:00,4.235,-,-
2022-04-20T08:00:00,4.237,-,-
2022-04-20T07:45:00,4.241,-,-
2022-04-20T07:30:00,4.244,-,-
2022-04-20T07:15:00,4.247,-,-
2022-04-20T07:00:00,4.251,-,-
2022-04-20T06:45:00,4.254,-,-
2022-04-20T06:30:00,4.257,-,-
2022-04-20T06:15:00,4.261,-,-
2022-04-20T06:00:00,4.263,-,-
2022-04-20T05:45:00,4.267,-,-
2022-04-20T05:30:00,4.270,-,-
2022-04-20T05:15:00,4.273,-,-
2022-04-20T05:00:00,4.277,-,-
2022-04-20T04:45:00,4.279,-,-
2022-04-20T04:30:00,4.282,-,-
2022-04-20T04:15:00,4.286,-,-
2022-04-20T04:00:00,4.289,-,-
2022-04-20T03:45:00,4.292,-,-
2022-04-20T03:30:00,4.295,-,-
2022-04-20T03:15:00,4.299,-,-
2022-04-20T03:00:00,4.301,-,-
2022-04-20T02:45:00,4.305,-,-
2022-04-20T02:30:00,4.310,-,-
2022-04-20T02:15:00,4.313,-,-
2022-04-20T02:00:00,4.317,-,-
2022-04-20T01:45:00,4.321,-,-
2022-04-20T01:30:00,4.325,-,-
2022-04-20T01:15:00,4.329,-,-
2022-04-20T01:00:00,4.335,-,-
2022-04-20T00:45:00,4.340,-,-
2022-04-20T00:30:00,4.345,-,-
2022-04-20T00:15:00,4.351,-,-
2022-04-20T00:00:00,4.358,-,-
2022-04-19T23:45:00,4.364,-,-
2022-04-19T23:30:00,4.373,-,-
2022-04-19T23:15:00,4.382,-,-
2022-04-19T23:00:00,4.392,-,-
2022-04-19T22:45:00,4.402,-,-
2022-04-19T22:30:00,4.412,-,-
2022-04-19T22:15:00,4.422,-,-
2022-04-19T22:00:00,4.433,-,-
2022-04-19T21:45:00,4.442,-,-
2022-04-19T21:30:00,4.450,-,-
2022-04-19T21:15:00,4.457,-,-
2022-04-19T21:00:00,4.461,-,-
2022-04-19T20:45:00,4.463,-,-
2022-04-19T20:30:00,4.464,-,-
2022-04-19T20:15:00,4.463,-,-
2022-04-19T20:00:00,4.463,-,-
2022-04-19T19:45:00,4.462,-,-
2022-04-19T19:30:00,4.461,-,-
2022-04-19T19:15:00,4.461,-,-
2022-04-19T19:00:00,4.461,-,-
2022-04-19T18:45:00,4.460,-,-
2022-04-19T18:30:00,4.461,-,-
2022-04-19T18:15:00,4.461,-,-
2022-04-19T18:00:00,4.460,-,-
2022-04-19T17:45:00,4.459,-,-
2022-04-19T17:30:00,4.459,-,-
2022-04-19T17:15:00,4.459,-,-
2022-04-19T17:00:00,4.458,-,-
2022-04-19T16:45:00,4.459,-,-
2022-04-19T16:30:00,4.458,-,-
2022-04-19T16:15:00,4.458,-,-
2022-04-19T16:00:00,4.457,-,-
2022-04-19T15:45:00,4.455,-,-
2022-04-19T15:30:00,4.454,-,-
2022-04-19T15:15:00,4.453,-,-
2022-04-19T15:00:00,4.452,-,-
2022-04-19T14:45:00,4.452,-,-
2022-04-19T14:30:00,4.450,-,-
2022-04-19T14:15:00,4.449,-,-
2022-04-19T14:00:00,4.449,-,-
2022-04-19T13:45:00,4.448,-,-
2022-04-19T13:30:00,4.447,-,-
2022-04-19T13:15:00,4.448,-,-
2022-04-19T13:00:00,4.449,-,-
2022-04-19T12:45:00,4.450,-,-
2022-04-19T12:30:00,4.453,-,-
2022-04-19T12:15:00,4.457,-,-
2022-04-19T12:00:00,4.458,-,-
2022-04-19T11:45:00,4.458,-,-
2022-04-19T11:30:00,4.462,-,-
2022-04-19T11:15:00,4.473,-,-
2022-04-19T11:00:00,4.485,-,-
2022-04-19T10:45:00,4.498,-,-
2022-04-19T10:30:00,4.516,-,-
2022-04-19T10:15:00,4.534,-,-
2022-04-19T10:00:00,4.553,-,-
2022-04-19T09:45:00,4.575,-,-
2022-04-19T09:30:00,4.597,-,-
2022-04-19T09:15:00,4.616,-,-
2022-04-19T09:00:00,4.635,-,-
2022-04-19T08:45:00,4.646,-,-
2022-04-19T08:30:00,4.655,-,-
2022-04-19T08:15:00,4.659,-,-
2022-04-19T08:00:00,4.660,-,-
2022-04-19T07:45:00,4.661,-,-
2022-04-19T07:30:00,4.662,-,-
2022-04-19T07:15:00,4.662,-,-
2022-04-19T07:00:00,4.662,-,-
2022-04-19T06:45:00,4.663,-,-
2022-04-19T06:30:00,4.665,-,-
2022-04-19T06:15:00,4.667,-,-
2022-04-19T06:00:00,4.669,-,-
2022-04-19T05:45:00,4.670,-,-
2022-04-19T05:30:00,4.672,-,-
2022-04-19T05:15:00,4.673,-,-
2022-04-19T05:00:00,4.673,-,-
2022-04-19T04:45:00,4.674,-,-
2022-04-19T04:30:00,4.675,-,-
2022-04-19T04:15:00,4.673,-,-
2022-04-19T04:00:00,4.672,-,-
2022-04-19T03:45:00,4.670,-,-
2022-04-19T03:30:00,4.669,-,-
2022-04-19T03:15:00,4.668,-,-
2022-04-19T03:00:00,4.667,-,-
2022-04-19T02:45:00,4.665,-,-
2022-04-19T02:30:00,4.666,-,-
2022-04-19T02:15:00,4.669,-,-
2022-04-19T02:00:00,4.669,-,-
2022-04-19T01:45:00,4.672,-,-
2022-04-19T01:30:00,4.674,-,-
2022-04-19T01:15:00,4.678,-,-
2022-04-19T01:00:00,4.681,-,-
2022-04-19T00:45:00,4.684,-,-
2022-04-19T00:30:00,4.686,-,-
2022-04-19T00:15:00,4.690,-,-
2022-04-19T00:00:00,4.694,-,-
2022-04-18T23:45:00,4.699,-,-
2022-04-18T23:30:00,4.706,-,-
2022-04-18T23:15:00,4.712,-,-
2022-04-18T23:00:00,4.720,-,-
2022-04-18T22:45:00,4.731,-,-
2022-04-18T22:30:00,4.746,-,-
2022-04-18T22:15:00,4.760,-,-
2022-04-18T22:00:00,4.780,-,-
2022-04-18T21:45:00,4.801,-,-
2022-04-18T21:30:00,4.827,-,-
2022-04-18T21:15:00,4.853,-,-
2022-04-18T21:00:00,4.879,-,-
2022-04-18T20:45:00,4.903,-,-
2022-04-18T20:30:00,4.923,-,-
2022-04-18T20:15:00,4.938,-,-
2022-04-18T20:00:00,4.945,-,-
2022-04-18T19:45:00,4.947,-,-
2022-04-18T19:30:00,4.944,-,-
2022-04-18T19:15:00,4.946,-,-
2022-04-18T19:00:00,4.943,-,-
2022-04-18T18:45:00,4.942,-,-
2022-04-18T18:30:00,4.943,-,-
2022-04-18T18:15:00,4.941,-,-
2022-04-18T18:00:00,4.940,-,-
2022-04-18T17:45:00,4.941,-,-
2022-04-18T17:30:00,4.940,-,-
2022-04-18T17:15:00,4.938,-,-
2022-04-18T17:00:00,4.935,-,-
2022-04-18T16:45:00,4.935,-,-
2022-04-18T16:30:00,4.933,-,-
2022-04-18T16:15:00,4.932,-,-
2022-04-18T16:00:00,4.933,-,-
2022-04-18T15:45:00,4.929,-,-
2022-04-18T15:30:00,4.931,-,-
2022-04-18T15:15:00,4.929,-,-
2022-04-18T15:00:00,4.929,-,-
2022-04-18T14:45:00,4.928,-,-
2022-04-18T14:30:00,4.928,-,-
2022-04-18T14:15:00,4.927,-,-
2022-04-18T14:00:00,4.926,-,-
2022-04-18T13:45:00,4.923,-,-
2022-04-18T13:30:00,4.922,-,-
2022-04-18T13:15:00,4.923,-,-
2022-04-18T13:00:00,4.922,-,-
2022-04-18T12:45:00,4.919,-,-
2022-04-18T12:30:00,4.918,-,-
2022-04-18T12:15:00,4.918,-,-
2022-04-18T12:00:00,4.915,-,-
2022-04-18T11:45:00,4.913,-,-
2022-04-18T11:30:00,4.910,-,-
2022-04-18T11:15:00,4.907,-,-
2022-04-18T11:00:00,4.899,-,-
2022-04-18T10:45:00,4.890,-,-
2022-04-18T10:30:00,4.878,-,-
2022-04-18T10:15:00,4.864,-,-
2022-04-18T10:00:00,4.843,-,-
2022-04-18T09:45:00,4.819,-,-
2022-04-18T09:30:00,4.790,-,-
2022-04-18T09:15:00,4.760,-,-
2022-04-18T09:00:00,4.729,-,-
2022-04-18T08:45:00,4.702,-,-
2022-04-18T08:30:00,4.684,-,-
2022-04-18T08:15:00,4.675,-,-
2022-04-18T08:00:00,4.672,-,-
2022-04-18T07:45:00,4.673,-,-
2022-04-18T07:30:00,4.675,-,-
2022-04-18T07:15:00,4.682,-,-
2022-04-18T07:00:00,4.684,-,-
2022-04-18T06:45:00,4.685,-,-
2022-04-18T06:30:00,4.687,-,-
2022-04-18T06:15:00,4.687,-,-
2022-04-18T06:00:00,4.685,-,-
2022-04-18T05:45:00,4.686,-,-
2022-04-18T05:30:00,4.686,-,-
2022-04-18T05:15:00,4.688,-,-
2022-04-18T05:00:00,4.687,-,-
2022-04-18T04:45:00,4.686,-,-
2022-04-18T04:30:00,4.688,-,-
2022-04-18T04:15:00,4.687,-,-
2022-04-18T04:00:00,4.686,-,-
2022-04-18T03:45:00,4.689,-,-
2022-04-18T03:30:00,4.689,-,-
2022-04-18T03:15:00,4.689,-,-
2022-04-18T03:00:00,4.689,-,-
2022-04-18T02:45:00,4.689,-,-
2022-04-18T02:30:00,4.689,-,-
2022-04-18T02:15:00,4.690,-,-
2022-04-18T02:00:00,4.691,-,-
2022-04-18T01:45:00,4.691,-,-
2022-04-18T01:30:00,4.691,-,-
2022-04-18T01:15:00,4.692,-,-
2022-04-18T01:00:00,4.693,-,-
2022-04-18T00:45:00,4.693,-,-
2022-04-18T00:30:00,4.695,-,-
2022-04-18T00:15:00,4.697,-,-
2022-04-18T00:00:00,4.698,-,-
2022-04-17T23:45:00,4.699,-,-
2022-04-17T23:30:00,4.703,-,-
2022-04-17T23:15:00,4.707,-,-
2022-04-17T23:00:00,4.711,-,-
2022-04-17T22:45:00,4.718,-,-
2022-04-17T22:30:00,4.727,-,-
2022-04-17T22:15:00,4.737,-,-
2022-04-17T22:00:00,4.748,-,-
2022-04-17T21:45:00,4.762,-,-
2022-04-17T21:30:00,4.774,-,-
2022-04-17T21:15:00,4.785,-,-
2022-04-17T21:00:00,4.794,-,-
2022-04-17T20:45:00,4.799,-,-
2022-04-17T20:30:00,4.805,-,-
2022-04-17T20:15:00,4.803,-,-
2022-04-17T20:00:00,4.802,-,-
2022-04-17T19:45:00,4.800,-,-
2022-04-17T19:30:00,4.800,-,-
2022-04-17T19:15:00,4.800,-,-
2022-04-17T19:00:00,4.799,-,-
2022-04-17T18:45:00,4.799,-,-
2022-04-17T18:30:00,4.800,-,-
2022-04-17T18:15:00,4.798,-,-
2022-04-17T18:00:00,4.800,-,-
2022-04-17T17:45:00,4.803,-,-
2022-04-17T17:30:00,4.800,-,-
2022-04-17T17:15:00,4.800,-,-
2022-04-17T17:00:00,4.801,-,-
2022-04-17T16:45:00,4.799,-,-
2022-04-17T16:30:00,4.795,-,-
2022-04-17T16:15:00,4.794,-,-
2022-04-17T16:00:00,4.789,-,-
2022-04-17T15:45:00,4.785,-,-
2022-04-17T15:30:00,4.767,-,-
2022-04-17T15:15:00,4.739,-,-
2022-04-17T15:00:00,4.740,-,-
2022-04-17T14:45:00,4.739,-,-
2022-04-17T14:30:00,4.737,-,-
2022-04-17T14:15:00,4.735,-,-
2022-04-17T14:00:00,4.733,-,-
2022-04-17T13:45:00,4.732,-,-
2022-04-17T13:30:00,4.732,-,-
2022-04-17T13:15:00,4.731,-,-
2022-04-17T13:00:00,4.727,-,-
2022-04-17T12:45:00,4.726,-,-
2022-04-17T12:30:00,4.723,-,-
2022-04-17T12:15:00,4.722,-,-
2022-04-17T12:00:00,4.718,-,-
2022-04-17T11:45:00,4.717,-,-
2022-04-17T11:30:00,4.713,-,-
2022-04-17T11:15:00,4.712,-,-
2022-04-17T11:00:00,4.707,-,-
2022-04-17T10:45:00,4.701,-,-
2022-04-17T10:30:00,4.693,-,-
2022-04-17T10:15:00,4.683,-,-
2022-04-17T10:00:00,4.671,-,-
2022-04-17T09:45:00,4.657,-,-
2022-04-17T09:30:00,4.642,-,-
2022-04-17T09:15:00,4.625,-,-
2022-04-17T09:00:00,4.609,-,-
2022-04-17T08:45:00,4.597,-,-
2022-04-17T08:30:00,4.589,-,-
2022-04-17T08:15:00,4.589,-,-
2022-04-17T08:00:00,4.590,-,-
2022-04-17T07:45:00,4.593,-,-
2022-04-17T07:30:00,4.595,-,-
2022-04-17T07:15:00,4.599,-,-
2022-04-17T07:00:00,4.602,-,-
2022-04-17T06:45:00,4.604,-,-
2022-04-17T06:30:00,4.607,-,-
2022-04-17T06:15:00,4.611,-,-
2022-04-17T06:00:00,4.614,-,-
2022-04-17T05:45:00,4.618,-,-
2022-04-17T05:30:00,4.621,-,-
2022-04-17T05:15:00,4.624,-,-
2022-04-17T05:00:00,4.628,-,-
2022-04-17T04:45:00,4.631,-,-
2022-04-17T04:30:00,4.635,-,-
2022-04-17T04:15:00,4.638,-,-
2022-04-17T04:00:00,4.643,-,-
2022-04-17T03:45:00,4.645,-,-
2022-04-17T03:30:00,4.652,-,-
2022-04-17T03:15:00,4.655,-,-
2022-04-17T03:00:00,4.659,-,-
2022-04-17T02:45:00,4.662,-,-
2022-04-17T02:30:00,4.667,-,-
2022-04-17T02:15:00,4.671,-,-
2022-04-17T02:00:00,4.675,-,-
2022-04-17T01:45:00,4.678,-,-
2022-04-17T01:30:00,4.684,-,-
2022-04-17T01:15:00,4.689,-,-
2022-04-17T01:00:00,4.693,-,-
2022-04-17T00:45:00,4.699,-,-
2022-04-17T00:30:00,4.705,-,-
2022-04-17T00:15:00,4.709,-,-
2022-04-17T00:00:00,4.716,-,-
2022-04-16T23:45:00,4.722,-,-
2022-04-16T23:30:00,4.730,-,-
2022-04-16T23:15:00,4.739,-,-
2022-04-16T23:00:00,4.748,-,-
2022-04-16T22:45:00,4.761,-,-
2022-04-16T22:30:00,4.776,-,-
2022-04-16T22:15:00,4.791,-,-
2022-04-16T22:00:00,4.812,-,-
2022-04-16T21:45:00,4.833,-,-
2022-04-16T21:30:00,4.859,-,-
2022-04-16T21:15:00,4.884,-,-
2022-04-16T21:00:00,4.911,-,-
2022-04-16T20:45:00,4.934,-,-
2022-04-16T20:30:00,4.952,-,-
2022-04-16T20:15:00,4.967,-,-
2022-04-16T20:00:00,4.975,-,-
2022-04-16T19:45:00,4.976,-,-
2022-04-16T19:30:00,4.978,-,-
2022-04-16T19:15:00,4.977,-,-
2022-04-16T19:00:00,4.978,-,-
2022-04-16T18:45:00,4.978,-,-
2022-04-16T18:30:00,4.981,-,-
2022-04-16T18:15:00,4.980,-,-
2022-04-16T18:00:00,4.982,-,-
2022-04-16T17:45:00,4.984,-,-
2022-04-16T17:30:00,4.984,-,-
2022-04-16T17:15:00,4.983,-,-
2022-04-16T17:00:00,4.983,-,-
2022-04-16T16:45:00,4.980,-,-
2022-04-16T16:30:00,4.982,-,-
2022-04-16T16:15:00,4.980,-,-
2022-04-16T16:00:00,4.981,-,-
2022-04-16T15:45:00,4.979,-,-
2022-04-16T15:30:00,4.979,-,-
2022-04-16T15:15:00,4.980,-,-
2022-04-16T15:00:00,4.979,-,-
2022-04-16T14:45:00,4.977,-,-
2022-04-16T14:30:00,4.980,-,-
2022-04-16T14:15:00,4.980,-,-
2022-04-16T14:00:00,4.980,-,-
2022-04-16T13:45:00,4.980,-,-
2022-04-16T13:30:00,4.980,-,-
2022-04-16T13:15:00,4.980,-,-
2022-04-16T13:00:00,4.980,-,-
2022-04-16T12:45:00,4.981,-,-
2022-04-16T12:30:00,4.978,-,-
2022-04-16T12:15:00,4.976,-,-
2022-04-16T12:00:00,4.977,-,-
2022-04-16T11:45:00,4.973,-,-
2022-04-16T11:30:00,4.971,-,-
2022-04-16T11:15:00,4.970,-,-
2022-04-16T11:00:00,4.963,-,-
2022-04-16T10:45:00,4.958,-,-
2022-04-16T10:30:00,4.948,-,-
2022-04-16T10:15:00,4.935,-,-
2022-04-16T10:00:00,4.919,-,-
2022-04-16T09:45:00,4.899,-,-
2022-04-16T09:30:00,4.879,-,-
2022-04-16T09:15:00,4.853,-,-
2022-04-16T09:00:00,4.827,-,-
2022-04-16T08:45:00,4.805,-,-
2022-04-16T08:30:00,4.788,-,-
2022-04-16T08:15:00,4.779,-,-
2022-04-16T08:00:00,4.775,-,-
2022-04-16T07:45:00,4.773,-,-
2022-04-16T07:30:00,4.771,-,-
2022-04-16T07:15:00,4.770,-,-
2022-04-16T07:00:00,4.769,-,-
2022-04-16T06:45:00,4.767,-,-
2022-04-16T06:30:00,4.766,-,-
2022-04-16T06:15:00,4.764,-,-
2022-04-16T06:00:00,4.762,-,-
2022-04-16T05:45:00,4.761,-,-
2022-04-16T05:30:00,4.759,-,-
2022-04-16T05:15:00,4.758,-,-
2022-04-16T05:00:00,4.756,-,-
2022-04-16T04:45:00,4.753,-,-
2022-04-16T04:30:00,4.752,-,-
2022-04-16T04:15:00,4.752,-,-
2022-04-16T04:00:00,4.751,-,-
2022-04-16T03:45:00,4.748,-,-
2022-04-16T03:30:00,4.747,-,-
2022-04-16T03:15:00,4.746,-,-
2022-04-16T03:00:00,4.744,-,-
2022-04-16T02:45:00,4.744,-,-
2022-04-16T02:30:00,4.742,-,-
2022-04-16T02:15:00,4.741,-,-
2022-04-16T02:00:00,4.739,-,-
2022-04-16T01:45:00,4.738,-,-
2022-04-16T01:30:00,4.736,-,-
2022-04-16T01:15:00,4.734,-,-
2022-04-16T01:00:00,4.734,-,-
2022-04-16T00:45:00,4.733,-,-
2022-04-16T00:30:00,4.733,-,-
2022-04-16T00:15:00,4.731,-,-
2022-04-16T00:00:00,4.730,-,-
2022-04-29T23:45:00,4.724,-,-
2022-04-29T23:30:00,4.724,-,-
2022-04-29T23:15:00,4.726,-,-
2022-04-29T23:00:00,4.730,-,-
2022-04-29T22:45:00,4.735,-,-
2022-04-29T22:30:00,4.742,-,-
2022-04-29T22:15:00,4.753,-,-
2022-04-29T22:00:00,4.764,-,-
2022-04-29T21:45:00,4.778,-,-
2022-04-29T21:30:00,4.795,-,-
2022-04-29T21:15:00,4.812,-,-
2022-04-29T21:00:00,4.832,-,-
2022-04-29T20:45:00,4.847,-,-
2022-04-29T20:30:00,4.858,-,-
2022-04-29T20:15:00,4.864,-,-
2022-04-29T20:00:00,4.866,-,-
2022-04-29T19:45:00,4.864,-,-
2022-04-29T19:30:00,4.862,-,-
2022-04-29T19:15:00,4.858,-,-
2022-04-29T19:00:00,4.855,-,-
2022-04-29T18:45:00,4.853,-,-
2022-04-29T18:30:00,4.848,-,-
2022-04-29T18:15:00,4.848,-,-
2022-04-29T18:00:00,4.844,-,-
2022-04-29T17:45:00,4.841,-,-
2022-04-29T17:30:00,4.838,-,-
2022-04-29T17:15:00,4.834,-,-
2022-04-29T17:00:00,4.830,-,-
2022-04-29T16:45:00,4.826,-,-
2022-04-29T16:30:00,4.822,-,-
2022-04-29T16:15:00,4.818,-,-
2022-04-29T16:00:00,4.813,-,-
2022-04-29T15:45:00,4.808,-,-
2022-04-29T15:30:00,4.804,-,-
2022-04-29T15:15:00,4.800,-,-
2022-04-29T15:00:00,4.796,-,-
2022-04-29T14:45:00,4.792,-,-
2022-04-29T14:30:00,4.787,-,-
2022-04-29T14:15:00,4.785,-,-
2022-04-29T14:00:00,4.781,-,-
2022-04-29T13:45:00,4.776,-,-
2022-04-29T13:30:00,4.771,-,-
2022-04-29T13:15:00,4.766,-,-
2022-04-29T13:00:00,4.760,-,-
2022-04-29T12:45:00,4.754,-,-
2022-04-29T12:30:00,4.744,-,-
2022-04-29T12:15:00,4.733,-,-
2022-04-29T12:00:00,4.717,-,-
2022-04-29T11:45:00,4.696,-,-
2022-04-29T11:30:00,4.669,-,-
2022-04-29T11:15:00,4.635,-,-
2022-04-29T11:00:00,4.583,-,-
2022-04-29T10:45:00,4.516,-,-
2022-04-29T10:30:00,4.421,-,-
2022-04-29T10:15:00,4.301,-,-
2022-04-29T10:00:00,4.164,-,-
2022-04-29T09:45:00,4.053,-,-
2022-04-29T09:30:00,4.016,-,-
2022-04-29T09:15:00,4.011,-,-
2022-04-29T09:00:00,4.012,-,-
2022-04-29T08:45:00,4.013,-,-
2022-04-29T08:30:00,4.015,-,-
2022-04-29T08:15:00,4.016,-,-
2022-04-29T08:00:00,4.018,-,-
2022-04-29T07:45:00,4.019,-,-
2022-04-29T07:30:00,4.020,-,-
2022-04-29T07:15:00,4.021,-,-
2022-04-29T07:00:00,4.022,-,-
2022-04-29T06:45:00,4.025,-,-
2022-04-29T06:30:00,4.029,-,-
2022-04-29T06:15:00,4.032,-,-
2022-04-29T06:00:00,4.035,-,-
2022-04-29T05:45:00,4.038,-,-
2022-04-29T05:30:00,4.042,-,-
2022-04-29T05:15:00,4.045,-,-
2022-04-29T05:00:00,4.049,-,-
2022-04-29T04:45:00,4.053,-,-
2022-04-29T04:30:00,4.058,-,-
2022-04-29T04:15:00,4.062,-,-
2022-04-29T04:00:00,4.067,-,-
2022-04-29T03:45:00,4.074,-,-
2022-04-29T03:30:00,4.081,-,-
2022-04-29T03:15:00,4.087,-,-
2022-04-29T03:00:00,4.095,-,-
2022-04-29T02:45:00,4.101,-,-
2022-04-29T02:30:00,4.109,-,-
2022-04-29T02:15:00,4.115,-,-
2022-04-29T02:00:00,4.122,-,-
2022-04-29T01:45:00,4.128,-,-
2022-04-29T01:30:00,4.132,-,-
2022-04-29T01:15:00,4.137,-,-
2022-04-29T01:00:00,4.140,-,-
2022-04-29T00:45:00,4.142,-,-
2022-04-29T00:30:00,4.144,-,-
2022-04-29T00:15:00,4.145,-,-
2022-04-29T00:00:00,4.149,-,-
2022-04-28T23:45:00,4.153,-,-
2022-04-28T23:30:00,4.160,-,-
2022-04-28T23:15:00,4.170,-,-
2022-04-28T23:00:00,4.183,-,-
2022-04-28T22:45:00,4.197,-,-
2022-04-28T22:30:00,4.211,-,-
2022-04-28T22:15:00,4.223,-,-
2022-04-28T22:00:00,4.233,-,-
2022-04-28T21:45:00,4.243,-,-
2022-04-28T21:30:00,4.250,-,-
2022-04-28T21:15:00,4.255,-,-
2022-04-28T21:00:00,4.256,-,-
2022-04-28T20:45:00,4.253,-,-
2022-04-28T20:30:00,4.245,-,-
2022-04-28T20:15:00,4.247,-,-
2022-04-28T20:00:00,4.247,-,-
2022-04-28T19:45:00,4.247,-,-
2022-04-28T19:30:00,4.248,-,-
2022-04-28T19:15:00,4.247,-,-
2022-04-28T19:00:00,4.245,-,-
2022-04-28T18:45:00,4.240,-,-
2022-04-28T18:30:00,4.225,-,-
2022-04-28T18:15:00,4.222,-,-
2022-04-28T18:00:00,4.222,-,-
2022-04-28T17:45:00,4.219,-,-
2022-04-28T17:30:00,4.220,-,-
2022-04-28T17:15:00,4.219,-,-
2022-04-28T17:00:00,4.217,-,-
2022-04-28T16:45:00,4.217,-,-
2022-04-28T16:30:00,4.215,-,-
2022-04-28T16:15:00,4.213,-,-
2022-04-28T16:00:00,4.210,-,-
2022-04-28T15:45:00,4.205,-,-
2022-04-28T15:30:00,4.199,-,-
2022-04-28T15:15:00,4.190,-,-
2022-04-28T15:00:00,4.180,-,-
2022-04-28T14:45:00,4.163,-,-
2022-04-28T14:30:00,4.138,-,-
2022-04-28T14:15:00,4.099,-,-
2022-04-28T14:00:00,4.036,-,-
2022-04-28T13:45:00,3.959,-,-
2022-04-28T13:30:00,3.903,-,-
2022-04-28T13:15:00,3.889,-,-
2022-04-28T13:00:00,3.893,-,-
2022-04-28T12:45:00,3.900,-,-
2022-04-28T12:30:00,3.908,-,-
2022-04-28T12:15:00,3.915,-,-
2022-04-28T12:00:00,3.922,-,-
2022-04-28T11:45:00,3.931,-,-
2022-04-28T11:30:00,3.940,-,-
2022-04-28T11:15:00,3.950,-,-
2022-04-28T11:00:00,3.958,-,-
2022-04-28T10:45:00,3.965,-,-
2022-04-28T10:30:00,3.971,-,-
2022-04-28T10:15:00,3.975,-,-
2022-04-28T10:00:00,3.979,-,-
2022-04-28T09:45:00,3.982,-,-
2022-04-28T09:30:00,3.985,-,-
2022-04-28T09:15:00,3.988,-,-
2022-04-28T09:00:00,3.990,-,-
2022-04-28T08:45:00,3.994,-,-
2022-04-28T08:30:00,3.997,-,-
2022-04-28T08:15:00,4.000,-,-
2022-04-28T08:00:00,4.004,-,-
2022-04-28T07:45:00,4.008,-,-
2022-04-28T07:30:00,4.012,-,-
2022-04-28T07:15:00,4.017,-,-
2022-04-28T07:00:00,4.021,-,-
2022-04-28T06:45:00,4.025,-,-
2022-04-28T06:30:00,4.029,-,-
2022-04-28T06:15:00,4.033,-,-
2022-04-28T06:00:00,4.038,-,-
2022-04-28T05:45:00,4.043,-,-
2022-04-28T05:30:00,4.048,-,-
2022-04-28T05:15:00,4.054,-,-
2022-04-28T05:00:00,4.060,-,-
2022-04-28T04:45:00,4.067,-,-
2022-04-28T04:30:00,4.074,-,-
2022-04-28T04:15:00,4.082,-,-
2022-04-28T04:00:00,4.090,-,-
2022-04-28T03:45:00,4.099,-,-
2022-04-28T03:30:00,4.107,-,-
2022-04-28T03:15:00,4.116,-,-
2022-04-28T03:00:00,4.125,-,-
2022-04-28T02:45:00,4.135,-,-
2022-04-28T02:30:00,4.145,-,-
2022-04-28T02:15:00,4.155,-,-
2022-04-28T02:00:00,4.165,-,-
2022-04-28T01:45:00,4.174,-,-
2022-04-28T01:30:00,4.185,-,-
2022-04-28T01:15:00,4.195,-,-
2022-04-28T01:00:00,4.204,-,-
2022-04-28T00:45:00,4.213,-,-
2022-04-28T00:30:00,4.221,-,-
2022-04-28T00:15:00,4.228,-,-
2022-04-28T00:00:00,4.234,-,-
2022-04-27T23:45:00,4.240,-,-
2022-04-27T23:30:00,4.244,-,-
2022-04-27T23:15:00,4.249,-,-
2022-04-27T23:00:00,4.254,-,-
2022-04-27T22:45:00,4.260,-,-
2022-04-27T22:30:00,4.265,-,-
2022-04-27T22:15:00,4.272,-,-
2022-04-27T22:00:00,4.278,-,-
2022-04-27T21:45:00,4.284,-,-
2022-04-27T21:30:00,4.292,-,-
2022-04-27T21:15:00,4.299,-,-
2022-04-27T21:00:00,4.306,-,-
2022-04-27T20:45:00,4.311,-,-
2022-04-27T20:30:00,4.314,-,-
2022-04-27T20:15:00,4.312,-,-
2022-04-27T20:00:00,4.306,-,-
2022-04-27T19:45:00,4.296,-,-
2022-04-27T19:30:00,4.286,-,-
2022-04-27T19:15:00,4.283,-,-
2022-04-27T19:00:00,4.282,-,-
2022-04-27T18:45:00,4.281,-,-
2022-04-27T18:30:00,4.282,-,-
2022-04-27T18:15:00,4.281,-,-
2022-04-27T18:00:00,4.282,-,-
2022-04-27T17:45:00,4.282,-,-
2022-04-27T17:30:00,4.284,-,-
2022-04-27T17:15:00,4.284,-,-
2022-04-27T17:00:00,4.282,-,-
2022-04-27T16:45:00,4.282,-,-
2022-04-27T16:30:00,4.280,-,-
2022-04-27T16:15:00,4.278,-,-
2022-04-27T16:00:00,4.274,-,-
2022-04-27T15:45:00,4.273,-,-
2022-04-27T15:30:00,4.273,-,-
2022-04-27T15:15:00,4.270,-,-
2022-04-27T15:00:00,4.268,-,-
2022-04-27T14:45:00,4.266,-,-
2022-04-27T14:30:00,4.264,-,-
2022-04-27T14:15:00,4.262,-,-
2022-04-27T14:00:00,4.258,-,-
2022-04-27T13:45:00,4.254,-,-
2022-04-27T13:30:00,4.245,-,-
2022-04-27T13:15:00,4.235,-,-
2022-04-27T13:00:00,4.220,-,-
2022-04-27T12:45:00,4.202,-,-
2022-04-27T12:30:00,4.174,-,-
2022-04-27T12:15:00,4.142,-,-
2022-04-27T12:00:00,4.106,-,-
2022-04-27T11:45:00,4.079,-,-
2022-04-27T11:30:00,4.070,-,-
2022-04-27T11:15:00,4.072,-,-
2022-04-27T11:00:00,4.077,-,-
2022-04-27T10:45:00,4.082,-,-
2022-04-27T10:30:00,4.085,-,-
2022-04-27T10:15:00,4.088,-,-
2022-04-27T10:00:00,4.091,-,-
2022-04-27T09:45:00,4.094,-,-
2022-04-27T09:30:00,4.097,-,-
2022-04-27T09:15:00,4.100,-,-
2022-04-27T09:00:00,4.103,-,-
2022-04-27T08:45:00,4.106,-,-
2022-04-27T08:30:00,4.110,-,-
2022-04-27T08:15:00,4.113,-,-
2022-04-27T08:00:00,4.117,-,-
2022-04-27T07:45:00,4.120,-,-
2022-04-27T07:30:00,4.123,-,-
2022-04-27T07:15:00,4.127,-,-
2022-04-27T07:00:00,4.130,-,-
2022-04-27T06:45:00,4.133,-,-
2022-04-27T06:30:00,4.136,-,-
2022-04-27T06:15:00,4.140,-,-
2022-04-27T06:00:00,4.143,-,-
2022-04-27T05:45:00,4.146,-,-
2022-04-27T05:30:00,4.150,-,-
2022-04-27T05:15:00,4.153,-,-
2022-04-27T05:00:00,4.156,-,-
2022-04-27T04:45:00,4.159,-,-
2022-04-27T04:30:00,4.162,-,-
2022-04-27T04:15:00,4.164,-,-
2022-04-27T04:00:00,4.167,-,-
2022-04-27T03:45:00,4.171,-,-
2022-04-27T03:30:00,4.174,-,-
2022-04-27T03:15:00,4.178,-,-
2022-04-27T03:00:00,4.182,-,-
2022-04-27T02:45:00,4.187,-,-
2022-04-27T02:30:00,4.191,-,-
2022-04-27T02:15:00,4.196,-,-
2022-04-27T02:00:00,4.201,-,-
2022-04-27T01:45:00,4.206,-,-
2022-04-27T01:30:00,4.211,-,-
2022-04-27T01:15:00,4.218,-,-
2022-04-27T01:00:00,4.224,-,-
2022-04-27T00:45:00,4.231,-,-
2022-04-27T00:30:00,4.239,-,-
2022-04-27T00:15:00,4.247,-,-
2022-04-27T00:00:00,4.255,-,-
2022-04-26T23:45:00,4.265,-,-
2022-04-26T23:30:00,4.276,-,-
2022-04-26T23:15:00,4.287,-,-
2022-04-26T23:00:00,4.298,-,-
2022-04-26T22:45:00,4.310,-,-
2022-04-26T22:30:00,4.324,-,-
2022-04-26T22:15:00,4.336,-,-
2022-04-26T22:00:00,4.348,-,-
2022-04-26T21:45:00,4.360,-,-
2022-04-26T21:30:00,4.369,-,-
2022-04-26T21:15:00,4.376,-,-
2022-04-26T21:00:00,4.381,-,-
2022-04-26T20:45:00,4.383,-,-
2022-04-26T20:30:00,4.383,-,-
2022-04-26T20:15:00,4.384,-,-
2022-04-26T20:00:00,4.383,-,-
2022-04-26T19:45:00,4.384,-,-
2022-04-26T19:30:00,4.383,-,-
2022-04-26T19:15:00,4.384,-,-
2022-04-26T19:00:00,4.384,-,-
2022-04-26T18:45:00,4.385,-,-
2022-04-26T18:30:00,4.384,-,-
2022-04-26T18:15:00,4.383,-,-
2022-04-26T18:00:00,4.384,-,-
2022-04-26T17:45:00,4.384,-,-
2022-04-26T17:30:00,4.384,-,-
2022-04-26T17:15:00,4.384,-,-
2022-04-26T17:00:00,4.384,-,-
2022-04-26T16:45:00,4.385,-,-
2022-04-26T16:30:00,4.384,-,-
2022-04-26T16:15:00,4.385,-,-
2022-04-26T16:00:00,4.385,-,-
2022-04-26T15:45:00,4.385,-,-
2022-04-26T15:30:00,4.386,-,-
2022-04-26T15:15:00,4.386,-,-
2022-04-26T15:00:00,4.387,-,-
2022-04-26T14:45:00,4.387,-,-
2022-04-26T14:30:00,4.385,-,-
2022-04-26T14:15:00,4.386,-,-
2022-04-26T14:00:00,4.385,-,-
2022-04-26T13:45:00,4.386,-,-
2022-04-26T13:30:00,4.387,-,-
2022-04-26T13:15:00,4.388,-,-
2022-04-26T13:00:00,4.389,-,-
2022-04-26T12:45:00,4.390,-,-
2022-04-26T12:30:00,4.392,-,-
2022-04-26T12:15:00,4.395,-,-
2022-04-26T12:00:00,4.396,-,-
2022-04-26T11:45:00,4.400,-,-
2022-04-26T11:30:00,4.405,-,-
2022-04-26T11:15:00,4.411,-,-
2022-04-26T11:00:00,4.418,-,-
2022-04-26T10:45:00,4.426,-,-
2022-04-26T10:30:00,4.435,-,-
2022-04-26T10:15:00,4.453,-,-
2022-04-26T10:00:00,4.473,-,-
2022-04-26T09:45:00,4.494,-,-
2022-04-26T09:30:00,4.517,-,-
2022-04-26T09:15:00,4.536,-,-
2022-04-26T09:00:00,4.553,-,-
2022-04-26T08:45:00,4.564,-,-
2022-04-26T08:30:00,4.573,-,-
2022-04-26T08:15:00,4.577,-,-
2022-04-26T08:00:00,4.579,-,-
2022-04-26T07:45:00,4.581,-,-
2022-04-26T07:30:00,4.580,-,-
2022-04-26T07:15:00,4.581,-,-
2022-04-26T07:00:00,4.581,-,-
2022-04-26T06:45:00,4.582,-,-
2022-04-26T06:30:00,4.583,-,-
2022-04-26T06:15:00,4.584,-,-
2022-04-26T06:00:00,4.585,-,-
2022-04-26T05:45:00,4.586,-,-
2022-04-26T05:30:00,4.588,-,-
2022-04-26T05:15:00,4.587,-,-
2022-04-26T05:00:00,4.589,-,-
2022-04-26T04:45:00,4.590,-,-
2022-04-26T04:30:00,4.592,-,-
2022-04-26T04:15:00,4.593,-,-
2022-04-26T04:00:00,4.594,-,-
2022-04-26T03:45:00,4.595,-,-
2022-04-26T03:30:00,4.597,-,-
2022-04-26T03:15:00,4.599,-,-
2022-04-26T03:00:00,4.599,-,-
2022-04-26T02:45:00,4.599,-,-
2022-04-26T02:30:00,4.601,-,-
2022-04-26T02:15:00,4.603,-,-
2022-04-26T02:00:00,4.604,-,-
2022-04-26T01:45:00,4.606,-,-
2022-04-26T01:30:00,4.608,-,-
2022-04-26T01:15:00,4.609,-,-
2022-04-26T01:00:00,4.610,-,-
2022-04-26T00:45:00,4.612,-,-
2022-04-26T00:30:00,4.615,-,-
2022-04-26T00:15:00,4.616,-,-
2022-04-26T00:00:00,4.618,-,-
2022-04-25T23:45:00,4.622,-,-
2022-04-25T23:30:00,4.624,-,-
2022-04-25T23:15:00,4.631,-,-
2022-04-25T23:00:00,4.636,-,-
2022-04-25T22:45:00,4.644,-,-
2022-04-25T22:30:00,4.653,-,-
2022-04-25T22:15:00,4.665,-,-
2022-04-25T22:00:00,4.677,-,-
2022-04-25T21:45:00,4.693,-,-
2022-04-25T21:30:00,4.709,-,-
2022-04-25T21:15:00,4.727,-,-
2022-04-25T21:00:00,4.746,-,-
2022-04-25T20:45:00,4.762,-,-
2022-04-25T20:30:00,4.773,-,-
2022-04-25T20:15:00,4.779,-,-
2022-04-25T20:00:00,4.782,-,-
2022-04-25T19:45:00,4.781,-,-
2022-04-25T19:30:00,4.780,-,-
2022-04-25T19:15:00,4.778,-,-
2022-04-25T19:00:00,4.776,-,-
2022-04-25T18:45:00,4.774,-,-
2022-04-25T18:30:00,4.771,-,-
2022-04-25T18:15:00,4.771,-,-
2022-04-25T18:00:00,4.770,-,-
2022-04-25T17:45:00,4.766,-,-
2022-04-25T17:30:00,4.767,-,-
2022-04-25T17:15:00,4.767,-,-
2022-04-25T17:00:00,4.766,-,-
2022-04-25T16:45:00,4.764,-,-
2022-04-25T16:30:00,4.762,-,-
2022-04-25T16:15:00,4.761,-,-
2022-04-25T16:00:00,4.759,-,-
2022-04-25T15:45:00,4.761,-,-
2022-04-25T15:30:00,4.761,-,-
2022-04-25T15:15:00,4.760,-,-
2022-04-25T15:00:00,4.761,-,-
2022-04-25T14:45:00,4.759,-,-
2022-04-25T14:30:00,4.760,-,-
2022-04-25T14:15:00,4.761,-,-
2022-04-25T14:00:00,4.760,-,-
2022-04-25T13:45:00,4.759,-,-
2022-04-25T13:30:00,4.760,-,-
2022-04-25T13:15:00,4.759,-,-
2022-04-25T13:00:00,4.760,-,-
2022-04-25T12:45:00,4.755,-,-
2022-04-25T12:30:00,4.760,-,-
2022-04-25T12:15:00,4.759,-,-
2022-04-25T12:00:00,4.756,-,-
2022-04-25T11:45:00,4.757,-,-
2022-04-25T11:30:00,4.753,-,-
2022-04-25T11:15:00,4.752,-,-
2022-04-25T11:00:00,4.747,-,-
2022-04-25T10:45:00,4.744,-,-
2022-04-25T10:30:00,4.738,-,-
2022-04-25T10:15:00,4.728,-,-
2022-04-25T10:00:00,4.715,-,-
2022-04-25T09:45:00,4.702,-,-
2022-04-25T09:30:00,4.687,-,-
2022-04-25T09:15:00,4.668,-,-
2022-04-25T09:00:00,4.651,-,-
2022-04-25T08:45:00,4.636,-,-
2022-04-25T08:30:00,4.627,-,-
2022-04-25T08:15:00,4.623,-,-
2022-04-25T08:00:00,4.624,-,-
2022-04-25T07:45:00,4.626,-,-
2022-04-25T07:30:00,4.629,-,-
2022-04-25T07:15:00,4.633,-,-
2022-04-25T07:00:00,4.637,-,-
2022-04-25T06:45:00,4.638,-,-
2022-04-25T06:30:00,4.640,-,-
2022-04-25T06:15:00,4.640,-,-
2022-04-25T06:00:00,4.641,-,-
2022-04-25T05:45:00,4.641,-,-
2022-04-25T05:30:00,4.642,-,-
2022-04-25T05:15:00,4.643,-,-
2022-04-25T05:00:00,4.643,-,-
2022-04-25T04:45:00,4.645,-,-
2022-04-25T04:30:00,4.645,-,-
2022-04-25T04:15:00,4.645,-,-
2022-04-25T04:00:00,4.647,-,-
2022-04-25T03:45:00,4.648,-,-
2022-04-25T03:30:00,4.649,-,-
2022-04-25T03:15:00,4.650,-,-
2022-04-25T03:00:00,4.650,-,-
2022-04-25T02:45:00,4.652,-,-
2022-04-25T02:30:00,4.652,-,-
2022-04-25T02:15:00,4.654,-,-
2022-04-25T02:00:00,4.654,-,-
2022-04-25T01:45:00,4.656,-,-
2022-04-25T01:30:00,4.657,-,-
2022-04-25T01:15:00,4.659,-,-
2022-04-25T01:00:00,4.659,-,-
2022-04-25T00:45:00,4.660,-,-
2022-04-25T00:30:00,4.661,-,-
2022-04-25T00:15:00,4.664,-,-
2022-04-25T00:00:00,4.666,-,-
2022-04-24T23:45:00,4.668,-,-
2022-04-24T23:30:00,4.671,-,-
2022-04-24T23:15:00,4.675,-,-
2022-04-24T23:00:00,4.678,-,-
2022-04-24T22:45:00,4.686,-,-
2022-04-24T22:30:00,4.694,-,-
2022-04-24T22:15:00,4.703,-,-
2022-04-24T22:00:00,4.716,-,-
2022-04-24T21:45:00,4.730,-,-
2022-04-24T21:30:00,4.745,-,-
2022-04-24T21:15:00,4.761,-,-
2022-04-24T21:00:00,4.777,-,-
2022-04-24T20:45:00,4.789,-,-
2022-04-24T20:30:00,4.801,-,-
2022-04-24T20:15:00,4.807,-,-
2022-04-24T20:00:00,4.809,-,-
2022-04-24T19:45:00,4.807,-,-
2022-04-24T19:30:00,4.806,-,-
2022-04-24T19:15:00,4.802,-,-
2022-04-24T19:00:00,4.802,-,-
2022-04-24T18:45:00,4.799,-,-
2022-04-24T18:30:00,4.799,-,-
2022-04-24T18:15:00,4.797,-,-
2022-04-24T18:00:00,4.795,-,-
2022-04-24T17:45:00,4.791,-,-
2022-04-24T17:30:00,4.793,-,-
2022-04-24T17:15:00,4.792,-,-
2022-04-24T17:00:00,4.791,-,-
2022-04-24T16:45:00,4.792,-,-
2022-04-24T16:30:00,4.789,-,-
2022-04-24T16:15:00,4.786,-,-
2022-04-24T16:00:00,4.790,-,-
2022-04-24T15:45:00,4.788,-,-
2022-04-24T15:30:00,4.787,-,-
2022-04-24T15:15:00,4.787,-,-
2022-04-24T15:00:00,4.787,-,-
2022-04-24T14:45:00,4.784,-,-
2022-04-24T14:30:00,4.782,-,-
2022-04-24T14:15:00,4.783,-,-
2022-04-24T14:00:00,4.781,-,-
2022-04-24T13:45:00,4.780,-,-
2022-04-24T13:30:00,4.779,-,-
2022-04-24T13:15:00,4.777,-,-
2022-04-24T13:00:00,4.780,-,-
2022-04-24T12:45:00,4.778,-,-
2022-04-24T12:30:00,4.777,-,-
2022-04-24T12:15:00,4.775,-,-
2022-04-24T12:00:00,4.774,-,-
2022-04-24T11:45:00,4.772,-,-
2022-04-24T11:30:00,4.770,-,-
2022-04-24T11:15:00,4.766,-,-
2022-04-24T11:00:00,4.763,-,-
2022-04-24T10:45:00,4.756,-,-
2022-04-24T10:30:00,4.749,-,-
2022-04-24T10:15:00,4.739,-,-
2022-04-24T10:00:00,4.726,-,-
2022-04-24T09:45:00,4.712,-,-
2022-04-24T09:30:00,4.696,-,-
2022-04-24T09:15:00,4.677,-,-
2022-04-24T09:00:00,4.662,-,-
2022-04-24T08:45:00,4.646,-,-
2022-04-24T08:30:00,4.637,-,-
2022-04-24T08:15:00,4.633,-,-
2022-04-24T08:00:00,4.633,-,-
2022-04-24T07:45:00,4.635,-,-
2022-04-24T07:30:00,4.638,-,-
2022-04-24T07:15:00,4.641,-,-
2022-04-24T07:00:00,4.641,-,-
2022-04-24T06:45:00,4.644,-,-
2022-04-24T06:30:00,4.648,-,-
2022-04-24T06:15:00,4.651,-,-
2022-04-24T06:00:00,4.652,-,-
2022-04-24T05:45:00,4.654,-,-
2022-04-24T05:30:00,4.657,-,-
2022-04-24T05:15:00,4.659,-,-
2022-04-24T05:00:00,4.661,-,-
2022-04-24T04:45:00,4.664,-,-
2022-04-24T04:30:00,4.666,-,-
2022-04-24T04:15:00,4.668,-,-
2022-04-24T04:00:00,4.671,-,-
2022-04-24T03:45:00,4.674,-,-
2022-04-24T03:30:00,4.675,-,-
2022-04-24T03:15:00,4.678,-,-
2022-04-24T03:00:00,4.680,-,-
2022-04-24T02:45:00,4.682,-,-
2022-04-24T02:30:00,4.685,-,-
2022-04-24T02:15:00,4.689,-,-
2022-04-24T02:00:00,4.691,-,-
2022-04-24T01:45:00,4.694,-,-
2022-04-24T01:30:00,4.697,-,-
2022-04-24T01:15:00,4.700,-,-
2022-04-24T01:00:00,4.703,-,-
2022-04-24T00:45:00,4.707,-,-
2022-04-24T00:30:00,4.710,-,-
2022-04-24T00:15:00,4.715,-,-
2022-04-24T00:00:00,4.718,-,-
2022-04-23T23:45:00,4.722,-,-
2022-04-23T23:30:00,4.728,-,-
2022-04-23T23:15:00,4.734,-,-
2022-04-23T23:00:00,4.742,-,-
2022-04-23T22:45:00,4.750,-,-
2022-04-23T22:30:00,4.761,-,-
2022-04-23T22:15:00,4.775,-,-
2022-04-23T22:00:00,4.789,-,-
2022-04-23T21:45:00,4.806,-,-
2022-04-23T21:30:00,4.825,-,-
2022-04-23T21:15:00,4.845,-,-
2022-04-23T21:00:00,4.865,-,-
2022-04-23T20:45:00,4.882,-,-
2022-04-23T20:30:00,4.897,-,-
2022-04-23T20:15:00,4.905,-,-
2022-04-23T20:00:00,4.909,-,-
2022-04-23T19:45:00,4.909,-,-
2022-04-23T19:30:00,4.909,-,-
2022-04-23T19:15:00,4.909,-,-
2022-04-23T19:00:00,4.909,-,-
2022-04-23T18:45:00,4.907,-,-
2022-04-23T18:30:00,4.908,-,-
2022-04-23T18:15:00,4.908,-,-
2022-04-23T18:00:00,4.907,-,-
2022-04-23T17:45:00,4.907,-,-
2022-04-23T17:30:00,4.908,-,-
2022-04-23T17:15:00,4.906,-,-
2022-04-23T17:00:00,4.907,-,-
2022-04-23T16:45:00,4.906,-,-
2022-04-23T16:30:00,4.907,-,-
2022-04-23T16:15:00,4.907,-,-
2022-04-23T16:00:00,4.907,-,-
2022-04-23T15:45:00,4.906,-,-
2022-04-23T15:30:00,4.906,-,-
2022-04-23T15:15:00,4.906,-,-
2022-04-23T15:00:00,4.903,-,-
2022-04-23T14:45:00,4.901,-,-
2022-04-23T14:30:00,4.899,-,-
2022-04-23T14:15:00,4.897,-,-
2022-04-23T14:00:00,4.893,-,-
2022-04-23T13:45:00,4.891,-,-
2022-04-23T13:30:00,4.886,-,-
2022-04-23T13:15:00,4.885,-,-
2022-04-23T13:00:00,4.882,-,-
2022-04-23T12:45:00,4.878,-,-
2022-04-23T12:30:00,4.874,-,-
2022-04-23T12:15:00,4.869,-,-
2022-04-23T12:00:00,4.864,-,-
2022-04-23T11:45:00,4.856,-,-
2022-04-23T11:30:00,4.848,-,-
2022-04-23T11:15:00,4.837,-,-
2022-04-23T11:00:00,4.823,-,-
2022-04-23T10:45:00,4.803,-,-
2022-04-23T10:30:00,4.785,-,-
2022-04-23T10:15:00,4.764,-,-
2022-04-23T10:00:00,4.743,-,-
2022-04-23T09:45:00,4.725,-,-
2022-04-23T09:30:00,4.714,-,-
2022-04-23T09:15:00,4.710,-,-
2022-04-23T09:00:00,4.708,-,-
2022-04-23T08:45:00,4.711,-,-
2022-04-23T08:30:00,4.712,-,-
2022-04-23T08:15:00,4.712,-,-
2022-04-23T08:00:00,4.712,-,-
2022-04-23T07:45:00,4.714,-,-
2022-04-23T07:30:00,4.715,-,-
2022-04-23T07:15:00,4.714,-,-
2022-04-23T07:00:00,4.716,-,-
2022-04-23T06:45:00,4.713,-,-
2022-04-23T06:30:00,4.712,-,-
2022-04-23T06:15:00,4.711,-,-
2022-04-23T06:00:00,4.709,-,-
2022-04-23T05:45:00,4.707,-,-
2022-04-23T05:30:00,4.706,-,-
2022-04-23T05:15:00,4.705,-,-
2022-04-23T05:00:00,4.703,-,-
2022-04-23T04:45:00,4.702,-,-
2022-04-23T04:30:00,4.700,-,-
2022-04-23T04:15:00,4.698,-,-
2022-04-23T04:00:00,4.696,-,-
2022-04-23T03:45:00,4.695,-,-
2022-04-23T03:30:00,4.692,-,-
2022-04-23T03:15:00,4.691,-,-
2022-04-23T03:00:00,4.690,-,-
2022-04-23T02:45:00,4.688,-,-
2022-04-23T02:30:00,4.687,-,-
2022-04-23T02:15:00,4.685,-,-
2022-04-23T02:00:00,4.685,-,-
2022-04-23T01:45:00,4.683,-,-
2022-04-23T01:30:00,4.681,-,-
2022-04-23T01:15:00,4.680,-,-
2022-04-23T01:00:00,4.679,-,-
2022-04-23T00:45:00,4.679,-,-
2022-04-23T00:30:00,4.678,-,-
2022-04-23T00:15:00,4.680,-,-
2022-04-23T00:00:00,4.681,-,-
2022-05-06T23:45:00,4.184,-,-
2022-05-06T23:30:00,4.197,-,-
2022-05-06T23:15:00,4.210,-,-
2022-05-06T23:00:00,4.225,-,-
2022-05-06T22:45:00,4.239,-,-
2022-05-06T22:30:00,4.254,-,-
2022-05-06T22:15:00,4.268,-,-
2022-05-06T22:00:00,4.282,-,-
2022-05-06T21:45:00,4.292,-,-
2022-05-06T21:30:00,4.301,-,-
2022-05-06T21:15:00,4.307,-,-
2022-05-06T21:00:00,4.312,-,-
2022-05-06T20:45:00,4.315,-,-
2022-05-06T20:30:00,4.317,-,-
2022-05-06T20:15:00,4.316,-,-
2022-05-06T20:00:00,4.317,-,-
2022-05-06T19:45:00,4.318,-,-
2022-05-06T19:30:00,4.320,-,-
2022-05-06T19:15:00,4.321,-,-
2022-05-06T19:00:00,4.319,-,-
2022-05-06T18:45:00,4.319,-,-
2022-05-06T18:30:00,4.315,-,-
2022-05-06T18:15:00,4.311,-,-
2022-05-06T18:00:00,4.309,-,-
2022-05-06T17:45:00,4.308,-,-
2022-05-06T17:30:00,4.308,-,-
2022-05-06T17:15:00,4.307,-,-
2022-05-06T17:00:00,4.301,-,-
2022-05-06T16:45:00,4.287,-,-
2022-05-06T16:30:00,4.288,-,-
2022-05-06T16:15:00,4.290,-,-
2022-05-06T16:00:00,4.292,-,-
2022-05-06T15:45:00,4.295,-,-
2022-05-06T15:30:00,4.298,-,-
2022-05-06T15:15:00,4.300,-,-
2022-05-06T15:00:00,4.302,-,-
2022-05-06T14:45:00,4.302,-,-
2022-05-06T14:30:00,4.302,-,-
2022-05-06T14:15:00,4.301,-,-
2022-05-06T14:00:00,4.300,-,-
2022-05-06T13:45:00,4.298,-,-
2022-05-06T13:30:00,4.295,-,-
2022-05-06T13:15:00,4.291,-,-
2022-05-06T13:00:00,4.284,-,-
2022-05-06T12:45:00,4.274,-,-
2022-05-06T12:30:00,4.262,-,-
2022-05-06T12:15:00,4.245,-,-
2022-05-06T12:00:00,4.226,-,-
2022-05-06T11:45:00,4.203,-,-
2022-05-06T11:30:00,4.179,-,-
2022-05-06T11:15:00,4.152,-,-
2022-05-06T11:00:00,4.129,-,-
2022-05-06T10:45:00,4.112,-,-
2022-05-06T10:30:00,4.104,-,-
2022-05-06T10:15:00,4.102,-,-
2022-05-06T10:00:00,4.104,-,-
2022-05-06T09:45:00,4.107,-,-
2022-05-06T09:30:00,4.111,-,-
2022-05-06T09:15:00,4.115,-,-
2022-05-06T09:00:00,4.120,-,-
2022-05-06T08:45:00,4.124,-,-
2022-05-06T08:30:00,4.128,-,-
2022-05-06T08:15:00,4.133,-,-
2022-05-06T08:00:00,4.137,-,-
2022-05-06T07:45:00,4.141,-,-
2022-05-06T07:30:00,4.146,-,-
2022-05-06T07:15:00,4.151,-,-
2022-05-06T07:00:00,4.156,-,-
2022-05-06T06:45:00,4.161,-,-
2022-05-06T06:30:00,4.165,-,-
2022-05-06T06:15:00,4.170,-,-
2022-05-06T06:00:00,4.174,-,-
2022-05-06T05:45:00,4.178,-,-
2022-05-06T05:30:00,4.183,-,-
2022-05-06T05:15:00,4.188,-,-
2022-05-06T05:00:00,4.193,-,-
2022-05-06T04:45:00,4.198,-,-
2022-05-06T04:30:00,4.202,-,-
2022-05-06T04:15:00,4.207,-,-
2022-05-06T04:00:00,4.212,-,-
2022-05-06T03:45:00,4.217,-,-
2022-05-06T03:30:00,4.222,-,-
2022-05-06T03:15:00,4.228,-,-
2022-05-06T03:00:00,4.233,-,-
2022-05-06T02:45:00,4.238,-,-
2022-05-06T02:30:00,4.244,-,-
2022-05-06T02:15:00,4.250,-,-
2022-05-06T02:00:00,4.255,-,-
2022-05-06T01:45:00,4.262,-,-
2022-05-06T01:30:00,4.268,-,-
2022-05-06T01:15:00,4.275,-,-
2022-05-06T01:00:00,4.282,-,-
2022-05-06T00:45:00,4.289,-,-
2022-05-06T00:30:00,4.296,-,-
2022-05-06T00:15:00,4.304,-,-
2022-05-06T00:00:00,4.313,-,-
2022-05-05T23:45:00,4.323,-,-
2022-05-05T23:30:00,4.333,-,-
2022-05-05T23:15:00,4.344,-,-
2022-05-05T23:00:00,4.355,-,-
2022-05-05T22:45:00,4.368,-,-
2022-05-05T22:30:00,4.381,-,-
2022-05-05T22:15:00,4.394,-,-
2022-05-05T22:00:00,4.405,-,-
2022-05-05T21:45:00,4.416,-,-
2022-05-05T21:30:00,4.424,-,-
2022-05-05T21:15:00,4.431,-,-
2022-05-05T21:00:00,4.435,-,-
2022-05-05T20:45:00,4.438,-,-
2022-05-05T20:30:00,4.440,-,-
2022-05-05T20:15:00,4.441,-,-
2022-05-05T20:00:00,4.442,-,-
2022-05-05T19:45:00,4.442,-,-
2022-05-05T19:30:00,4.443,-,-
2022-05-05T19:15:00,4.443,-,-
2022-05-05T19:00:00,4.444,-,-
2022-05-05T18:45:00,4.445,-,-
2022-05-05T18:30:00,4.446,-,-
2022-05-05T18:15:00,4.446,-,-
2022-05-05T18:00:00,4.447,-,-
2022-05-05T17:45:00,4.447,-,-
2022-05-05T17:30:00,4.448,-,-
2022-05-05T17:15:00,4.449,-,-
2022-05-05T17:00:00,4.451,-,-
2022-05-05T16:45:00,4.452,-,-
2022-05-05T16:30:00,4.453,-,-
2022-05-05T16:15:00,4.454,-,-
2022-05-05T16:00:00,4.454,-,-
2022-05-05T15:45:00,4.457,-,-
2022-05-05T15:30:00,4.458,-,-
2022-05-05T15:15:00,4.459,-,-
2022-05-05T15:00:00,4.460,-,-
2022-05-05T14:45:00,4.461,-,-
2022-05-05T14:30:00,4.462,-,-
2022-05-05T14:15:00,4.463,-,-
2022-05-05T14:00:00,4.462,-,-
2022-05-05T13:45:00,4.463,-,-
2022-05-05T13:30:00,4.462,-,-
2022-05-05T13:15:00,4.462,-,-
2022-05-05T13:00:00,4.461,-,-
2022-05-05T12:45:00,4.459,-,-
2022-05-05T12:30:00,4.457,-,-
2022-05-05T12:15:00,4.454,-,-
2022-05-05T12:00:00,4.449,-,-
2022-05-05T11:45:00,4.441,-,-
2022-05-05T11:30:00,4.432,-,-
2022-05-05T11:15:00,4.424,-,-
2022-05-05T11:00:00,4.415,-,-
2022-05-05T10:45:00,4.407,-,-
2022-05-05T10:30:00,4.401,-,-
2022-05-05T10:15:00,4.399,-,-
2022-05-05T10:00:00,4.401,-,-
2022-05-05T09:45:00,4.406,-,-
2022-05-05T09:30:00,4.411,-,-
2022-05-05T09:15:00,4.417,-,-
2022-05-05T09:00:00,4.422,-,-
2022-05-05T08:45:00,4.427,-,-
2022-05-05T08:30:00,4.434,-,-
2022-05-05T08:15:00,4.442,-,-
2022-05-05T08:00:00,4.449,-,-
2022-05-05T07:45:00,4.457,-,-
2022-05-05T07:30:00,4.463,-,-
2022-05-05T07:15:00,4.468,-,-
2022-05-05T07:00:00,4.472,-,-
2022-05-05T06:45:00,4.475,-,-
2022-05-05T06:30:00,4.479,-,-
2022-05-05T06:15:00,4.483,-,-
2022-05-05T06:00:00,4.486,-,-
2022-05-05T05:45:00,4.490,-,-
2022-05-05T05:30:00,4.494,-,-
2022-05-05T05:15:00,4.498,-,-
2022-05-05T05:00:00,4.502,-,-
2022-05-05T04:45:00,4.506,-,-
2022-05-05T04:30:00,4.509,-,-
2022-05-05T04:15:00,4.513,-,-
2022-05-05T04:00:00,4.517,-,-
2022-05-05T03:45:00,4.521,-,-
2022-05-05T03:30:00,4.525,-,-
2022-05-05T03:15:00,4.530,-,-
2022-05-05T03:00:00,4.534,-,-
2022-05-05T02:45:00,4.538,-,-
2022-05-05T02:30:00,4.542,-,-
2022-05-05T02:15:00,4.546,-,-
2022-05-05T02:00:00,4.550,-,-
2022-05-05T01:45:00,4.554,-,-
2022-05-05T01:30:00,4.558,-,-
2022-05-05T01:15:00,4.563,-,-
2022-05-05T01:00:00,4.568,-,-
2022-05-05T00:45:00,4.573,-,-
2022-05-05T00:30:00,4.578,-,-
2022-05-05T00:15:00,4.583,-,-
2022-05-05T00:00:00,4.589,-,-
2022-05-04T23:45:00,4.597,-,-
2022-05-04T23:30:00,4.604,-,-
2022-05-04T23:15:00,4.614,-,-
2022-05-04T23:00:00,4.625,-,-
2022-05-04T22:45:00,4.639,-,-
2022-05-04T22:30:00,4.658,-,-
2022-05-04T22:15:00,4.679,-,-
2022-05-04T22:00:00,4.703,-,-
2022-05-04T21:45:00,4.731,-,-
2022-05-04T21:30:00,4.759,-,-
2022-05-04T21:15:00,4.787,-,-
2022-05-04T21:00:00,4.815,-,-
2022-05-04T20:45:00,4.836,-,-
2022-05-04T20:30:00,4.852,-,-
2022-05-04T20:15:00,4.860,-,-
2022-05-04T20:00:00,4.861,-,-
2022-05-04T19:45:00,4.859,-,-
2022-05-04T19:30:00,4.853,-,-
2022-05-04T19:15:00,4.847,-,-
2022-05-04T19:00:00,4.844,-,-
2022-05-04T18:45:00,4.838,-,-
2022-05-04T18:30:00,4.833,-,-
2022-05-04T18:15:00,4.828,-,-
2022-05-04T18:00:00,4.822,-,-
2022-05-04T17:45:00,4.817,-,-
2022-05-04T17:30:00,4.810,-,-
2022-05-04T17:15:00,4.807,-,-
2022-05-04T17:00:00,4.803,-,-
2022-05-04T16:45:00,4.798,-,-
2022-05-04T16:30:00,4.793,-,-
2022-05-04T16:15:00,4.789,-,-
2022-05-04T16:00:00,4.783,-,-
2022-05-04T15:45:00,4.779,-,-
2022-05-04T15:30:00,4.775,-,-
2022-05-04T15:15:00,4.769,-,-
2022-05-04T15:00:00,4.765,-,-
2022-05-04T14:45:00,4.760,-,-
2022-05-04T14:30:00,4.752,-,-
2022-05-04T14:15:00,4.749,-,-
2022-05-04T14:00:00,4.744,-,-
2022-05-04T13:45:00,4.739,-,-
2022-05-04T13:30:00,4.731,-,-
2022-05-04T13:15:00,4.724,-,-
2022-05-04T13:00:00,4.717,-,-
2022-05-04T12:45:00,4.709,-,-
2022-05-04T12:30:00,4.697,-,-
2022-05-04T12:15:00,4.684,-,-
2022-05-04T12:00:00,4.667,-,-
2022-05-04T11:45:00,4.643,-,-
2022-05-04T11:30:00,4.610,-,-
2022-05-04T11:15:00,4.567,-,-
2022-05-04T11:00:00,4.512,-,-
2022-05-04T10:45:00,4.438,-,-
2022-05-04T10:30:00,4.357,-,-
2022-05-04T10:15:00,4.277,-,-
2022-05-04T10:00:00,4.233,-,-
2022-05-04T09:45:00,4.224,-,-
2022-05-04T09:30:00,4.226,-,-
2022-05-04T09:15:00,4.231,-,-
2022-05-04T09:00:00,4.234,-,-
2022-05-04T08:45:00,4.239,-,-
2022-05-04T08:30:00,4.243,-,-
2022-05-04T08:15:00,4.248,-,-
2022-05-04T08:00:00,4.252,-,-
2022-05-04T07:45:00,4.257,-,-
2022-05-04T07:30:00,4.262,-,-
2022-05-04T07:15:00,4.266,-,-
2022-05-04T07:00:00,4.270,-,-
2022-05-04T06:45:00,4.275,-,-
2022-05-04T06:30:00,4.280,-,-
2022-05-04T06:15:00,4.284,-,-
2022-05-04T06:00:00,4.288,-,-
2022-05-04T05:45:00,4.292,-,-
2022-05-04T05:30:00,4.297,-,-
2022-05-04T05:15:00,4.301,-,-
2022-05-04T05:00:00,4.306,-,-
2022-05-04T04:45:00,4.310,-,-
2022-05-04T04:30:00,4.315,-,-
2022-05-04T04:15:00,4.319,-,-
2022-05-04T04:00:00,4.325,-,-
2022-05-04T03:45:00,4.330,-,-
2022-05-04T03:30:00,4.334,-,-
2022-05-04T03:15:00,4.339,-,-
2022-05-04T03:00:00,4.344,-,-
2022-05-04T02:45:00,4.349,-,-
2022-05-04T02:30:00,4.354,-,-
2022-05-04T02:15:00,4.359,-,-
2022-05-04T02:00:00,4.364,-,-
2022-05-04T01:45:00,4.369,-,-
2022-05-04T01:30:00,4.374,-,-
2022-05-04T01:15:00,4.380,-,-
2022-05-04T01:00:00,4.386,-,-
2022-05-04T00:45:00,4.392,-,-
2022-05-04T00:30:00,4.399,-,-
2022-05-04T00:15:00,4.406,-,-
2022-05-04T00:00:00,4.412,-,-
2022-05-03T23:45:00,4.419,-,-
2022-05-03T23:30:00,4.427,-,-
2022-05-03T23:15:00,4.436,-,-
2022-05-03T23:00:00,4.446,-,-
2022-05-03T22:45:00,4.457,-,-
2022-05-03T22:30:00,4.467,-,-
2022-05-03T22:15:00,4.478,-,-
2022-05-03T22:00:00,4.489,-,-
2022-05-03T21:45:00,4.499,-,-
2022-05-03T21:30:00,4.507,-,-
2022-05-03T21:15:00,4.513,-,-
2022-05-03T21:00:00,4.519,-,-
2022-05-03T20:45:00,4.522,-,-
2022-05-03T20:30:00,4.524,-,-
2022-05-03T20:15:00,4.525,-,-
2022-05-03T20:00:00,4.526,-,-
2022-05-03T19:45:00,4.526,-,-
2022-05-03T19:30:00,4.527,-,-
2022-05-03T19:15:00,4.527,-,-
2022-05-03T19:00:00,4.528,-,-
2022-05-03T18:45:00,4.527,-,-
2022-05-03T18:30:00,4.528,-,-
2022-05-03T18:15:00,4.528,-,-
2022-05-03T18:00:00,4.528,-,-
2022-05-03T17:45:00,4.529,-,-
2022-05-03T17:30:00,4.529,-,-
2022-05-03T17:15:00,4.530,-,-
2022-05-03T17:00:00,4.530,-,-
2022-05-03T16:45:00,4.530,-,-
2022-05-03T16:30:00,4.531,-,-
2022-05-03T16:15:00,4.532,-,-
2022-05-03T16:00:00,4.532,-,-
2022-05-03T15:45:00,4.532,-,-
2022-05-03T15:30:00,4.532,-,-
2022-05-03T15:15:00,4.532,-,-
2022-05-03T15:00:00,4.533,-,-
2022-05-03T14:45:00,4.533,-,-
2022-05-03T14:30:00,4.534,-,-
2022-05-03T14:15:00,4.535,-,-
2022-05-03T14:00:00,4.536,-,-
2022-05-03T13:45:00,4.537,-,-
2022-05-03T13:30:00,4.537,-,-
2022-05-03T13:15:00,4.537,-,-
2022-05-03T13:00:00,4.538,-,-
2022-05-03T12:45:00,4.539,-,-
2022-05-03T12:30:00,4.541,-,-
2022-05-03T12:15:00,4.543,-,-
2022-05-03T12:00:00,4.543,-,-
2022-05-03T11:45:00,4.545,-,-
2022-05-03T11:30:00,4.548,-,-
2022-05-03T11:15:00,4.546,-,-
2022-05-03T11:00:00,4.543,-,-
2022-05-03T10:45:00,4.549,-,-
2022-05-03T10:30:00,4.559,-,-
2022-05-03T10:15:00,4.570,-,-
2022-05-03T10:00:00,4.585,-,-
2022-05-03T09:45:00,4.603,-,-
2022-05-03T09:30:00,4.622,-,-
2022-05-03T09:15:00,4.643,-,-
2022-05-03T09:00:00,4.666,-,-
2022-05-03T08:45:00,4.689,-,-
2022-05-03T08:30:00,4.706,-,-
2022-05-03T08:15:00,4.722,-,-
2022-05-03T08:00:00,4.731,-,-
2022-05-03T07:45:00,4.737,-,-
2022-05-03T07:30:00,4.740,-,-
2022-05-03T07:15:00,4.742,-,-
2022-05-03T07:00:00,4.744,-,-
2022-05-03T06:45:00,4.745,-,-
2022-05-03T06:30:00,4.747,-,-
2022-05-03T06:15:00,4.749,-,-
2022-05-03T06:00:00,4.751,-,-
2022-05-03T05:45:00,4.752,-,-
2022-05-03T05:30:00,4.754,-,-
2022-05-03T05:15:00,4.756,-,-
2022-05-03T05:00:00,4.758,-,-
2022-05-03T04:45:00,4.759,-,-
2022-05-03T04:30:00,4.761,-,-
2022-05-03T04:15:00,4.763,-,-
2022-05-03T04:00:00,4.766,-,-
2022-05-03T03:45:00,4.768,-,-
2022-05-03T03:30:00,4.769,-,-
2022-05-03T03:15:00,4.771,-,-
2022-05-03T03:00:00,4.773,-,-
2022-05-03T02:45:00,4.774,-,-
2022-05-03T02:30:00,4.777,-,-
2022-05-03T02:15:00,4.779,-,-
2022-05-03T02:00:00,4.781,-,-
2022-05-03T01:45:00,4.783,-,-
2022-05-03T01:30:00,4.786,-,-
2022-05-03T01:15:00,4.788,-,-
2022-05-03T01:00:00,4.790,-,-
2022-05-03T00:45:00,4.791,-,-
2022-05-03T00:30:00,4.795,-,-
2022-05-03T00:15:00,4.797,-,-
2022-05-03T00:00:00,4.800,-,-
2022-05-02T23:45:00,4.804,-,-
2022-05-02T23:30:00,4.806,-,-
2022-05-02T23:15:00,4.812,-,-
2022-05-02T23:00:00,4.815,-,-
2022-05-02T22:45:00,4.822,-,-
2022-05-02T22:30:00,4.830,-,-
2022-05-02T22:15:00,4.839,-,-
2022-05-02T22:00:00,4.849,-,-
2022-05-02T21:45:00,4.861,-,-
2022-05-02T21:30:00,4.875,-,-
2022-05-02T21:15:00,4.888,-,-
2022-05-02T21:00:00,4.903,-,-
2022-05-02T20:45:00,4.913,-,-
2022-05-02T20:30:00,4.925,-,-
2022-05-02T20:15:00,4.929,-,-
2022-05-02T20:00:00,4.932,-,-
2022-05-02T19:45:00,4.932,-,-
2022-05-02T19:30:00,4.931,-,-
2022-05-02T19:15:00,4.931,-,-
2022-05-02T19:00:00,4.931,-,-
2022-05-02T18:45:00,4.929,-,-
2022-05-02T18:30:00,4.929,-,-
2022-05-02T18:15:00,4.929,-,-
2022-05-02T18:00:00,4.928,-,-
2022-05-02T17:45:00,4.927,-,-
2022-05-02T17:30:00,4.928,-,-
2022-05-02T17:15:00,4.925,-,-
2022-05-02T17:00:00,4.925,-,-
2022-05-02T16:45:00,4.924,-,-
2022-05-02T16:30:00,4.925,-,-
2022-05-02T16:15:00,4.924,-,-
2022-05-02T16:00:00,4.923,-,-
2022-05-02T15:45:00,4.924,-,-
2022-05-02T15:30:00,4.922,-,-
2022-05-02T15:15:00,4.921,-,-
2022-05-02T15:00:00,4.922,-,-
2022-05-02T14:45:00,4.921,-,-
2022-05-02T14:30:00,4.919,-,-
2022-05-02T14:15:00,4.921,-,-
2022-05-02T14:00:00,4.920,-,-
2022-05-02T13:45:00,4.919,-,-
2022-05-02T13:30:00,4.919,-,-
2022-05-02T13:15:00,4.919,-,-
2022-05-02T13:00:00,4.917,-,-
2022-05-02T12:45:00,4.917,-,-
2022-05-02T12:30:00,4.917,-,-
2022-05-02T12:15:00,4.916,-,-
2022-05-02T12:00:00,4.915,-,-
2022-05-02T11:45:00,4.913,-,-
2022-05-02T11:30:00,4.911,-,-
2022-05-02T11:15:00,4.909,-,-
2022-05-02T11:00:00,4.902,-,-
2022-05-02T10:45:00,4.899,-,-
2022-05-02T10:30:00,4.892,-,-
2022-05-02T10:15:00,4.884,-,-
2022-05-02T10:00:00,4.873,-,-
2022-05-02T09:45:00,4.861,-,-
2022-05-02T09:30:00,4.845,-,-
2022-05-02T09:15:00,4.830,-,-
2022-05-02T09:00:00,4.813,-,-
2022-05-02T08:45:00,4.800,-,-
2022-05-02T08:30:00,4.793,-,-
2022-05-02T08:15:00,4.791,-,-
2022-05-02T08:00:00,4.791,-,-
2022-05-02T07:45:00,4.793,-,-
2022-05-02T07:30:00,4.800,-,-
2022-05-02T07:15:00,4.803,-,-
2022-05-02T07:00:00,4.803,-,-
2022-05-02T06:45:00,4.804,-,-
2022-05-02T06:30:00,4.804,-,-
2022-05-02T06:15:00,4.804,-,-
2022-05-02T06:00:00,4.805,-,-
2022-05-02T05:45:00,4.807,-,-
2022-05-02T05:30:00,4.808,-,-
2022-05-02T05:15:00,4.809,-,-
2022-05-02T05:00:00,4.809,-,-
2022-05-02T04:45:00,4.811,-,-
2022-05-02T04:30:00,4.811,-,-
2022-05-02T04:15:00,4.812,-,-
2022-05-02T04:00:00,4.814,-,-
2022-05-02T03:45:00,4.814,-,-
2022-05-02T03:30:00,4.814,-,-
2022-05-02T03:15:00,4.816,-,-
2022-05-02T03:00:00,4.817,-,-
2022-05-02T02:45:00,4.814,-,-
2022-05-02T02:30:00,4.813,-,-
2022-05-02T02:15:00,4.812,-,-
2022-05-02T02:00:00,4.808,-,-
2022-05-02T01:45:00,4.808,-,-
2022-05-02T01:30:00,4.811,-,-
2022-05-02T01:15:00,4.814,-,-
2022-05-02T01:00:00,4.815,-,-
2022-05-02T00:45:00,4.819,-,-
2022-05-02T00:30:00,4.819,-,-
2022-05-02T00:15:00,4.820,-,-
2022-05-02T00:00:00,4.822,-,-
2022-05-01T23:45:00,4.823,-,-
2022-05-01T23:30:00,4.825,-,-
2022-05-01T23:15:00,4.828,-,-
2022-05-01T23:00:00,4.832,-,-
2022-05-01T22:45:00,4.837,-,-
2022-05-01T22:30:00,4.843,-,-
2022-05-01T22:15:00,4.851,-,-
2022-05-01T22:00:00,4.861,-,-
2022-05-01T21:45:00,4.871,-,-
2022-05-01T21:30:00,4.884,-,-
2022-05-01T21:15:00,4.898,-,-
2022-05-01T21:00:00,4.910,-,-
2022-05-01T20:45:00,4.918,-,-
2022-05-01T20:30:00,4.926,-,-
2022-05-01T20:15:00,4.930,-,-
2022-05-01T20:00:00,4.930,-,-
2022-05-01T19:45:00,4.927,-,-
2022-05-01T19:30:00,4.926,-,-
2022-05-01T19:15:00,4.923,-,-
2022-05-01T19:00:00,4.920,-,-
2022-05-01T18:45:00,4.918,-,-
2022-05-01T18:30:00,4.919,-,-
2022-05-01T18:15:00,4.918,-,-
2022-05-01T18:00:00,4.915,-,-
2022-05-01T17:45:00,4.914,-,-
2022-05-01T17:30:00,4.912,-,-
2022-05-01T17:15:00,4.911,-,-
2022-05-01T17:00:00,4.908,-,-
2022-05-01T16:45:00,4.906,-,-
2022-05-01T16:30:00,4.906,-,-
2022-05-01T16:15:00,4.905,-,-
2022-05-01T16:00:00,4.901,-,-
2022-05-01T15:45:00,4.899,-,-
2022-05-01T15:30:00,4.896,-,-
2022-05-01T15:15:00,4.893,-,-
2022-05-01T15:00:00,4.891,-,-
2022-05-01T14:45:00,4.888,-,-
2022-05-01T14:30:00,4.887,-,-
2022-05-01T14:15:00,4.885,-,-
2022-05-01T14:00:00,4.883,-,-
2022-05-01T13:45:00,4.882,-,-
2022-05-01T13:30:00,4.880,-,-
2022-05-01T13:15:00,4.880,-,-
2022-05-01T13:00:00,4.879,-,-
2022-05-01T12:45:00,4.878,-,-
2022-05-01T12:30:00,4.876,-,-
2022-05-01T12:15:00,4.877,-,-
2022-05-01T12:00:00,4.875,-,-
2022-05-01T11:45:00,4.873,-,-
2022-05-01T11:30:00,4.871,-,-
2022-05-01T11:15:00,4.867,-,-
2022-05-01T11:00:00,4.861,-,-
2022-05-01T10:45:00,4.855,-,-
2022-05-01T10:30:00,4.848,-,-
2022-05-01T10:15:00,4.839,-,-
2022-05-01T10:00:00,4.829,-,-
2022-05-01T09:45:00,4.818,-,-
2022-05-01T09:30:00,4.801,-,-
2022-05-01T09:15:00,4.788,-,-
2022-05-01T09:00:00,4.771,-,-
2022-05-01T08:45:00,4.758,-,-
2022-05-01T08:30:00,4.748,-,-
2022-05-01T08:15:00,4.745,-,-
2022-05-01T08:00:00,4.743,-,-
2022-05-01T07:45:00,4.747,-,-
2022-05-01T07:30:00,4.748,-,-
2022-05-01T07:15:00,4.749,-,-
2022-05-01T07:00:00,4.751,-,-
2022-05-01T06:45:00,4.752,-,-
2022-05-01T06:30:00,4.754,-,-
2022-05-01T06:15:00,4.757,-,-
2022-05-01T06:00:00,4.759,-,-
2022-05-01T05:45:00,4.760,-,-
2022-05-01T05:30:00,4.764,-,-
2022-05-01T05:15:00,4.765,-,-
2022-05-01T05:00:00,4.767,-,-
2022-05-01T04:45:00,4.770,-,-
2022-05-01T04:30:00,4.772,-,-
2022-05-01T04:15:00,4.775,-,-
2022-05-01T04:00:00,4.777,-,-
2022-05-01T03:45:00,4.779,-,-
2022-05-01T03:30:00,4.782,-,-
2022-05-01T03:15:00,4.786,-,-
2022-05-01T03:00:00,4.788,-,-
2022-05-01T02:45:00,4.790,-,-
2022-05-01T02:30:00,4.793,-,-
2022-05-01T02:15:00,4.796,-,-
2022-05-01T02:00:00,4.800,-,-
2022-05-01T01:45:00,4.804,-,-
2022-05-01T01:30:00,4.808,-,-
2022-05-01T01:15:00,4.808,-,-
2022-05-01T01:00:00,4.807,-,-
2022-05-01T00:45:00,4.803,-,-
2022-05-01T00:30:00,4.795,-,-
2022-05-01T00:15:00,4.795,-,-
2022-05-01T00:00:00,4.798,-,-
2022-04-30T23:45:00,4.802,-,-
2022-04-30T23:30:00,4.809,-,-
2022-04-30T23:15:00,4.814,-,-
2022-04-30T23:00:00,4.822,-,-
2022-04-30T22:45:00,4.833,-,-
2022-04-30T22:30:00,4.843,-,-
2022-04-30T22:15:00,4.857,-,-
2022-04-30T22:00:00,4.875,-,-
2022-04-30T21:45:00,4.894,-,-
2022-04-30T21:30:00,4.913,-,-
2022-04-30T21:15:00,4.934,-,-
2022-04-30T21:00:00,4.956,-,-
2022-04-30T20:45:00,4.979,-,-
2022-04-30T20:30:00,4.994,-,-
2022-04-30T20:15:00,5.004,-,-
2022-04-30T20:00:00,5.012,-,-
2022-04-30T19:45:00,5.016,-,-
2022-04-30T19:30:00,5.015,-,-
2022-04-30T19:15:00,5.014,-,-
2022-04-30T19:00:00,5.014,-,-
2022-04-30T18:45:00,5.012,-,-
2022-04-30T18:30:00,5.010,-,-
2022-04-30T18:15:00,5.008,-,-
2022-04-30T18:00:00,5.006,-,-
2022-04-30T17:45:00,5.005,-,-
2022-04-30T17:30:00,5.001,-,-
2022-04-30T17:15:00,4.999,-,-
2022-04-30T17:00:00,4.997,-,-
2022-04-30T16:45:00,4.994,-,-
2022-04-30T16:30:00,4.992,-,-
2022-04-30T16:15:00,4.989,-,-
2022-04-30T16:00:00,4.984,-,-
2022-04-30T15:45:00,4.981,-,-
2022-04-30T15:30:00,4.978,-,-
2022-04-30T15:15:00,4.977,-,-
2022-04-30T15:00:00,4.973,-,-
2022-04-30T14:45:00,4.968,-,-
2022-04-30T14:30:00,4.968,-,-
2022-04-30T14:15:00,4.963,-,-
2022-04-30T14:00:00,4.960,-,-
2022-04-30T13:45:00,4.958,-,-
2022-04-30T13:30:00,4.955,-,-
2022-04-30T13:15:00,4.951,-,-
2022-04-30T13:00:00,4.946,-,-
2022-04-30T12:45:00,4.943,-,-
2022-04-30T12:30:00,4.939,-,-
2022-04-30T12:15:00,4.934,-,-
2022-04-30T12:00:00,4.930,-,-
2022-04-30T11:45:00,4.924,-,-
2022-04-30T11:30:00,4.917,-,-
2022-04-30T11:15:00,4.908,-,-
2022-04-30T11:00:00,4.900,-,-
2022-04-30T10:45:00,4.887,-,-
2022-04-30T10:30:00,4.869,-,-
2022-04-30T10:15:00,4.851,-,-
2022-04-30T10:00:00,4.825,-,-
2022-04-30T09:45:00,4.797,-,-
2022-04-30T09:30:00,4.765,-,-
2022-04-30T09:15:00,4.735,-,-
2022-04-30T09:00:00,4.708,-,-
2022-04-30T08:45:00,4.686,-,-
2022-04-30T08:30:00,4.676,-,-
2022-04-30T08:15:00,4.673,-,-
2022-04-30T08:00:00,4.674,-,-
2022-04-30T07:45:00,4.681,-,-
2022-04-30T07:30:00,4.686,-,-
2022-04-30T07:15:00,4.690,-,-
2022-04-30T07:00:00,4.696,-,-
2022-04-30T06:45:00,4.699,-,-
2022-04-30T06:30:00,4.700,-,-
2022-04-30T06:15:00,4.702,-,-
2022-04-30T06:00:00,4.702,-,-
2022-04-30T05:45:00,4.702,-,-
2022-04-30T05:30:00,4.704,-,-
2022-04-30T05:15:00,4.705,-,-
2022-04-30T05:00:00,4.707,-,-
2022-04-30T04:45:00,4.709,-,-
2022-04-30T04:30:00,4.711,-,-
2022-04-30T04:15:00,4.716,-,-
2022-04-30T04:00:00,4.720,-,-
2022-04-30T03:45:00,4.723,-,-
2022-04-30T03:30:00,4.727,-,-
2022-04-30T03:15:00,4.729,-,-
2022-04-30T03:00:00,4.731,-,-
2022-04-30T02:45:00,4.731,-,-
2022-04-30T02:30:00,4.731,-,-
2022-04-30T02:15:00,4.729,-,-
2022-04-30T02:00:00,4.729,-,-
2022-04-30T01:45:00,4.728,-,-
2022-04-30T01:30:00,4.726,-,-
2022-04-30T01:15:00,4.726,-,-
2022-04-30T01:00:00,4.724,-,-
2022-04-30T00:45:00,4.722,-,-
2022-04-30T00:30:00,4.723,-,-
2022-04-30T00:15:00,4.722,-,-
2022-04-30T00:00:00,4.723,-,-
2022-05-13T23:45:00,4.672,-,-
2022-05-13T23:30:00,4.680,-,-
2022-05-13T23:15:00,4.690,-,-
2022-05-13T23:00:00,4.701,-,-
2022-05-13T22:45:00,4.716,-,-
2022-05-13T22:30:00,4.733,-,-
2022-05-13T22:15:00,4.754,-,-
2022-05-13T22:00:00,4.779,-,-
2022-05-13T21:45:00,4.807,-,-
2022-05-13T21:30:00,4.839,-,-
2022-05-13T21:15:00,4.869,-,-
2022-05-13T21:00:00,4.898,-,-
2022-05-13T20:45:00,4.919,-,-
2022-05-13T20:30:00,4.937,-,-
2022-05-13T20:15:00,4.946,-,-
2022-05-13T20:00:00,4.948,-,-
2022-05-13T19:45:00,4.945,-,-
2022-05-13T19:30:00,4.942,-,-
2022-05-13T19:15:00,4.937,-,-
2022-05-13T19:00:00,4.929,-,-
2022-05-13T18:45:00,4.925,-,-
2022-05-13T18:30:00,4.921,-,-
2022-05-13T18:15:00,4.916,-,-
2022-05-13T18:00:00,4.911,-,-
2022-05-13T17:45:00,4.907,-,-
2022-05-13T17:30:00,4.902,-,-
2022-05-13T17:15:00,4.898,-,-
2022-05-13T17:00:00,4.892,-,-
2022-05-13T16:45:00,4.887,-,-
2022-05-13T16:30:00,4.882,-,-
2022-05-13T16:15:00,4.877,-,-
2022-05-13T16:00:00,4.871,-,-
2022-05-13T15:45:00,4.867,-,-
2022-05-13T15:30:00,4.864,-,-
2022-05-13T15:15:00,4.859,-,-
2022-05-13T15:00:00,4.853,-,-
2022-05-13T14:45:00,4.849,-,-
2022-05-13T14:30:00,4.845,-,-
2022-05-13T14:15:00,4.838,-,-
2022-05-13T14:00:00,4.834,-,-
2022-05-13T13:45:00,4.829,-,-
2022-05-13T13:30:00,4.821,-,-
2022-05-13T13:15:00,4.815,-,-
2022-05-13T13:00:00,4.809,-,-
2022-05-13T12:45:00,4.800,-,-
2022-05-13T12:30:00,4.791,-,-
2022-05-13T12:15:00,4.780,-,-
2022-05-13T12:00:00,4.768,-,-
2022-05-13T11:45:00,4.754,-,-
2022-05-13T11:30:00,4.733,-,-
2022-05-13T11:15:00,4.706,-,-
2022-05-13T11:00:00,4.673,-,-
2022-05-13T10:45:00,4.624,-,-
2022-05-13T10:30:00,4.565,-,-
2022-05-13T10:15:00,4.491,-,-
2022-05-13T10:00:00,4.411,-,-
2022-05-13T09:45:00,4.344,-,-
2022-05-13T09:30:00,4.308,-,-
2022-05-13T09:15:00,4.300,-,-
2022-05-13T09:00:00,4.301,-,-
2022-05-13T08:45:00,4.304,-,-
2022-05-13T08:30:00,4.307,-,-
2022-05-13T08:15:00,4.310,-,-
2022-05-13T08:00:00,4.313,-,-
2022-05-13T07:45:00,4.317,-,-
2022-05-13T07:30:00,4.320,-,-
2022-05-13T07:15:00,4.323,-,-
2022-05-13T07:00:00,4.326,-,-
2022-05-13T06:45:00,4.329,-,-
2022-05-13T06:30:00,4.331,-,-
2022-05-13T06:15:00,4.334,-,-
2022-05-13T06:00:00,4.337,-,-
2022-05-13T05:45:00,4.339,-,-
2022-05-13T05:30:00,4.342,-,-
2022-05-13T05:15:00,4.344,-,-
2022-05-13T05:00:00,4.347,-,-
2022-05-13T04:45:00,4.350,-,-
2022-05-13T04:30:00,4.353,-,-
2022-05-13T04:15:00,4.355,-,-
2022-05-13T04:00:00,4.358,-,-
2022-05-13T03:45:00,4.360,-,-
2022-05-13T03:30:00,4.364,-,-
2022-05-13T03:15:00,4.366,-,-
2022-05-13T03:00:00,4.369,-,-
2022-05-13T02:45:00,4.372,-,-
2022-05-13T02:30:00,4.375,-,-
2022-05-13T02:15:00,4.378,-,-
2022-05-13T02:00:00,4.381,-,-
2022-05-13T01:45:00,4.385,-,-
2022-05-13T01:30:00,4.388,-,-
2022-05-13T01:15:00,4.391,-,-
2022-05-13T01:00:00,4.396,-,-
2022-05-13T00:45:00,4.400,-,-
2022-05-13T00:30:00,4.405,-,-
2022-05-13T00:15:00,4.411,-,-
2022-05-13T00:00:00,4.416,-,-
2022-05-12T23:45:00,4.422,-,-
2022-05-12T23:30:00,4.429,-,-
2022-05-12T23:15:00,4.437,-,-
2022-05-12T23:00:00,4.447,-,-
2022-05-12T22:45:00,4.458,-,-
2022-05-12T22:30:00,4.469,-,-
2022-05-12T22:15:00,4.480,-,-
2022-05-12T22:00:00,4.493,-,-
2022-05-12T21:45:00,4.504,-,-
2022-05-12T21:30:00,4.514,-,-
2022-05-12T21:15:00,4.523,-,-
2022-05-12T21:00:00,4.530,-,-
2022-05-12T20:45:00,4.533,-,-
2022-05-12T20:30:00,4.534,-,-
2022-05-12T20:15:00,4.533,-,-
2022-05-12T20:00:00,4.532,-,-
2022-05-12T19:45:00,4.530,-,-
2022-05-12T19:30:00,4.528,-,-
2022-05-12T19:15:00,4.526,-,-
2022-05-12T19:00:00,4.523,-,-
2022-05-12T18:45:00,4.521,-,-
2022-05-12T18:30:00,4.517,-,-
2022-05-12T18:15:00,4.514,-,-
2022-05-12T18:00:00,4.512,-,-
2022-05-12T17:45:00,4.508,-,-
2022-05-12T17:30:00,4.507,-,-
2022-05-12T17:15:00,4.504,-,-
2022-05-12T17:00:00,4.502,-,-
2022-05-12T16:45:00,4.500,-,-
2022-05-12T16:30:00,4.499,-,-
2022-05-12T16:15:00,4.497,-,-
2022-05-12T16:00:00,4.494,-,-
2022-05-12T15:45:00,4.492,-,-
2022-05-12T15:30:00,4.490,-,-
2022-05-12T15:15:00,4.489,-,-
2022-05-12T15:00:00,4.487,-,-
2022-05-12T14:45:00,4.485,-,-
2022-05-12T14:30:00,4.483,-,-
2022-05-12T14:15:00,4.481,-,-
2022-05-12T14:00:00,4.479,-,-
2022-05-12T13:45:00,4.477,-,-
2022-05-12T13:30:00,4.475,-,-
2022-05-12T13:15:00,4.472,-,-
2022-05-12T13:00:00,4.469,-,-
2022-05-12T12:45:00,4.464,-,-
2022-05-12T12:30:00,4.459,-,-
2022-05-12T12:15:00,4.453,-,-
2022-05-12T12:00:00,4.445,-,-
2022-05-12T11:45:00,4.435,-,-
2022-05-12T11:30:00,4.424,-,-
2022-05-12T11:15:00,4.408,-,-
2022-05-12T11:00:00,4.391,-,-
2022-05-12T10:45:00,4.373,-,-
2022-05-12T10:30:00,4.355,-,-
2022-05-12T10:15:00,4.340,-,-
2022-05-12T10:00:00,4.329,-,-
2022-05-12T09:45:00,4.324,-,-
2022-05-12T09:30:00,4.322,-,-
2022-05-12T09:15:00,4.324,-,-
2022-05-12T09:00:00,4.326,-,-
2022-05-12T08:45:00,4.329,-,-
2022-05-12T08:30:00,4.332,-,-
2022-05-12T08:15:00,4.335,-,-
2022-05-12T08:00:00,4.337,-,-
2022-05-12T07:45:00,4.340,-,-
2022-05-12T07:30:00,4.342,-,-
2022-05-12T07:15:00,4.344,-,-
2022-05-12T07:00:00,4.347,-,-
2022-05-12T06:45:00,4.349,-,-
2022-05-12T06:30:00,4.352,-,-
2022-05-12T06:15:00,4.355,-,-
2022-05-12T06:00:00,4.357,-,-
2022-05-12T05:45:00,4.359,-,-
2022-05-12T05:30:00,4.362,-,-
2022-05-12T05:15:00,4.364,-,-
2022-05-12T05:00:00,4.367,-,-
2022-05-12T04:45:00,4.370,-,-
2022-05-12T04:30:00,4.373,-,-
2022-05-12T04:15:00,4.376,-,-
2022-05-12T04:00:00,4.378,-,-
2022-05-12T03:45:00,4.380,-,-
2022-05-12T03:30:00,4.383,-,-
2022-05-12T03:15:00,4.386,-,-
2022-05-12T03:00:00,4.389,-,-
2022-05-12T02:45:00,4.392,-,-
2022-05-12T02:30:00,4.395,-,-
2022-05-12T02:15:00,4.398,-,-
2022-05-12T02:00:00,4.401,-,-
2022-05-12T01:45:00,4.404,-,-
2022-05-12T01:30:00,4.408,-,-
2022-05-12T01:15:00,4.412,-,-
2022-05-12T01:00:00,4.416,-,-
2022-05-12T00:45:00,4.419,-,-
2022-05-12T00:30:00,4.423,-,-
2022-05-12T00:15:00,4.428,-,-
2022-05-12T00:00:00,4.432,-,-
2022-05-11T23:45:00,4.438,-,-
2022-05-11T23:30:00,4.444,-,-
2022-05-11T23:15:00,4.452,-,-
2022-05-11T23:00:00,4.461,-,-
2022-05-11T22:45:00,4.471,-,-
2022-05-11T22:30:00,4.481,-,-
2022-05-11T22:15:00,4.491,-,-
2022-05-11T22:00:00,4.500,-,-
2022-05-11T21:45:00,4.509,-,-
2022-05-11T21:30:00,4.518,-,-
2022-05-11T21:15:00,4.524,-,-
2022-05-11T21:00:00,4.528,-,-
2022-05-11T20:45:00,4.531,-,-
2022-05-11T20:30:00,4.531,-,-
2022-05-11T20:15:00,4.530,-,-
2022-05-11T20:00:00,4.529,-,-
2022-05-11T19:45:00,4.527,-,-
2022-05-11T19:30:00,4.526,-,-
2022-05-11T19:15:00,4.525,-,-
2022-05-11T19:00:00,4.523,-,-
2022-05-11T18:45:00,4.523,-,-
2022-05-11T18:30:00,4.522,-,-
2022-05-11T18:15:00,4.521,-,-
2022-05-11T18:00:00,4.519,-,-
2022-05-11T17:45:00,4.518,-,-
2022-05-11T17:30:00,4.518,-,-
2022-05-11T17:15:00,4.516,-,-
2022-05-11T17:00:00,4.515,-,-
2022-05-11T16:45:00,4.514,-,-
2022-05-11T16:30:00,4.513,-,-
2022-05-11T16:15:00,4.511,-,-
2022-05-11T16:00:00,4.511,-,-
2022-05-11T15:45:00,4.510,-,-
2022-05-11T15:30:00,4.509,-,-
2022-05-11T15:15:00,4.506,-,-
2022-05-11T15:00:00,4.506,-,-
2022-05-11T14:45:00,4.504,-,-
2022-05-11T14:30:00,4.503,-,-
2022-05-11T14:15:00,4.503,-,-
2022-05-11T14:00:00,4.501,-,-
2022-05-11T13:45:00,4.500,-,-
2022-05-11T13:30:00,4.498,-,-
2022-05-11T13:15:00,4.496,-,-
2022-05-11T13:00:00,4.492,-,-
2022-05-11T12:45:00,4.489,-,-
2022-05-11T12:30:00,4.485,-,-
2022-05-11T12:15:00,4.480,-,-
2022-05-11T12:00:00,4.474,-,-
2022-05-11T11:45:00,4.466,-,-
2022-05-11T11:30:00,4.457,-,-
2022-05-11T11:15:00,4.444,-,-
2022-05-11T11:00:00,4.431,-,-
2022-05-11T10:45:00,4.416,-,-
2022-05-11T10:30:00,4.401,-,-
2022-05-11T10:15:00,4.385,-,-
2022-05-11T10:00:00,4.373,-,-
2022-05-11T09:45:00,4.366,-,-
2022-05-11T09:30:00,4.362,-,-
2022-05-11T09:15:00,4.363,-,-
2022-05-11T09:00:00,4.364,-,-
2022-05-11T08:45:00,4.365,-,-
2022-05-11T08:30:00,4.367,-,-
2022-05-11T08:15:00,4.369,-,-
2022-05-11T08:00:00,4.371,-,-
2022-05-11T07:45:00,4.373,-,-
2022-05-11T07:30:00,4.375,-,-
2022-05-11T07:15:00,4.377,-,-
2022-05-11T07:00:00,4.380,-,-
2022-05-11T06:45:00,4.382,-,-
2022-05-11T06:30:00,4.385,-,-
2022-05-11T06:15:00,4.388,-,-
2022-05-11T06:00:00,4.390,-,-
2022-05-11T05:45:00,4.393,-,-
2022-05-11T05:30:00,4.396,-,-
2022-05-11T05:15:00,4.398,-,-
2022-05-11T05:00:00,4.400,-,-
2022-05-11T04:45:00,4.403,-,-
2022-05-11T04:30:00,4.405,-,-
2022-05-11T04:15:00,4.407,-,-
2022-05-11T04:00:00,4.409,-,-
2022-05-11T03:45:00,4.412,-,-
2022-05-11T03:30:00,4.414,-,-
2022-05-11T03:15:00,4.417,-,-
2022-05-11T03:00:00,4.419,-,-
2022-05-11T02:45:00,4.421,-,-
2022-05-11T02:30:00,4.424,-,-
2022-05-11T02:15:00,4.425,-,-
2022-05-11T02:00:00,4.428,-,-
2022-05-11T01:45:00,4.431,-,-
2022-05-11T01:30:00,4.434,-,-
2022-05-11T01:15:00,4.436,-,-
2022-05-11T01:00:00,4.439,-,-
2022-05-11T00:45:00,4.443,-,-
2022-05-11T00:30:00,4.447,-,-
2022-05-11T00:15:00,4.452,-,-
2022-05-11T00:00:00,4.457,-,-
2022-05-10T23:45:00,4.463,-,-
2022-05-10T23:30:00,4.470,-,-
2022-05-10T23:15:00,4.478,-,-
2022-05-10T23:00:00,4.487,-,-
2022-05-10T22:45:00,4.498,-,-
2022-05-10T22:30:00,4.509,-,-
2022-05-10T22:15:00,4.522,-,-
2022-05-10T22:00:00,4.535,-,-
2022-05-10T21:45:00,4.548,-,-
2022-05-10T21:30:00,4.558,-,-
2022-05-10T21:15:00,4.567,-,-
2022-05-10T21:00:00,4.577,-,-
2022-05-10T20:45:00,4.582,-,-
2022-05-10T20:30:00,4.583,-,-
2022-05-10T20:15:00,4.586,-,-
2022-05-10T20:00:00,4.586,-,-
2022-05-10T19:45:00,4.584,-,-
2022-05-10T19:30:00,4.585,-,-
2022-05-10T19:15:00,4.584,-,-
2022-05-10T19:00:00,4.583,-,-
2022-05-10T18:45:00,4.583,-,-
2022-05-10T18:30:00,4.583,-,-
2022-05-10T18:15:00,4.583,-,-
2022-05-10T18:00:00,4.583,-,-
2022-05-10T17:45:00,4.582,-,-
2022-05-10T17:30:00,4.586,-,-
2022-05-10T17:15:00,4.586,-,-
2022-05-10T17:00:00,4.587,-,-
2022-05-10T16:45:00,4.586,-,-
2022-05-10T16:30:00,4.585,-,-
2022-05-10T16:15:00,4.585,-,-
2022-05-10T16:00:00,4.584,-,-
2022-05-10T15:45:00,4.585,-,-
2022-05-10T15:30:00,4.585,-,-
2022-05-10T15:15:00,4.577,-,-
2022-05-10T15:00:00,4.576,-,-
2022-05-10T14:45:00,4.574,-,-
2022-05-10T14:30:00,4.574,-,-
2022-05-10T14:15:00,4.573,-,-
2022-05-10T14:00:00,4.573,-,-
2022-05-10T13:45:00,4.575,-,-
2022-05-10T13:30:00,4.575,-,-
2022-05-10T13:15:00,4.575,-,-
2022-05-10T13:00:00,4.577,-,-
2022-05-10T12:45:00,4.575,-,-
2022-05-10T12:30:00,4.573,-,-
2022-05-10T12:15:00,4.573,-,-
2022-05-10T12:00:00,4.571,-,-
2022-05-10T11:45:00,4.566,-,-
2022-05-10T11:30:00,4.561,-,-
2022-05-10T11:15:00,4.557,-,-
2022-05-10T11:00:00,4.549,-,-
2022-05-10T10:45:00,4.537,-,-
2022-05-10T10:30:00,4.522,-,-
2022-05-10T10:15:00,4.502,-,-
2022-05-10T10:00:00,4.480,-,-
2022-05-10T09:45:00,4.458,-,-
2022-05-10T09:30:00,4.434,-,-
2022-05-10T09:15:00,4.415,-,-
2022-05-10T09:00:00,4.403,-,-
2022-05-10T08:45:00,4.398,-,-
2022-05-10T08:30:00,4.397,-,-
2022-05-10T08:15:00,4.398,-,-
2022-05-10T08:00:00,4.399,-,-
2022-05-10T07:45:00,4.400,-,-
2022-05-10T07:30:00,4.401,-,-
2022-05-10T07:15:00,4.402,-,-
2022-05-10T07:00:00,4.403,-,-
2022-05-10T06:45:00,4.404,-,-
2022-05-10T06:30:00,4.406,-,-
2022-05-10T06:15:00,4.407,-,-
2022-05-10T06:00:00,4.407,-,-
2022-05-10T05:45:00,4.406,-,-
2022-05-10T05:30:00,4.403,-,-
2022-05-10T05:15:00,4.398,-,-
2022-05-10T05:00:00,4.392,-,-
2022-05-10T04:45:00,4.381,-,-
2022-05-10T04:30:00,4.371,-,-
2022-05-10T04:15:00,4.358,-,-
2022-05-10T04:00:00,4.343,-,-
2022-05-10T03:45:00,4.326,-,-
2022-05-10T03:30:00,4.310,-,-
2022-05-10T03:15:00,4.293,-,-
2022-05-10T03:00:00,4.276,-,-
2022-05-10T02:45:00,4.262,-,-
2022-05-10T02:30:00,4.252,-,-
2022-05-10T02:15:00,4.247,-,-
2022-05-10T02:00:00,4.249,-,-
2022-05-10T01:45:00,4.255,-,-
2022-05-10T01:30:00,4.262,-,-
2022-05-10T01:15:00,4.271,-,-
2022-05-10T01:00:00,4.280,-,-
2022-05-10T00:45:00,4.288,-,-
2022-05-10T00:30:00,4.295,-,-
2022-05-10T00:15:00,4.301,-,-
2022-05-10T00:00:00,4.307,-,-
2022-05-09T23:45:00,4.311,-,-
2022-05-09T23:30:00,4.316,-,-
2022-05-09T23:15:00,4.321,-,-
2022-05-09T23:00:00,4.326,-,-
2022-05-09T22:45:00,4.333,-,-
2022-05-09T22:30:00,4.342,-,-
2022-05-09T22:15:00,4.351,-,-
2022-05-09T22:00:00,4.360,-,-
2022-05-09T21:45:00,4.367,-,-
2022-05-09T21:30:00,4.374,-,-
2022-05-09T21:15:00,4.378,-,-
2022-05-09T21:00:00,4.383,-,-
2022-05-09T20:45:00,4.384,-,-
2022-05-09T20:30:00,4.373,-,-
2022-05-09T20:15:00,4.365,-,-
2022-05-09T20:00:00,4.358,-,-
2022-05-09T19:45:00,4.355,-,-
2022-05-09T19:30:00,4.353,-,-
2022-05-09T19:15:00,4.353,-,-
2022-05-09T19:00:00,4.355,-,-
2022-05-09T18:45:00,4.357,-,-
2022-05-09T18:30:00,4.358,-,-
2022-05-09T18:15:00,4.360,-,-
2022-05-09T18:00:00,4.362,-,-
2022-05-09T17:45:00,4.364,-,-
2022-05-09T17:30:00,4.366,-,-
2022-05-09T17:15:00,4.367,-,-
2022-05-09T17:00:00,4.367,-,-
2022-05-09T16:45:00,4.368,-,-
2022-05-09T16:30:00,4.370,-,-
2022-05-09T16:15:00,4.372,-,-
2022-05-09T16:00:00,4.373,-,-
2022-05-09T15:45:00,4.374,-,-
2022-05-09T15:30:00,4.376,-,-
2022-05-09T15:15:00,4.376,-,-
2022-05-09T15:00:00,4.379,-,-
2022-05-09T14:45:00,4.381,-,-
2022-05-09T14:30:00,4.383,-,-
2022-05-09T14:15:00,4.385,-,-
2022-05-09T14:00:00,4.389,-,-
2022-05-09T13:45:00,4.389,-,-
2022-05-09T13:30:00,4.389,-,-
2022-05-09T13:15:00,4.389,-,-
2022-05-09T13:00:00,4.388,-,-
2022-05-09T12:45:00,4.388,-,-
2022-05-09T12:30:00,4.385,-,-
2022-05-09T12:15:00,4.381,-,-
2022-05-09T12:00:00,4.376,-,-
2022-05-09T11:45:00,4.369,-,-
2022-05-09T11:30:00,4.359,-,-
2022-05-09T11:15:00,4.345,-,-
2022-05-09T11:00:00,4.331,-,-
2022-05-09T10:45:00,4.313,-,-
2022-05-09T10:30:00,4.297,-,-
2022-05-09T10:15:00,4.285,-,-
2022-05-09T10:00:00,4.277,-,-
2022-05-09T09:45:00,4.275,-,-
2022-05-09T09:30:00,4.278,-,-
2022-05-09T09:15:00,4.283,-,-
2022-05-09T09:00:00,4.289,-,-
2022-05-09T08:45:00,4.294,-,-
2022-05-09T08:30:00,4.298,-,-
2022-05-09T08:15:00,4.302,-,-
2022-05-09T08:00:00,4.308,-,-
2022-05-09T07:45:00,4.314,-,-
2022-05-09T07:30:00,4.320,-,-
2022-05-09T07:15:00,4.333,-,-
2022-05-09T07:00:00,4.348,-,-
2022-05-09T06:45:00,4.349,-,-
2022-05-09T06:30:00,4.355,-,-
2022-05-09T06:15:00,4.360,-,-
2022-05-09T06:00:00,4.367,-,-
2022-05-09T05:45:00,4.373,-,-
2022-05-09T05:30:00,4.378,-,-
2022-05-09T05:15:00,4.384,-,-
2022-05-09T05:00:00,4.390,-,-
2022-05-09T04:45:00,4.396,-,-
2022-05-09T04:30:00,4.403,-,-
2022-05-09T04:15:00,4.410,-,-
2022-05-09T04:00:00,4.415,-,-
2022-05-09T03:45:00,4.422,-,-
2022-05-09T03:30:00,4.428,-,-
2022-05-09T03:15:00,4.435,-,-
2022-05-09T03:00:00,4.441,-,-
2022-05-09T02:45:00,4.449,-,-
2022-05-09T02:30:00,4.456,-,-
2022-05-09T02:15:00,4.463,-,-
2022-05-09T02:00:00,4.471,-,-
2022-05-09T01:45:00,4.479,-,-
2022-05-09T01:30:00,4.488,-,-
2022-05-09T01:15:00,4.497,-,-
2022-05-09T01:00:00,4.508,-,-
2022-05-09T00:45:00,4.519,-,-
2022-05-09T00:30:00,4.533,-,-
2022-05-09T00:15:00,4.547,-,-
2022-05-09T00:00:00,4.562,-,-
2022-05-08T23:45:00,4.580,-,-
2022-05-08T23:30:00,4.601,-,-
2022-05-08T23:15:00,4.625,-,-
2022-05-08T23:00:00,4.650,-,-
2022-05-08T22:45:00,4.676,-,-
2022-05-08T22:30:00,4.705,-,-
2022-05-08T22:15:00,4.732,-,-
2022-05-08T22:00:00,4.759,-,-
2022-05-08T21:45:00,4.780,-,-
2022-05-08T21:30:00,4.799,-,-
2022-05-08T21:15:00,4.813,-,-
2022-05-08T21:00:00,4.830,-,-
2022-05-08T20:45:00,4.842,-,-
2022-05-08T20:30:00,4.851,-,-
2022-05-08T20:15:00,4.855,-,-
2022-05-08T20:00:00,4.854,-,-
2022-05-08T19:45:00,4.853,-,-
2022-05-08T19:30:00,4.849,-,-
2022-05-08T19:15:00,4.845,-,-
2022-05-08T19:00:00,4.842,-,-
2022-05-08T18:45:00,4.838,-,-
2022-05-08T18:30:00,4.835,-,-
2022-05-08T18:15:00,4.830,-,-
2022-05-08T18:00:00,4.828,-,-
2022-05-08T17:45:00,4.824,-,-
2022-05-08T17:30:00,4.819,-,-
2022-05-08T17:15:00,4.814,-,-
2022-05-08T17:00:00,4.810,-,-
2022-05-08T16:45:00,4.808,-,-
2022-05-08T16:30:00,4.802,-,-
2022-05-08T16:15:00,4.799,-,-
2022-05-08T16:00:00,4.796,-,-
2022-05-08T15:45:00,4.794,-,-
2022-05-08T15:30:00,4.789,-,-
2022-05-08T15:15:00,4.786,-,-
2022-05-08T15:00:00,4.784,-,-
2022-05-08T14:45:00,4.779,-,-
2022-05-08T14:30:00,4.774,-,-
2022-05-08T14:15:00,4.770,-,-
2022-05-08T14:00:00,4.764,-,-
2022-05-08T13:45:00,4.762,-,-
2022-05-08T13:30:00,4.756,-,-
2022-05-08T13:15:00,4.750,-,-
2022-05-08T13:00:00,4.743,-,-
2022-05-08T12:45:00,4.735,-,-
2022-05-08T12:30:00,4.727,-,-
2022-05-08T12:15:00,4.715,-,-
2022-05-08T12:00:00,4.700,-,-
2022-05-08T11:45:00,4.682,-,-
2022-05-08T11:30:00,4.657,-,-
2022-05-08T11:15:00,4.620,-,-
2022-05-08T11:00:00,4.569,-,-
2022-05-08T10:45:00,4.509,-,-
2022-05-08T10:30:00,4.427,-,-
2022-05-08T10:15:00,4.335,-,-
2022-05-08T10:00:00,4.255,-,-
2022-05-08T09:45:00,4.215,-,-
2022-05-08T09:30:00,4.210,-,-
2022-05-08T09:15:00,4.214,-,-
2022-05-08T09:00:00,4.221,-,-
2022-05-08T08:45:00,4.226,-,-
2022-05-08T08:30:00,4.233,-,-
2022-05-08T08:15:00,4.239,-,-
2022-05-08T08:00:00,4.244,-,-
2022-05-08T07:45:00,4.248,-,-
2022-05-08T07:30:00,4.253,-,-
2022-05-08T07:15:00,4.258,-,-
2022-05-08T07:00:00,4.263,-,-
2022-05-08T06:45:00,4.267,-,-
2022-05-08T06:30:00,4.272,-,-
2022-05-08T06:15:00,4.277,-,-
2022-05-08T06:00:00,4.283,-,-
2022-05-08T05:45:00,4.288,-,-
2022-05-08T05:30:00,4.292,-,-
2022-05-08T05:15:00,4.297,-,-
2022-05-08T05:00:00,4.301,-,-
2022-05-08T04:45:00,4.306,-,-
2022-05-08T04:30:00,4.311,-,-
2022-05-08T04:15:00,4.316,-,-
2022-05-08T04:00:00,4.322,-,-
2022-05-08T03:45:00,4.329,-,-
2022-05-08T03:30:00,4.335,-,-
2022-05-08T03:15:00,4.339,-,-
2022-05-08T03:00:00,4.345,-,-
2022-05-08T02:45:00,4.349,-,-
2022-05-08T02:30:00,4.355,-,-
2022-05-08T02:15:00,4.362,-,-
2022-05-08T02:00:00,4.369,-,-
2022-05-08T01:45:00,4.376,-,-
2022-05-08T01:30:00,4.382,-,-
2022-05-08T01:15:00,4.389,-,-
2022-05-08T01:00:00,4.396,-,-
2022-05-08T00:45:00,4.405,-,-
2022-05-08T00:30:00,4.414,-,-
2022-05-08T00:15:00,4.424,-,-
2022-05-08T00:00:00,4.435,-,-
2022-05-07T23:45:00,4.448,-,-
2022-05-07T23:30:00,4.463,-,-
2022-05-07T23:15:00,4.480,-,-
2022-05-07T23:00:00,4.500,-,-
2022-05-07T22:45:00,4.524,-,-
2022-05-07T22:30:00,4.548,-,-
2022-05-07T22:15:00,4.577,-,-
2022-05-07T22:00:00,4.611,-,-
2022-05-07T21:45:00,4.648,-,-
2022-05-07T21:30:00,4.686,-,-
2022-05-07T21:15:00,4.720,-,-
2022-05-07T21:00:00,4.752,-,-
2022-05-07T20:45:00,4.776,-,-
2022-05-07T20:30:00,4.793,-,-
2022-05-07T20:15:00,4.804,-,-
2022-05-07T20:00:00,4.806,-,-
2022-05-07T19:45:00,4.803,-,-
2022-05-07T19:30:00,4.799,-,-
2022-05-07T19:15:00,4.794,-,-
2022-05-07T19:00:00,4.793,-,-
2022-05-07T18:45:00,4.791,-,-
2022-05-07T18:30:00,4.788,-,-
2022-05-07T18:15:00,4.785,-,-
2022-05-07T18:00:00,4.780,-,-
2022-05-07T17:45:00,4.778,-,-
2022-05-07T17:30:00,4.773,-,-
2022-05-07T17:15:00,4.769,-,-
2022-05-07T17:00:00,4.768,-,-
2022-05-07T16:45:00,4.764,-,-
2022-05-07T16:30:00,4.759,-,-
2022-05-07T16:15:00,4.758,-,-
2022-05-07T16:00:00,4.755,-,-
2022-05-07T15:45:00,4.752,-,-
2022-05-07T15:30:00,4.749,-,-
2022-05-07T15:15:00,4.745,-,-
2022-05-07T15:00:00,4.743,-,-
2022-05-07T14:45:00,4.741,-,-
2022-05-07T14:30:00,4.742,-,-
2022-05-07T14:15:00,4.739,-,-
2022-05-07T14:00:00,4.734,-,-
2022-05-07T13:45:00,4.730,-,-
2022-05-07T13:30:00,4.723,-,-
2022-05-07T13:15:00,4.714,-,-
2022-05-07T13:00:00,4.706,-,-
2022-05-07T12:45:00,4.691,-,-
2022-05-07T12:30:00,4.679,-,-
2022-05-07T12:15:00,4.662,-,-
2022-05-07T12:00:00,4.651,-,-
2022-05-07T11:45:00,4.633,-,-
2022-05-07T11:30:00,4.612,-,-
2022-05-07T11:15:00,4.579,-,-
2022-05-07T11:00:00,4.543,-,-
2022-05-07T10:45:00,4.481,-,-
2022-05-07T10:30:00,4.399,-,-
2022-05-07T10:15:00,4.288,-,-
2022-05-07T10:00:00,4.153,-,-
2022-05-07T09:45:00,4.032,-,-
2022-05-07T09:30:00,3.998,-,-
2022-05-07T09:15:00,3.996,-,-
2022-05-07T09:00:00,3.998,-,-
2022-05-07T08:45:00,4.001,-,-
2022-05-07T08:30:00,4.003,-,-
2022-05-07T08:15:00,4.006,-,-
2022-05-07T08:00:00,4.009,-,-
2022-05-07T07:45:00,4.012,-,-
2022-05-07T07:30:00,4.015,-,-
2022-05-07T07:15:00,4.017,-,-
2022-05-07T07:00:00,4.020,-,-
2022-05-07T06:45:00,4.023,-,-
2022-05-07T06:30:00,4.026,-,-
2022-05-07T06:15:00,4.030,-,-
2022-05-07T06:00:00,4.035,-,-
2022-05-07T05:45:00,4.038,-,-
2022-05-07T05:30:00,4.041,-,-
2022-05-07T05:15:00,4.045,-,-
2022-05-07T05:00:00,4.050,-,-
2022-05-07T04:45:00,4.054,-,-
2022-05-07T04:30:00,4.057,-,-
2022-05-07T04:15:00,4.061,-,-
2022-05-07T04:00:00,4.065,-,-
2022-05-07T03:45:00,4.070,-,-
2022-05-07T03:30:00,4.075,-,-
2022-05-07T03:15:00,4.080,-,-
2022-05-07T03:00:00,4.085,-,-
2022-05-07T02:45:00,4.090,-,-
2022-05-07T02:30:00,4.096,-,-
2022-05-07T02:15:00,4.101,-,-
2022-05-07T02:00:00,4.107,-,-
2022-05-07T01:45:00,4.113,-,-
2022-05-07T01:30:00,4.120,-,-
2022-05-07T01:15:00,4.127,-,-
2022-05-07T01:00:00,4.134,-,-
2022-05-07T00:45:00,4.143,-,-
2022-05-07T00:30:00,4.152,-,-
2022-05-07T00:15:00,4.162,-,-
2022-05-07T00:00:00,4.173,-,-
2022-05-20T23:45:00,4.591,-,-
2022-05-20T23:30:00,4.590,-,-
2022-05-20T23:15:00,4.589,-,-
2022-05-20T23:00:00,4.588,-,-
2022-05-20T22:45:00,4.587,-,-
2022-05-20T22:30:00,4.587,-,-
2022-05-20T22:15:00,4.586,-,-
2022-05-20T22:00:00,4.586,-,-
2022-05-20T21:45:00,4.585,-,-
2022-05-20T21:30:00,4.584,-,-
2022-05-20T21:15:00,4.584,-,-
2022-05-20T21:00:00,4.583,-,-
2022-05-20T20:45:00,4.583,-,-
2022-05-20T20:30:00,4.583,-,-
2022-05-20T20:15:00,4.584,-,-
2022-05-20T20:00:00,4.585,-,-
2022-05-20T19:45:00,4.586,-,-
2022-05-20T19:30:00,4.587,-,-
2022-05-20T19:15:00,4.589,-,-
2022-05-20T19:00:00,4.591,-,-
2022-05-20T18:45:00,4.592,-,-
2022-05-20T18:30:00,4.593,-,-
2022-05-20T18:15:00,4.594,-,-
2022-05-20T18:00:00,4.595,-,-
2022-05-20T17:45:00,4.596,-,-
2022-05-20T17:30:00,4.597,-,-
2022-05-20T17:15:00,4.598,-,-
2022-05-20T17:00:00,4.598,-,-
2022-05-20T16:45:00,4.597,-,-
2022-05-20T16:30:00,4.599,-,-
2022-05-20T16:15:00,4.599,-,-
2022-05-20T16:00:00,4.599,-,-
2022-05-20T15:45:00,4.600,-,-
2022-05-20T15:30:00,4.600,-,-
2022-05-20T15:15:00,4.602,-,-
2022-05-20T15:00:00,4.605,-,-
2022-05-20T14:45:00,4.607,-,-
2022-05-20T14:30:00,4.610,-,-
2022-05-20T14:15:00,4.612,-,-
2022-05-20T14:00:00,4.614,-,-
2022-05-20T13:45:00,4.615,-,-
2022-05-20T13:30:00,4.615,-,-
2022-05-20T13:15:00,4.616,-,-
2022-05-20T13:00:00,4.615,-,-
2022-05-20T12:45:00,4.618,-,-
2022-05-20T12:30:00,4.620,-,-
2022-05-20T12:15:00,4.622,-,-
2022-05-20T12:00:00,4.624,-,-
2022-05-20T11:45:00,4.625,-,-
2022-05-20T11:30:00,4.626,-,-
2022-05-20T11:15:00,4.627,-,-
2022-05-20T11:00:00,4.629,-,-
2022-05-20T10:45:00,4.630,-,-
2022-05-20T10:30:00,4.632,-,-
2022-05-20T10:15:00,4.635,-,-
2022-05-20T10:00:00,4.637,-,-
2022-05-20T09:45:00,4.639,-,-
2022-05-20T09:30:00,4.641,-,-
2022-05-20T09:15:00,4.643,-,-
2022-05-20T09:00:00,4.644,-,-
2022-05-20T08:45:00,4.645,-,-
2022-05-20T08:30:00,4.647,-,-
2022-05-20T08:15:00,4.649,-,-
2022-05-20T08:00:00,4.651,-,-
2022-05-20T07:45:00,4.652,-,-
2022-05-20T07:30:00,4.655,-,-
2022-05-20T07:15:00,4.657,-,-
2022-05-20T07:00:00,4.657,-,-
2022-05-20T06:45:00,4.658,-,-
2022-05-20T06:30:00,4.659,-,-
2022-05-20T06:15:00,4.660,-,-
2022-05-20T06:00:00,4.664,-,-
2022-05-20T05:45:00,4.667,-,-
2022-05-20T05:30:00,4.671,-,-
2022-05-20T05:15:00,4.674,-,-
2022-05-20T05:00:00,4.678,-,-
2022-05-20T04:45:00,4.682,-,-
2022-05-20T04:30:00,4.685,-,-
2022-05-20T04:15:00,4.688,-,-
2022-05-20T04:00:00,4.692,-,-
2022-05-20T03:45:00,4.696,-,-
2022-05-20T03:30:00,4.699,-,-
2022-05-20T03:15:00,4.702,-,-
2022-05-20T03:00:00,4.706,-,-
2022-05-20T02:45:00,4.710,-,-
2022-05-20T02:30:00,4.713,-,-
2022-05-20T02:15:00,4.717,-,-
2022-05-20T02:00:00,4.720,-,-
2022-05-20T01:45:00,4.724,-,-
2022-05-20T01:30:00,4.729,-,-
2022-05-20T01:15:00,4.732,-,-
2022-05-20T01:00:00,4.735,-,-
2022-05-20T00:45:00,4.739,-,-
2022-05-20T00:30:00,4.743,-,-
2022-05-20T00:15:00,4.747,-,-
2022-05-20T00:00:00,4.752,-,-
2022-05-19T23:45:00,4.757,-,-
2022-05-19T23:30:00,4.763,-,-
2022-05-19T23:15:00,4.769,-,-
2022-05-19T23:00:00,4.775,-,-
2022-05-19T22:45:00,4.783,-,-
2022-05-19T22:30:00,4.793,-,-
2022-05-19T22:15:00,4.802,-,-
2022-05-19T22:00:00,4.812,-,-
2022-05-19T21:45:00,4.823,-,-
2022-05-19T21:30:00,4.833,-,-
2022-05-19T21:15:00,4.844,-,-
2022-05-19T21:00:00,4.853,-,-
2022-05-19T20:45:00,4.858,-,-
2022-05-19T20:30:00,4.862,-,-
2022-05-19T20:15:00,4.864,-,-
2022-05-19T20:00:00,4.866,-,-
2022-05-19T19:45:00,4.865,-,-
2022-05-19T19:30:00,4.866,-,-
2022-05-19T19:15:00,4.866,-,-
2022-05-19T19:00:00,4.867,-,-
2022-05-19T18:45:00,4.869,-,-
2022-05-19T18:30:00,4.868,-,-
2022-05-19T18:15:00,4.867,-,-
2022-05-19T18:00:00,4.870,-,-
2022-05-19T17:45:00,4.870,-,-
2022-05-19T17:30:00,4.869,-,-
2022-05-19T17:15:00,4.869,-,-
2022-05-19T17:00:00,4.867,-,-
2022-05-19T16:45:00,4.867,-,-
2022-05-19T16:30:00,4.866,-,-
2022-05-19T16:15:00,4.864,-,-
2022-05-19T16:00:00,4.862,-,-
2022-05-19T15:45:00,4.861,-,-
2022-05-19T15:30:00,4.858,-,-
2022-05-19T15:15:00,4.854,-,-
2022-05-19T15:00:00,4.849,-,-
2022-05-19T14:45:00,4.842,-,-
2022-05-19T14:30:00,4.837,-,-
2022-05-19T14:15:00,4.830,-,-
2022-05-19T14:00:00,4.823,-,-
2022-05-19T13:45:00,4.816,-,-
2022-05-19T13:30:00,4.810,-,-
2022-05-19T13:15:00,4.803,-,-
2022-05-19T13:00:00,4.797,-,-
2022-05-19T12:45:00,4.791,-,-
2022-05-19T12:30:00,4.782,-,-
2022-05-19T12:15:00,4.777,-,-
2022-05-19T12:00:00,4.772,-,-
2022-05-19T11:45:00,4.765,-,-
2022-05-19T11:30:00,4.758,-,-
2022-05-19T11:15:00,4.751,-,-
2022-05-19T11:00:00,4.741,-,-
2022-05-19T10:45:00,4.729,-,-
2022-05-19T10:30:00,4.714,-,-
2022-05-19T10:15:00,4.698,-,-
2022-05-19T10:00:00,4.680,-,-
2022-05-19T09:45:00,4.663,-,-
2022-05-19T09:30:00,4.645,-,-
2022-05-19T09:15:00,4.632,-,-
2022-05-19T09:00:00,4.625,-,-
2022-05-19T08:45:00,4.623,-,-
2022-05-19T08:30:00,4.623,-,-
2022-05-19T08:15:00,4.623,-,-
2022-05-19T08:00:00,4.623,-,-
2022-05-19T07:45:00,4.624,-,-
2022-05-19T07:30:00,4.624,-,-
2022-05-19T07:15:00,4.624,-,-
2022-05-19T07:00:00,4.623,-,-
2022-05-19T06:45:00,4.621,-,-
2022-05-19T06:30:00,4.619,-,-
2022-05-19T06:15:00,4.616,-,-
2022-05-19T06:00:00,4.612,-,-
2022-05-19T05:45:00,4.607,-,-
2022-05-19T05:30:00,4.603,-,-
2022-05-19T05:15:00,4.599,-,-
2022-05-19T05:00:00,4.592,-,-
2022-05-19T04:45:00,4.586,-,-
2022-05-19T04:30:00,4.577,-,-
2022-05-19T04:15:00,4.568,-,-
2022-05-19T04:00:00,4.561,-,-
2022-05-19T03:45:00,4.554,-,-
2022-05-19T03:30:00,4.548,-,-
2022-05-19T03:15:00,4.538,-,-
2022-05-19T03:00:00,4.531,-,-
2022-05-19T02:45:00,4.528,-,-
2022-05-19T02:30:00,4.527,-,-
2022-05-19T02:15:00,4.527,-,-
2022-05-19T02:00:00,4.527,-,-
2022-05-19T01:45:00,4.530,-,-
2022-05-19T01:30:00,4.532,-,-
2022-05-19T01:15:00,4.531,-,-
2022-05-19T01:00:00,4.533,-,-
2022-05-19T00:45:00,4.535,-,-
2022-05-19T00:30:00,4.539,-,-
2022-05-19T00:15:00,4.543,-,-
2022-05-19T00:00:00,4.547,-,-
2022-05-18T23:45:00,4.551,-,-
2022-05-18T23:30:00,4.557,-,-
2022-05-18T23:15:00,4.561,-,-
2022-05-18T23:00:00,4.567,-,-
2022-05-18T22:45:00,4.575,-,-
2022-05-18T22:30:00,4.583,-,-
2022-05-18T22:15:00,4.592,-,-
2022-05-18T22:00:00,4.601,-,-
2022-05-18T21:45:00,4.609,-,-
2022-05-18T21:30:00,4.617,-,-
2022-05-18T21:15:00,4.623,-,-
2022-05-18T21:00:00,4.627,-,-
2022-05-18T20:45:00,4.627,-,-
2022-05-18T20:30:00,4.628,-,-
2022-05-18T20:15:00,4.626,-,-
2022-05-18T20:00:00,4.624,-,-
2022-05-18T19:45:00,4.622,-,-
2022-05-18T19:30:00,4.620,-,-
2022-05-18T19:15:00,4.618,-,-
2022-05-18T19:00:00,4.618,-,-
2022-05-18T18:45:00,4.616,-,-
2022-05-18T18:30:00,4.616,-,-
2022-05-18T18:15:00,4.607,-,-
2022-05-18T18:00:00,4.600,-,-
2022-05-18T17:45:00,4.596,-,-
2022-05-18T17:30:00,4.595,-,-
2022-05-18T17:15:00,4.593,-,-
2022-05-18T17:00:00,4.592,-,-
2022-05-18T16:45:00,4.590,-,-
2022-05-18T16:30:00,4.589,-,-
2022-05-18T16:15:00,4.587,-,-
2022-05-18T16:00:00,4.586,-,-
2022-05-18T15:45:00,4.583,-,-
2022-05-18T15:30:00,4.582,-,-
2022-05-18T15:15:00,4.581,-,-
2022-05-18T15:00:00,4.579,-,-
2022-05-18T14:45:00,4.577,-,-
2022-05-18T14:30:00,4.576,-,-
2022-05-18T14:15:00,4.573,-,-
2022-05-18T14:00:00,4.572,-,-
2022-05-18T13:45:00,4.570,-,-
2022-05-18T13:30:00,4.568,-,-
2022-05-18T13:15:00,4.566,-,-
2022-05-18T13:00:00,4.563,-,-
2022-05-18T12:45:00,4.560,-,-
2022-05-18T12:30:00,4.557,-,-
2022-05-18T12:15:00,4.553,-,-
2022-05-18T12:00:00,4.547,-,-
2022-05-18T11:45:00,4.541,-,-
2022-05-18T11:30:00,4.532,-,-
2022-05-18T11:15:00,4.521,-,-
2022-05-18T11:00:00,4.508,-,-
2022-05-18T10:45:00,4.493,-,-
2022-05-18T10:30:00,4.477,-,-
2022-05-18T10:15:00,4.461,-,-
2022-05-18T10:00:00,4.447,-,-
2022-05-18T09:45:00,4.439,-,-
2022-05-18T09:30:00,4.436,-,-
2022-05-18T09:15:00,4.436,-,-
2022-05-18T09:00:00,4.438,-,-
2022-05-18T08:45:00,4.440,-,-
2022-05-18T08:30:00,4.440,-,-
2022-05-18T08:15:00,4.441,-,-
2022-05-18T08:00:00,4.443,-,-
2022-05-18T07:45:00,4.444,-,-
2022-05-18T07:30:00,4.445,-,-
2022-05-18T07:15:00,4.446,-,-
2022-05-18T07:00:00,4.448,-,-
2022-05-18T06:45:00,4.450,-,-
2022-05-18T06:30:00,4.449,-,-
2022-05-18T06:15:00,4.448,-,-
2022-05-18T06:00:00,4.449,-,-
2022-05-18T05:45:00,4.451,-,-
2022-05-18T05:30:00,4.453,-,-
2022-05-18T05:15:00,4.454,-,-
2022-05-18T05:00:00,4.456,-,-
2022-05-18T04:45:00,4.457,-,-
2022-05-18T04:30:00,4.459,-,-
2022-05-18T04:15:00,4.461,-,-
2022-05-18T04:00:00,4.463,-,-
2022-05-18T03:45:00,4.465,-,-
2022-05-18T03:30:00,4.467,-,-
2022-05-18T03:15:00,4.469,-,-
2022-05-18T03:00:00,4.471,-,-
2022-05-18T02:45:00,4.472,-,-
2022-05-18T02:30:00,4.474,-,-
2022-05-18T02:15:00,4.476,-,-
2022-05-18T02:00:00,4.479,-,-
2022-05-18T01:45:00,4.482,-,-
2022-05-18T01:30:00,4.486,-,-
2022-05-18T01:15:00,4.489,-,-
2022-05-18T01:00:00,4.491,-,-
2022-05-18T00:45:00,4.495,-,-
2022-05-18T00:30:00,4.499,-,-
2022-05-18T00:15:00,4.503,-,-
2022-05-18T00:00:00,4.509,-,-
2022-05-17T23:45:00,4.515,-,-
2022-05-17T23:30:00,4.523,-,-
2022-05-17T23:15:00,4.532,-,-
2022-05-17T23:00:00,4.541,-,-
2022-05-17T22:45:00,4.549,-,-
2022-05-17T22:30:00,4.558,-,-
2022-05-17T22:15:00,4.565,-,-
2022-05-17T22:00:00,4.571,-,-
2022-05-17T21:45:00,4.575,-,-
2022-05-17T21:30:00,4.576,-,-
2022-05-17T21:15:00,4.576,-,-
2022-05-17T21:00:00,4.574,-,-
2022-05-17T20:45:00,4.569,-,-
2022-05-17T20:30:00,4.567,-,-
2022-05-17T20:15:00,4.564,-,-
2022-05-17T20:00:00,4.561,-,-
2022-05-17T19:45:00,4.559,-,-
2022-05-17T19:30:00,4.557,-,-
2022-05-17T19:15:00,4.554,-,-
2022-05-17T19:00:00,4.552,-,-
2022-05-17T18:45:00,4.550,-,-
2022-05-17T18:30:00,4.547,-,-
2022-05-17T18:15:00,4.546,-,-
2022-05-17T18:00:00,4.543,-,-
2022-05-17T17:45:00,4.541,-,-
2022-05-17T17:30:00,4.539,-,-
2022-05-17T17:15:00,4.537,-,-
2022-05-17T17:00:00,4.535,-,-
2022-05-17T16:45:00,4.533,-,-
2022-05-17T16:30:00,4.531,-,-
2022-05-17T16:15:00,4.529,-,-
2022-05-17T16:00:00,4.525,-,-
2022-05-17T15:45:00,4.522,-,-
2022-05-17T15:30:00,4.520,-,-
2022-05-17T15:15:00,4.518,-,-
2022-05-17T15:00:00,4.516,-,-
2022-05-17T14:45:00,4.513,-,-
2022-05-17T14:30:00,4.511,-,-
2022-05-17T14:15:00,4.508,-,-
2022-05-17T14:00:00,4.506,-,-
2022-05-17T13:45:00,4.504,-,-
2022-05-17T13:30:00,4.500,-,-
2022-05-17T13:15:00,4.496,-,-
2022-05-17T13:00:00,4.492,-,-
2022-05-17T12:45:00,4.489,-,-
2022-05-17T12:30:00,4.484,-,-
2022-05-17T12:15:00,4.478,-,-
2022-05-17T12:00:00,4.472,-,-
2022-05-17T11:45:00,4.464,-,-
2022-05-17T11:30:00,4.451,-,-
2022-05-17T11:15:00,4.437,-,-
2022-05-17T11:00:00,4.422,-,-
2022-05-17T10:45:00,4.400,-,-
2022-05-17T10:30:00,4.385,-,-
2022-05-17T10:15:00,4.374,-,-
2022-05-17T10:00:00,4.368,-,-
2022-05-17T09:45:00,4.368,-,-
2022-05-17T09:30:00,4.370,-,-
2022-05-17T09:15:00,4.375,-,-
2022-05-17T09:00:00,4.379,-,-
2022-05-17T08:45:00,4.384,-,-
2022-05-17T08:30:00,4.390,-,-
2022-05-17T08:15:00,4.396,-,-
2022-05-17T08:00:00,4.402,-,-
2022-05-17T07:45:00,4.408,-,-
2022-05-17T07:30:00,4.413,-,-
2022-05-17T07:15:00,4.419,-,-
2022-05-17T07:00:00,4.424,-,-
2022-05-17T06:45:00,4.430,-,-
2022-05-17T06:30:00,4.435,-,-
2022-05-17T06:15:00,4.441,-,-
2022-05-17T06:00:00,4.448,-,-
2022-05-17T05:45:00,4.454,-,-
2022-05-17T05:30:00,4.462,-,-
2022-05-17T05:15:00,4.468,-,-
2022-05-17T05:00:00,4.475,-,-
2022-05-17T04:45:00,4.482,-,-
2022-05-17T04:30:00,4.488,-,-
2022-05-17T04:15:00,4.495,-,-
2022-05-17T04:00:00,4.502,-,-
2022-05-17T03:45:00,4.509,-,-
2022-05-17T03:30:00,4.515,-,-
2022-05-17T03:15:00,4.522,-,-
2022-05-17T03:00:00,4.529,-,-
2022-05-17T02:45:00,4.536,-,-
2022-05-17T02:30:00,4.543,-,-
2022-05-17T02:15:00,4.549,-,-
2022-05-17T02:00:00,4.555,-,-
2022-05-17T01:45:00,4.563,-,-
2022-05-17T01:30:00,4.570,-,-
2022-05-17T01:15:00,4.577,-,-
2022-05-17T01:00:00,4.586,-,-
2022-05-17T00:45:00,4.593,-,-
2022-05-17T00:30:00,4.602,-,-
2022-05-17T00:15:00,4.611,-,-
2022-05-17T00:00:00,4.622,-,-
2022-05-16T23:45:00,4.633,-,-
2022-05-16T23:30:00,4.646,-,-
2022-05-16T23:15:00,4.661,-,-
2022-05-16T23:00:00,4.678,-,-
2022-05-16T22:45:00,4.698,-,-
2022-05-16T22:30:00,4.722,-,-
2022-05-16T22:15:00,4.751,-,-
2022-05-16T22:00:00,4.784,-,-
2022-05-16T21:45:00,4.819,-,-
2022-05-16T21:30:00,4.857,-,-
2022-05-16T21:15:00,4.897,-,-
2022-05-16T21:00:00,4.929,-,-
2022-05-16T20:45:00,4.960,-,-
2022-05-16T20:30:00,4.980,-,-
2022-05-16T20:15:00,4.991,-,-
2022-05-16T20:00:00,4.996,-,-
2022-05-16T19:45:00,4.993,-,-
2022-05-16T19:30:00,4.984,-,-
2022-05-16T19:15:00,4.978,-,-
2022-05-16T19:00:00,4.968,-,-
2022-05-16T18:45:00,4.954,-,-
2022-05-16T18:30:00,4.928,-,-
2022-05-16T18:15:00,4.887,-,-
2022-05-16T18:00:00,4.863,-,-
2022-05-16T17:45:00,4.840,-,-
2022-05-16T17:30:00,4.812,-,-
2022-05-16T17:15:00,4.787,-,-
2022-05-16T17:00:00,4.758,-,-
2022-05-16T16:45:00,4.733,-,-
2022-05-16T16:30:00,4.714,-,-
2022-05-16T16:15:00,4.711,-,-
2022-05-16T16:00:00,4.723,-,-
2022-05-16T15:45:00,4.742,-,-
2022-05-16T15:30:00,4.763,-,-
2022-05-16T15:15:00,4.780,-,-
2022-05-16T15:00:00,4.789,-,-
2022-05-16T14:45:00,4.791,-,-
2022-05-16T14:30:00,4.791,-,-
2022-05-16T14:15:00,4.792,-,-
2022-05-16T14:00:00,4.789,-,-
2022-05-16T13:45:00,4.787,-,-
2022-05-16T13:30:00,4.785,-,-
2022-05-16T13:15:00,4.783,-,-
2022-05-16T13:00:00,4.781,-,-
2022-05-16T12:45:00,4.775,-,-
2022-05-16T12:30:00,4.771,-,-
2022-05-16T12:15:00,4.763,-,-
2022-05-16T12:00:00,4.757,-,-
2022-05-16T11:45:00,4.750,-,-
2022-05-16T11:30:00,4.739,-,-
2022-05-16T11:15:00,4.726,-,-
2022-05-16T11:00:00,4.708,-,-
2022-05-16T10:45:00,4.686,-,-
2022-05-16T10:30:00,4.657,-,-
2022-05-16T10:15:00,4.614,-,-
2022-05-16T10:00:00,4.562,-,-
2022-05-16T09:45:00,4.500,-,-
2022-05-16T09:30:00,4.434,-,-
2022-05-16T09:15:00,4.381,-,-
2022-05-16T09:00:00,4.353,-,-
2022-05-16T08:45:00,4.347,-,-
2022-05-16T08:30:00,4.350,-,-
2022-05-16T08:15:00,4.355,-,-
2022-05-16T08:00:00,4.360,-,-
2022-05-16T07:45:00,4.366,-,-
2022-05-16T07:30:00,4.372,-,-
2022-05-16T07:15:00,4.383,-,-
2022-05-16T07:00:00,4.399,-,-
2022-05-16T06:45:00,4.401,-,-
2022-05-16T06:30:00,4.403,-,-
2022-05-16T06:15:00,4.411,-,-
2022-05-16T06:00:00,4.416,-,-
2022-05-16T05:45:00,4.422,-,-
2022-05-16T05:30:00,4.428,-,-
2022-05-16T05:15:00,4.434,-,-
2022-05-16T05:00:00,4.441,-,-
2022-05-16T04:45:00,4.447,-,-
2022-05-16T04:30:00,4.454,-,-
2022-05-16T04:15:00,4.461,-,-
2022-05-16T04:00:00,4.468,-,-
2022-05-16T03:45:00,4.474,-,-
2022-05-16T03:30:00,4.481,-,-
2022-05-16T03:15:00,4.488,-,-
2022-05-16T03:00:00,4.495,-,-
2022-05-16T02:45:00,4.501,-,-
2022-05-16T02:30:00,4.508,-,-
2022-05-16T02:15:00,4.515,-,-
2022-05-16T02:00:00,4.523,-,-
2022-05-16T01:45:00,4.532,-,-
2022-05-16T01:30:00,4.540,-,-
2022-05-16T01:15:00,4.547,-,-
2022-05-16T01:00:00,4.553,-,-
2022-05-16T00:45:00,4.561,-,-
2022-05-16T00:30:00,4.570,-,-
2022-05-16T00:15:00,4.580,-,-
2022-05-16T00:00:00,4.591,-,-
2022-05-15T23:45:00,4.602,-,-
2022-05-15T23:30:00,4.615,-,-
2022-05-15T23:15:00,4.630,-,-
2022-05-15T23:00:00,4.648,-,-
2022-05-15T22:45:00,4.671,-,-
2022-05-15T22:30:00,4.696,-,-
2022-05-15T22:15:00,4.727,-,-
2022-05-15T22:00:00,4.764,-,-
2022-05-15T21:45:00,4.803,-,-
2022-05-15T21:30:00,4.849,-,-
2022-05-15T21:15:00,4.894,-,-
2022-05-15T21:00:00,4.934,-,-
2022-05-15T20:45:00,4.975,-,-
2022-05-15T20:30:00,5.004,-,-
2022-05-15T20:15:00,5.024,-,-
2022-05-15T20:00:00,5.031,-,-
2022-05-15T19:45:00,5.031,-,-
2022-05-15T19:30:00,5.027,-,-
2022-05-15T19:15:00,5.022,-,-
2022-05-15T19:00:00,5.014,-,-
2022-05-15T18:45:00,5.010,-,-
2022-05-15T18:30:00,5.005,-,-
2022-05-15T18:15:00,5.001,-,-
2022-05-15T18:00:00,4.996,-,-
2022-05-15T17:45:00,4.990,-,-
2022-05-15T17:30:00,4.979,-,-
2022-05-15T17:15:00,4.977,-,-
2022-05-15T17:00:00,4.969,-,-
2022-05-15T16:45:00,4.964,-,-
2022-05-15T16:30:00,4.955,-,-
2022-05-15T16:15:00,4.949,-,-
2022-05-15T16:00:00,4.942,-,-
2022-05-15T15:45:00,4.931,-,-
2022-05-15T15:30:00,4.919,-,-
2022-05-15T15:15:00,4.908,-,-
2022-05-15T15:00:00,4.896,-,-
2022-05-15T14:45:00,4.875,-,-
2022-05-15T14:30:00,4.855,-,-
2022-05-15T14:15:00,4.829,-,-
2022-05-15T14:00:00,4.805,-,-
2022-05-15T13:45:00,4.782,-,-
2022-05-15T13:30:00,4.760,-,-
2022-05-15T13:15:00,4.739,-,-
2022-05-15T13:00:00,4.725,-,-
2022-05-15T12:45:00,4.711,-,-
2022-05-15T12:30:00,4.691,-,-
2022-05-15T12:15:00,4.672,-,-
2022-05-15T12:00:00,4.641,-,-
2022-05-15T11:45:00,4.599,-,-
2022-05-15T11:30:00,4.545,-,-
2022-05-15T11:15:00,4.474,-,-
2022-05-15T11:00:00,4.399,-,-
2022-05-15T10:45:00,4.321,-,-
2022-05-15T10:30:00,4.266,-,-
2022-05-15T10:15:00,4.244,-,-
2022-05-15T10:00:00,4.239,-,-
2022-05-15T09:45:00,4.241,-,-
2022-05-15T09:30:00,4.244,-,-
2022-05-15T09:15:00,4.251,-,-
2022-05-15T09:00:00,4.253,-,-
2022-05-15T08:45:00,4.251,-,-
2022-05-15T08:30:00,4.259,-,-
2022-05-15T08:15:00,4.257,-,-
2022-05-15T08:00:00,4.267,-,-
2022-05-15T07:45:00,4.278,-,-
2022-05-15T07:30:00,4.289,-,-
2022-05-15T07:15:00,4.299,-,-
2022-05-15T07:00:00,4.309,-,-
2022-05-15T06:45:00,4.319,-,-
2022-05-15T06:30:00,4.330,-,-
2022-05-15T06:15:00,4.341,-,-
2022-05-15T06:00:00,4.352,-,-
2022-05-15T05:45:00,4.363,-,-
2022-05-15T05:30:00,4.375,-,-
2022-05-15T05:15:00,4.386,-,-
2022-05-15T05:00:00,4.397,-,-
2022-05-15T04:45:00,4.409,-,-
2022-05-15T04:30:00,4.419,-,-
2022-05-15T04:15:00,4.431,-,-
2022-05-15T04:00:00,4.442,-,-
2022-05-15T03:45:00,4.455,-,-
2022-05-15T03:30:00,4.467,-,-
2022-05-15T03:15:00,4.479,-,-
2022-05-15T03:00:00,4.491,-,-
2022-05-15T02:45:00,4.503,-,-
2022-05-15T02:30:00,4.515,-,-
2022-05-15T02:15:00,4.529,-,-
2022-05-15T02:00:00,4.541,-,-
2022-05-15T01:45:00,4.554,-,-
2022-05-15T01:30:00,4.566,-,-
2022-05-15T01:15:00,4.579,-,-
2022-05-15T01:00:00,4.592,-,-
2022-05-15T00:45:00,4.606,-,-
2022-05-15T00:30:00,4.621,-,-
2022-05-15T00:15:00,4.635,-,-
2022-05-15T00:00:00,4.651,-,-
2022-05-14T23:45:00,4.668,-,-
2022-05-14T23:30:00,4.684,-,-
2022-05-14T23:15:00,4.703,-,-
2022-05-14T23:00:00,4.724,-,-
2022-05-14T22:45:00,4.748,-,-
2022-05-14T22:30:00,4.774,-,-
2022-05-14T22:15:00,4.802,-,-
2022-05-14T22:00:00,4.834,-,-
2022-05-14T21:45:00,4.869,-,-
2022-05-14T21:30:00,4.905,-,-
2022-05-14T21:15:00,4.939,-,-
2022-05-14T21:00:00,4.975,-,-
2022-05-14T20:45:00,5.002,-,-
2022-05-14T20:30:00,5.023,-,-
2022-05-14T20:15:00,5.037,-,-
2022-05-14T20:00:00,5.046,-,-
2022-05-14T19:45:00,5.049,-,-
2022-05-14T19:30:00,5.051,-,-
2022-05-14T19:15:00,5.053,-,-
2022-05-14T19:00:00,5.050,-,-
2022-05-14T18:45:00,5.046,-,-
2022-05-14T18:30:00,5.042,-,-
2022-05-14T18:15:00,5.040,-,-
2022-05-14T18:00:00,5.037,-,-
2022-05-14T17:45:00,5.033,-,-
2022-05-14T17:30:00,5.027,-,-
2022-05-14T17:15:00,5.022,-,-
2022-05-14T17:00:00,5.015,-,-
2022-05-14T16:45:00,5.010,-,-
2022-05-14T16:30:00,5.003,-,-
2022-05-14T16:15:00,4.998,-,-
2022-05-14T16:00:00,4.994,-,-
2022-05-14T15:45:00,4.987,-,-
2022-05-14T15:30:00,4.981,-,-
2022-05-14T15:15:00,4.975,-,-
2022-05-14T15:00:00,4.970,-,-
2022-05-14T14:45:00,4.965,-,-
2022-05-14T14:30:00,4.958,-,-
2022-05-14T14:15:00,4.953,-,-
2022-05-14T14:00:00,4.948,-,-
2022-05-14T13:45:00,4.943,-,-
2022-05-14T13:30:00,4.935,-,-
2022-05-14T13:15:00,4.929,-,-
2022-05-14T13:00:00,4.924,-,-
2022-05-14T12:45:00,4.916,-,-
2022-05-14T12:30:00,4.909,-,-
2022-05-14T12:15:00,4.901,-,-
2022-05-14T12:00:00,4.892,-,-
2022-05-14T11:45:00,4.881,-,-
2022-05-14T11:30:00,4.867,-,-
2022-05-14T11:15:00,4.851,-,-
2022-05-14T11:00:00,4.829,-,-
2022-05-14T10:45:00,4.800,-,-
2022-05-14T10:30:00,4.766,-,-
2022-05-14T10:15:00,4.721,-,-
2022-05-14T10:00:00,4.668,-,-
2022-05-14T09:45:00,4.607,-,-
2022-05-14T09:30:00,4.552,-,-
2022-05-14T09:15:00,4.515,-,-
2022-05-14T09:00:00,4.504,-,-
2022-05-14T08:45:00,4.505,-,-
2022-05-14T08:30:00,4.509,-,-
2022-05-14T08:15:00,4.513,-,-
2022-05-14T08:00:00,4.517,-,-
2022-05-14T07:45:00,4.522,-,-
2022-05-14T07:30:00,4.527,-,-
2022-05-14T07:15:00,4.532,-,-
2022-05-14T07:00:00,4.536,-,-
2022-05-14T06:45:00,4.539,-,-
2022-05-14T06:30:00,4.543,-,-
2022-05-14T06:15:00,4.546,-,-
2022-05-14T06:00:00,4.550,-,-
2022-05-14T05:45:00,4.554,-,-
2022-05-14T05:30:00,4.558,-,-
2022-05-14T05:15:00,4.562,-,-
2022-05-14T05:00:00,4.566,-,-
2022-05-14T04:45:00,4.571,-,-
2022-05-14T04:30:00,4.575,-,-
2022-05-14T04:15:00,4.579,-,-
2022-05-14T04:00:00,4.583,-,-
2022-05-14T03:45:00,4.588,-,-
2022-05-14T03:30:00,4.592,-,-
2022-05-14T03:15:00,4.597,-,-
2022-05-14T03:00:00,4.601,-,-
2022-05-14T02:45:00,4.605,-,-
2022-05-14T02:30:00,4.610,-,-
2022-05-14T02:15:00,4.615,-,-
2022-05-14T02:00:00,4.619,-,-
2022-05-14T01:45:00,4.624,-,-
2022-05-14T01:30:00,4.629,-,-
2022-05-14T01:15:00,4.635,-,-
2022-05-14T01:00:00,4.640,-,-
2022-05-14T00:45:00,4.645,-,-
2022-05-14T00:30:00,4.651,-,-
2022-05-14T00:15:00,4.658,-,-
2022-05-14T00:00:00,4.664,-,-
2022-05-27T23:45:00,4.310,-,-
2022-05-27T23:30:00,4.318,-,-
2022-05-27T23:15:00,4.326,-,-
2022-05-27T23:00:00,4.337,-,-
2022-05-27T22:45:00,4.349,-,-
2022-05-27T22:30:00,4.365,-,-
2022-05-27T22:15:00,4.379,-,-
2022-05-27T22:00:00,4.396,-,-
2022-05-27T21:45:00,4.411,-,-
2022-05-27T21:30:00,4.424,-,-
2022-05-27T21:15:00,4.439,-,-
2022-05-27T21:00:00,4.448,-,-
2022-05-27T20:45:00,4.454,-,-
2022-05-27T20:30:00,4.457,-,-
2022-05-27T20:15:00,4.459,-,-
2022-05-27T20:00:00,4.459,-,-
2022-05-27T19:45:00,4.458,-,-
2022-05-27T19:30:00,4.457,-,-
2022-05-27T19:15:00,4.459,-,-
2022-05-27T19:00:00,4.458,-,-
2022-05-27T18:45:00,4.456,-,-
2022-05-27T18:30:00,4.457,-,-
2022-05-27T18:15:00,4.455,-,-
2022-05-27T18:00:00,4.453,-,-
2022-05-27T17:45:00,4.453,-,-
2022-05-27T17:30:00,4.452,-,-
2022-05-27T17:15:00,4.450,-,-
2022-05-27T17:00:00,4.447,-,-
2022-05-27T16:45:00,4.447,-,-
2022-05-27T16:30:00,4.445,-,-
2022-05-27T16:15:00,4.442,-,-
2022-05-27T16:00:00,4.442,-,-
2022-05-27T15:45:00,4.442,-,-
2022-05-27T15:30:00,4.442,-,-
2022-05-27T15:15:00,4.441,-,-
2022-05-27T15:00:00,4.440,-,-
2022-05-27T14:45:00,4.440,-,-
2022-05-27T14:30:00,4.440,-,-
2022-05-27T14:15:00,4.438,-,-
2022-05-27T14:00:00,4.438,-,-
2022-05-27T13:45:00,4.436,-,-
2022-05-27T13:30:00,4.434,-,-
2022-05-27T13:15:00,4.431,-,-
2022-05-27T13:00:00,4.429,-,-
2022-05-27T12:45:00,4.426,-,-
2022-05-27T12:30:00,4.421,-,-
2022-05-27T12:15:00,4.415,-,-
2022-05-27T12:00:00,4.406,-,-
2022-05-27T11:45:00,4.397,-,-
2022-05-27T11:30:00,4.383,-,-
2022-05-27T11:15:00,4.369,-,-
2022-05-27T11:00:00,4.349,-,-
2022-05-27T10:45:00,4.326,-,-
2022-05-27T10:30:00,4.300,-,-
2022-05-27T10:15:00,4.276,-,-
2022-05-27T10:00:00,4.255,-,-
2022-05-27T09:45:00,4.241,-,-
2022-05-27T09:30:00,4.232,-,-
2022-05-27T09:15:00,4.229,-,-
2022-05-27T09:00:00,4.229,-,-
2022-05-27T08:45:00,4.230,-,-
2022-05-27T08:30:00,4.232,-,-
2022-05-27T08:15:00,4.233,-,-
2022-05-27T08:00:00,4.235,-,-
2022-05-27T07:45:00,4.236,-,-
2022-05-27T07:30:00,4.235,-,-
2022-05-27T07:15:00,4.232,-,-
2022-05-27T07:00:00,4.227,-,-
2022-05-27T06:45:00,4.225,-,-
2022-05-27T06:30:00,4.230,-,-
2022-05-27T06:15:00,4.236,-,-
2022-05-27T06:00:00,4.244,-,-
2022-05-27T05:45:00,4.252,-,-
2022-05-27T05:30:00,4.262,-,-
2022-05-27T05:15:00,4.272,-,-
2022-05-27T05:00:00,4.282,-,-
2022-05-27T04:45:00,4.294,-,-
2022-05-27T04:30:00,4.307,-,-
2022-05-27T04:15:00,4.321,-,-
2022-05-27T04:00:00,4.335,-,-
2022-05-27T03:45:00,4.351,-,-
2022-05-27T03:30:00,4.367,-,-
2022-05-27T03:15:00,4.383,-,-
2022-05-27T03:00:00,4.399,-,-
2022-05-27T02:45:00,4.416,-,-
2022-05-27T02:30:00,4.435,-,-
2022-05-27T02:15:00,4.454,-,-
2022-05-27T02:00:00,4.473,-,-
2022-05-27T01:45:00,4.492,-,-
2022-05-27T01:30:00,4.514,-,-
2022-05-27T01:15:00,4.533,-,-
2022-05-27T01:00:00,4.553,-,-
2022-05-27T00:45:00,4.575,-,-
2022-05-27T00:30:00,4.598,-,-
2022-05-27T00:15:00,4.621,-,-
2022-05-27T00:00:00,4.648,-,-
2022-05-26T23:45:00,4.672,-,-
2022-05-26T23:30:00,4.700,-,-
2022-05-26T23:15:00,4.731,-,-
2022-05-26T23:00:00,4.764,-,-
2022-05-26T22:45:00,4.796,-,-
2022-05-26T22:30:00,4.837,-,-
2022-05-26T22:15:00,4.880,-,-
2022-05-26T22:00:00,4.913,-,-
2022-05-26T21:45:00,4.951,-,-
2022-05-26T21:30:00,4.988,-,-
2022-05-26T21:15:00,5.021,-,-
2022-05-26T21:00:00,5.049,-,-
2022-05-26T20:45:00,5.073,-,-
2022-05-26T20:30:00,5.091,-,-
2022-05-26T20:15:00,5.101,-,-
2022-05-26T20:00:00,5.102,-,-
2022-05-26T19:45:00,5.100,-,-
2022-05-26T19:30:00,5.095,-,-
2022-05-26T19:15:00,5.091,-,-
2022-05-26T19:00:00,5.086,-,-
2022-05-26T18:45:00,5.081,-,-
2022-05-26T18:30:00,5.079,-,-
2022-05-26T18:15:00,5.076,-,-
2022-05-26T18:00:00,5.070,-,-
2022-05-26T17:45:00,5.067,-,-
2022-05-26T17:30:00,5.061,-,-
2022-05-26T17:15:00,5.057,-,-
2022-05-26T17:00:00,5.055,-,-
2022-05-26T16:45:00,5.050,-,-
2022-05-26T16:30:00,5.046,-,-
2022-05-26T16:15:00,5.040,-,-
2022-05-26T16:00:00,5.037,-,-
2022-05-26T15:45:00,5.033,-,-
2022-05-26T15:30:00,5.026,-,-
2022-05-26T15:15:00,5.024,-,-
2022-05-26T15:00:00,5.019,-,-
2022-05-26T14:45:00,5.014,-,-
2022-05-26T14:30:00,5.009,-,-
2022-05-26T14:15:00,5.002,-,-
2022-05-26T14:00:00,4.997,-,-
2022-05-26T13:45:00,4.989,-,-
2022-05-26T13:30:00,4.982,-,-
2022-05-26T13:15:00,4.969,-,-
2022-05-26T13:00:00,4.959,-,-
2022-05-26T12:45:00,4.941,-,-
2022-05-26T12:30:00,4.920,-,-
2022-05-26T12:15:00,4.893,-,-
2022-05-26T12:00:00,4.864,-,-
2022-05-26T11:45:00,4.828,-,-
2022-05-26T11:30:00,4.790,-,-
2022-05-26T11:15:00,4.750,-,-
2022-05-26T11:00:00,4.718,-,-
2022-05-26T10:45:00,4.691,-,-
2022-05-26T10:30:00,4.674,-,-
2022-05-26T10:15:00,4.662,-,-
2022-05-26T10:00:00,4.651,-,-
2022-05-26T09:45:00,4.640,-,-
2022-05-26T09:30:00,4.632,-,-
2022-05-26T09:15:00,4.628,-,-
2022-05-26T09:00:00,4.627,-,-
2022-05-26T08:45:00,4.630,-,-
2022-05-26T08:30:00,4.635,-,-
2022-05-26T08:15:00,4.640,-,-
2022-05-26T08:00:00,4.646,-,-
2022-05-26T07:45:00,4.651,-,-
2022-05-26T07:30:00,4.656,-,-
2022-05-26T07:15:00,4.661,-,-
2022-05-26T07:00:00,4.666,-,-
2022-05-26T06:45:00,4.670,-,-
2022-05-26T06:30:00,4.676,-,-
2022-05-26T06:15:00,4.682,-,-
2022-05-26T06:00:00,4.687,-,-
2022-05-26T05:45:00,4.692,-,-
2022-05-26T05:30:00,4.697,-,-
2022-05-26T05:15:00,4.702,-,-
2022-05-26T05:00:00,4.707,-,-
2022-05-26T04:45:00,4.712,-,-
2022-05-26T04:30:00,4.718,-,-
2022-05-26T04:15:00,4.724,-,-
2022-05-26T04:00:00,4.730,-,-
2022-05-26T03:45:00,4.736,-,-
2022-05-26T03:30:00,4.741,-,-
2022-05-26T03:15:00,4.746,-,-
2022-05-26T03:00:00,4.752,-,-
2022-05-26T02:45:00,4.758,-,-
2022-05-26T02:30:00,4.765,-,-
2022-05-26T02:15:00,4.771,-,-
2022-05-26T02:00:00,4.778,-,-
2022-05-26T01:45:00,4.784,-,-
2022-05-26T01:30:00,4.791,-,-
2022-05-26T01:15:00,4.800,-,-
2022-05-26T01:00:00,4.810,-,-
2022-05-26T00:45:00,4.821,-,-
2022-05-26T00:30:00,4.833,-,-
2022-05-26T00:15:00,4.848,-,-
2022-05-26T00:00:00,4.863,-,-
2022-05-25T23:45:00,4.880,-,-
2022-05-25T23:30:00,4.896,-,-
2022-05-25T23:15:00,4.912,-,-
2022-05-25T23:00:00,4.927,-,-
2022-05-25T22:45:00,4.941,-,-
2022-05-25T22:30:00,4.951,-,-
2022-05-25T22:15:00,4.955,-,-
2022-05-25T22:00:00,4.957,-,-
2022-05-25T21:45:00,4.956,-,-
2022-05-25T21:30:00,4.958,-,-
2022-05-25T21:15:00,4.958,-,-
2022-05-25T21:00:00,4.959,-,-
2022-05-25T20:45:00,4.960,-,-
2022-05-25T20:30:00,4.959,-,-
2022-05-25T20:15:00,4.960,-,-
2022-05-25T20:00:00,4.959,-,-
2022-05-25T19:45:00,4.961,-,-
2022-05-25T19:30:00,4.962,-,-
2022-05-25T19:15:00,4.963,-,-
2022-05-25T19:00:00,4.965,-,-
2022-05-25T18:45:00,4.966,-,-
2022-05-25T18:30:00,4.968,-,-
2022-05-25T18:15:00,4.968,-,-
2022-05-25T18:00:00,4.968,-,-
2022-05-25T17:45:00,4.970,-,-
2022-05-25T17:30:00,4.973,-,-
2022-05-25T17:15:00,4.975,-,-
2022-05-25T17:00:00,4.974,-,-
2022-05-25T16:45:00,4.973,-,-
2022-05-25T16:30:00,4.972,-,-
2022-05-25T16:15:00,4.970,-,-
2022-05-25T16:00:00,4.968,-,-
2022-05-25T15:45:00,4.968,-,-
2022-05-25T15:30:00,4.967,-,-
2022-05-25T15:15:00,4.964,-,-
2022-05-25T15:00:00,4.964,-,-
2022-05-25T14:45:00,4.962,-,-
2022-05-25T14:30:00,4.960,-,-
2022-05-25T14:15:00,4.958,-,-
2022-05-25T14:00:00,4.955,-,-
2022-05-25T13:45:00,4.955,-,-
2022-05-25T13:30:00,4.952,-,-
2022-05-25T13:15:00,4.950,-,-
2022-05-25T13:00:00,4.949,-,-
2022-05-25T12:45:00,4.946,-,-
2022-05-25T12:30:00,4.942,-,-
2022-05-25T12:15:00,4.938,-,-
2022-05-25T12:00:00,4.932,-,-
2022-05-25T11:45:00,4.924,-,-
2022-05-25T11:30:00,4.916,-,-
2022-05-25T11:15:00,4.909,-,-
2022-05-25T11:00:00,4.900,-,-
2022-05-25T10:45:00,4.896,-,-
2022-05-25T10:30:00,4.892,-,-
2022-05-25T10:15:00,4.890,-,-
2022-05-25T10:00:00,4.890,-,-
2022-05-25T09:45:00,4.887,-,-
2022-05-25T09:30:00,4.885,-,-
2022-05-25T09:15:00,4.884,-,-
2022-05-25T09:00:00,4.883,-,-
2022-05-25T08:45:00,4.881,-,-
2022-05-25T08:30:00,4.880,-,-
2022-05-25T08:15:00,4.880,-,-
2022-05-25T08:00:00,4.878,-,-
2022-05-25T07:45:00,4.877,-,-
2022-05-25T07:30:00,4.875,-,-
2022-05-25T07:15:00,4.872,-,-
2022-05-25T07:00:00,4.896,-,-
2022-05-25T06:45:00,4.890,-,-
2022-05-25T06:30:00,4.891,-,-
2022-05-25T06:15:00,4.889,-,-
2022-05-25T06:00:00,4.886,-,-
2022-05-25T05:45:00,4.885,-,-
2022-05-25T05:30:00,4.883,-,-
2022-05-25T05:15:00,4.882,-,-
2022-05-25T05:00:00,4.881,-,-
2022-05-25T04:45:00,4.879,-,-
2022-05-25T04:30:00,4.879,-,-
2022-05-25T04:15:00,4.877,-,-
2022-05-25T04:00:00,4.877,-,-
2022-05-25T03:45:00,4.876,-,-
2022-05-25T03:30:00,4.874,-,-
2022-05-25T03:15:00,4.871,-,-
2022-05-25T03:00:00,4.869,-,-
2022-05-25T02:45:00,4.868,-,-
2022-05-25T02:30:00,4.867,-,-
2022-05-25T02:15:00,4.863,-,-
2022-05-25T02:00:00,4.862,-,-
2022-05-25T01:45:00,4.860,-,-
2022-05-25T01:30:00,4.855,-,-
2022-05-25T01:15:00,4.853,-,-
2022-05-25T01:00:00,4.849,-,-
2022-05-25T00:45:00,4.850,-,-
2022-05-25T00:30:00,4.847,-,-
2022-05-25T00:15:00,4.845,-,-
2022-05-25T00:00:00,4.848,-,-
2022-05-24T23:45:00,4.848,-,-
2022-05-24T23:30:00,4.848,-,-
2022-05-24T23:15:00,4.846,-,-
2022-05-24T23:00:00,4.841,-,-
2022-05-24T22:45:00,4.834,-,-
2022-05-24T22:30:00,4.820,-,-
2022-05-24T22:15:00,4.803,-,-
2022-05-24T22:00:00,4.783,-,-
2022-05-24T21:45:00,4.755,-,-
2022-05-24T21:30:00,4.726,-,-
2022-05-24T21:15:00,4.690,-,-
2022-05-24T21:00:00,4.649,-,-
2022-05-24T20:45:00,4.601,-,-
2022-05-24T20:30:00,4.549,-,-
2022-05-24T20:15:00,4.486,-,-
2022-05-24T20:00:00,4.422,-,-
2022-05-24T19:45:00,4.361,-,-
2022-05-24T19:30:00,4.287,-,-
2022-05-24T19:15:00,4.237,-,-
2022-05-24T19:00:00,4.205,-,-
2022-05-24T18:45:00,4.184,-,-
2022-05-24T18:30:00,4.169,-,-
2022-05-24T18:15:00,4.159,-,-
2022-05-24T18:00:00,4.150,-,-
2022-05-24T17:45:00,4.143,-,-
2022-05-24T17:30:00,4.136,-,-
2022-05-24T17:15:00,4.130,-,-
2022-05-24T17:00:00,4.125,-,-
2022-05-24T16:45:00,4.121,-,-
2022-05-24T16:30:00,4.117,-,-
2022-05-24T16:15:00,4.114,-,-
2022-05-24T16:00:00,4.114,-,-
2022-05-24T15:45:00,4.113,-,-
2022-05-24T15:30:00,4.112,-,-
2022-05-24T15:15:00,4.112,-,-
2022-05-24T15:00:00,4.112,-,-
2022-05-24T14:45:00,4.113,-,-
2022-05-24T14:30:00,4.112,-,-
2022-05-24T14:15:00,4.112,-,-
2022-05-24T14:00:00,4.113,-,-
2022-05-24T13:45:00,4.113,-,-
2022-05-24T13:30:00,4.113,-,-
2022-05-24T13:15:00,4.113,-,-
2022-05-24T13:00:00,4.112,-,-
2022-05-24T12:45:00,4.113,-,-
2022-05-24T12:30:00,4.114,-,-
2022-05-24T12:15:00,4.114,-,-
2022-05-24T12:00:00,4.114,-,-
2022-05-24T11:45:00,4.115,-,-
2022-05-24T11:30:00,4.116,-,-
2022-05-24T11:15:00,4.116,-,-
2022-05-24T11:00:00,4.118,-,-
2022-05-24T10:45:00,4.119,-,-
2022-05-24T10:30:00,4.120,-,-
2022-05-24T10:15:00,4.121,-,-
2022-05-24T10:00:00,4.122,-,-
2022-05-24T09:45:00,4.122,-,-
2022-05-24T09:30:00,4.123,-,-
2022-05-24T09:15:00,4.123,-,-
2022-05-24T09:00:00,4.125,-,-
2022-05-24T08:45:00,4.126,-,-
2022-05-24T08:30:00,4.127,-,-
2022-05-24T08:15:00,4.129,-,-
2022-05-24T08:00:00,4.131,-,-
2022-05-24T07:45:00,4.132,-,-
2022-05-24T07:30:00,4.134,-,-
2022-05-24T07:15:00,4.136,-,-
2022-05-24T07:00:00,4.138,-,-
2022-05-24T06:45:00,4.141,-,-
2022-05-24T06:30:00,4.143,-,-
2022-05-24T06:15:00,4.146,-,-
2022-05-24T06:00:00,4.148,-,-
2022-05-24T05:45:00,4.151,-,-
2022-05-24T05:30:00,4.154,-,-
2022-05-24T05:15:00,4.157,-,-
2022-05-24T05:00:00,4.160,-,-
2022-05-24T04:45:00,4.163,-,-
2022-05-24T04:30:00,4.165,-,-
2022-05-24T04:15:00,4.168,-,-
2022-05-24T04:00:00,4.171,-,-
2022-05-24T03:45:00,4.173,-,-
2022-05-24T03:30:00,4.176,-,-
2022-05-24T03:15:00,4.179,-,-
2022-05-24T03:00:00,4.181,-,-
2022-05-24T02:45:00,4.185,-,-
2022-05-24T02:30:00,4.188,-,-
2022-05-24T02:15:00,4.191,-,-
2022-05-24T02:00:00,4.195,-,-
2022-05-24T01:45:00,4.198,-,-
2022-05-24T01:30:00,4.203,-,-
2022-05-24T01:15:00,4.207,-,-
2022-05-24T01:00:00,4.211,-,-
2022-05-24T00:45:00,4.215,-,-
2022-05-24T00:30:00,4.219,-,-
2022-05-24T00:15:00,4.223,-,-
2022-05-24T00:00:00,4.228,-,-
2022-05-23T23:45:00,4.234,-,-
2022-05-23T23:30:00,4.238,-,-
2022-05-23T23:15:00,4.243,-,-
2022-05-23T23:00:00,4.247,-,-
2022-05-23T22:45:00,4.251,-,-
2022-05-23T22:30:00,4.256,-,-
2022-05-23T22:15:00,4.261,-,-
2022-05-23T22:00:00,4.266,-,-
2022-05-23T21:45:00,4.271,-,-
2022-05-23T21:30:00,4.276,-,-
2022-05-23T21:15:00,4.283,-,-
2022-05-23T21:00:00,4.287,-,-
2022-05-23T20:45:00,4.292,-,-
2022-05-23T20:30:00,4.297,-,-
2022-05-23T20:15:00,4.301,-,-
2022-05-23T20:00:00,4.307,-,-
2022-05-23T19:45:00,4.311,-,-
2022-05-23T19:30:00,4.316,-,-
2022-05-23T19:15:00,4.322,-,-
2022-05-23T19:00:00,4.328,-,-
2022-05-23T18:45:00,4.335,-,-
2022-05-23T18:30:00,4.340,-,-
2022-05-23T18:15:00,4.346,-,-
2022-05-23T18:00:00,4.351,-,-
2022-05-23T17:45:00,4.356,-,-
2022-05-23T17:30:00,4.362,-,-
2022-05-23T17:15:00,4.368,-,-
2022-05-23T17:00:00,4.375,-,-
2022-05-23T16:45:00,4.382,-,-
2022-05-23T16:30:00,4.390,-,-
2022-05-23T16:15:00,4.400,-,-
2022-05-23T16:00:00,4.407,-,-
2022-05-23T15:45:00,4.411,-,-
2022-05-23T15:30:00,4.415,-,-
2022-05-23T15:15:00,4.418,-,-
2022-05-23T15:00:00,4.422,-,-
2022-05-23T14:45:00,4.426,-,-
2022-05-23T14:30:00,4.428,-,-
2022-05-23T14:15:00,4.432,-,-
2022-05-23T14:00:00,4.434,-,-
2022-05-23T13:45:00,4.439,-,-
2022-05-23T13:30:00,4.441,-,-
2022-05-23T13:15:00,4.445,-,-
2022-05-23T13:00:00,4.448,-,-
2022-05-23T12:45:00,4.452,-,-
2022-05-23T12:30:00,4.456,-,-
2022-05-23T12:15:00,4.460,-,-
2022-05-23T12:00:00,4.464,-,-
2022-05-23T11:45:00,4.465,-,-
2022-05-23T11:30:00,4.468,-,-
2022-05-23T11:15:00,4.471,-,-
2022-05-23T11:00:00,4.474,-,-
2022-05-23T10:45:00,4.480,-,-
2022-05-23T10:30:00,4.485,-,-
2022-05-23T10:15:00,4.491,-,-
2022-05-23T10:00:00,4.497,-,-
2022-05-23T09:45:00,4.503,-,-
2022-05-23T09:30:00,4.509,-,-
2022-05-23T09:15:00,4.515,-,-
2022-05-23T09:00:00,4.521,-,-
2022-05-23T08:45:00,4.527,-,-
2022-05-23T08:30:00,4.533,-,-
2022-05-23T08:15:00,4.539,-,-
2022-05-23T08:00:00,4.544,-,-
2022-05-23T07:45:00,4.550,-,-
2022-05-23T07:30:00,4.557,-,-
2022-05-23T07:15:00,4.567,-,-
2022-05-23T07:00:00,4.570,-,-
2022-05-23T06:45:00,4.576,-,-
2022-05-23T06:30:00,4.579,-,-
2022-05-23T06:15:00,4.583,-,-
2022-05-23T06:00:00,4.587,-,-
2022-05-23T05:45:00,4.591,-,-
2022-05-23T05:30:00,4.595,-,-
2022-05-23T05:15:00,4.598,-,-
2022-05-23T05:00:00,4.601,-,-
2022-05-23T04:45:00,4.606,-,-
2022-05-23T04:30:00,4.608,-,-
2022-05-23T04:15:00,4.612,-,-
2022-05-23T04:00:00,4.615,-,-
2022-05-23T03:45:00,4.619,-,-
2022-05-23T03:30:00,4.623,-,-
2022-05-23T03:15:00,4.627,-,-
2022-05-23T03:00:00,4.630,-,-
2022-05-23T02:45:00,4.633,-,-
2022-05-23T02:30:00,4.637,-,-
2022-05-23T02:15:00,4.640,-,-
2022-05-23T02:00:00,4.643,-,-
2022-05-23T01:45:00,4.647,-,-
2022-05-23T01:30:00,4.650,-,-
2022-05-23T01:15:00,4.655,-,-
2022-05-23T01:00:00,4.658,-,-
2022-05-23T00:45:00,4.662,-,-
2022-05-23T00:30:00,4.665,-,-
2022-05-23T00:15:00,4.668,-,-
2022-05-23T00:00:00,4.673,-,-
2022-05-22T23:45:00,4.675,-,-
2022-05-22T23:30:00,4.678,-,-
2022-05-22T23:15:00,4.681,-,-
2022-05-22T23:00:00,4.684,-,-
2022-05-22T22:45:00,4.687,-,-
2022-05-22T22:30:00,4.690,-,-
2022-05-22T22:15:00,4.693,-,-
2022-05-22T22:00:00,4.697,-,-
2022-05-22T21:45:00,4.700,-,-
2022-05-22T21:30:00,4.703,-,-
2022-05-22T21:15:00,4.706,-,-
2022-05-22T21:00:00,4.709,-,-
2022-05-22T20:45:00,4.712,-,-
2022-05-22T20:30:00,4.714,-,-
2022-05-22T20:15:00,4.717,-,-
2022-05-22T20:00:00,4.720,-,-
2022-05-22T19:45:00,4.723,-,-
2022-05-22T19:30:00,4.725,-,-
2022-05-22T19:15:00,4.727,-,-
2022-05-22T19:00:00,4.730,-,-
2022-05-22T18:45:00,4.731,-,-
2022-05-22T18:30:00,4.733,-,-
2022-05-22T18:15:00,4.736,-,-
2022-05-22T18:00:00,4.738,-,-
2022-05-22T17:45:00,4.742,-,-
2022-05-22T17:30:00,4.747,-,-
2022-05-22T17:15:00,4.752,-,-
2022-05-22T17:00:00,4.757,-,-
2022-05-22T16:45:00,4.761,-,-
2022-05-22T16:30:00,4.767,-,-
2022-05-22T16:15:00,4.772,-,-
2022-05-22T16:00:00,4.779,-,-
2022-05-22T15:45:00,4.783,-,-
2022-05-22T15:30:00,4.788,-,-
2022-05-22T15:15:00,4.793,-,-
2022-05-22T15:00:00,4.797,-,-
2022-05-22T14:45:00,4.802,-,-
2022-05-22T14:30:00,4.807,-,-
2022-05-22T14:15:00,4.813,-,-
2022-05-22T14:00:00,4.818,-,-
2022-05-22T13:45:00,4.824,-,-
2022-05-22T13:30:00,4.829,-,-
2022-05-22T13:15:00,4.833,-,-
2022-05-22T13:00:00,4.839,-,-
2022-05-22T12:45:00,4.843,-,-
2022-05-22T12:30:00,4.848,-,-
2022-05-22T12:15:00,4.853,-,-
2022-05-22T12:00:00,4.858,-,-
2022-05-22T11:45:00,4.864,-,-
2022-05-22T11:30:00,4.868,-,-
2022-05-22T11:15:00,4.875,-,-
2022-05-22T11:00:00,4.881,-,-
2022-05-22T10:45:00,4.886,-,-
2022-05-22T10:30:00,4.893,-,-
2022-05-22T10:15:00,4.900,-,-
2022-05-22T10:00:00,4.906,-,-
2022-05-22T09:45:00,4.911,-,-
2022-05-22T09:30:00,4.918,-,-
2022-05-22T09:15:00,4.922,-,-
2022-05-22T09:00:00,4.929,-,-
2022-05-22T08:45:00,4.937,-,-
2022-05-22T08:30:00,4.942,-,-
2022-05-22T08:15:00,4.949,-,-
2022-05-22T08:00:00,4.953,-,-
2022-05-22T07:45:00,4.959,-,-
2022-05-22T07:30:00,4.964,-,-
2022-05-22T07:15:00,4.969,-,-
2022-05-22T07:00:00,4.972,-,-
2022-05-22T06:45:00,4.976,-,-
2022-05-22T06:30:00,4.982,-,-
2022-05-22T06:15:00,4.986,-,-
2022-05-22T06:00:00,4.991,-,-
2022-05-22T05:45:00,4.997,-,-
2022-05-22T05:30:00,5.003,-,-
2022-05-22T05:15:00,5.006,-,-
2022-05-22T05:00:00,5.011,-,-
2022-05-22T04:45:00,5.017,-,-
2022-05-22T04:30:00,5.021,-,-
2022-05-22T04:15:00,5.025,-,-
2022-05-22T04:00:00,5.031,-,-
2022-05-22T03:45:00,5.034,-,-
2022-05-22T03:30:00,5.038,-,-
2022-05-22T03:15:00,5.040,-,-
2022-05-22T03:00:00,5.044,-,-
2022-05-22T02:45:00,5.046,-,-
2022-05-22T02:30:00,5.047,-,-
2022-05-22T02:15:00,5.048,-,-
2022-05-22T02:00:00,5.047,-,-
2022-05-22T01:45:00,5.045,-,-
2022-05-22T01:30:00,5.042,-,-
2022-05-22T01:15:00,5.035,-,-
2022-05-22T01:00:00,5.025,-,-
2022-05-22T00:45:00,5.016,-,-
2022-05-22T00:30:00,5.002,-,-
2022-05-22T00:15:00,4.983,-,-
2022-05-22T00:00:00,4.963,-,-
2022-05-21T23:45:00,4.938,-,-
2022-05-21T23:30:00,4.912,-,-
2022-05-21T23:15:00,4.882,-,-
2022-05-21T23:00:00,4.858,-,-
2022-05-21T22:45:00,4.830,-,-
2022-05-21T22:30:00,4.803,-,-
2022-05-21T22:15:00,4.771,-,-
2022-05-21T22:00:00,4.742,-,-
2022-05-21T21:45:00,4.709,-,-
2022-05-21T21:30:00,4.676,-,-
2022-05-21T21:15:00,4.641,-,-
2022-05-21T21:00:00,4.607,-,-
2022-05-21T20:45:00,4.573,-,-
2022-05-21T20:30:00,4.543,-,-
2022-05-21T20:15:00,4.514,-,-
2022-05-21T20:00:00,4.491,-,-
2022-05-21T19:45:00,4.474,-,-
2022-05-21T19:30:00,4.464,-,-
2022-05-21T19:15:00,4.460,-,-
2022-05-21T19:00:00,4.459,-,-
2022-05-21T18:45:00,4.459,-,-
2022-05-21T18:30:00,4.459,-,-
2022-05-21T18:15:00,4.458,-,-
2022-05-21T18:00:00,4.460,-,-
2022-05-21T17:45:00,4.460,-,-
2022-05-21T17:30:00,4.463,-,-
2022-05-21T17:15:00,4.465,-,-
2022-05-21T17:00:00,4.468,-,-
2022-05-21T16:45:00,4.472,-,-
2022-05-21T16:30:00,4.475,-,-
2022-05-21T16:15:00,4.479,-,-
2022-05-21T16:00:00,4.482,-,-
2022-05-21T15:45:00,4.486,-,-
2022-05-21T15:30:00,4.489,-,-
2022-05-21T15:15:00,4.492,-,-
2022-05-21T15:00:00,4.497,-,-
2022-05-21T14:45:00,4.502,-,-
2022-05-21T14:30:00,4.508,-,-
2022-05-21T14:15:00,4.512,-,-
2022-05-21T14:00:00,4.516,-,-
2022-05-21T13:45:00,4.519,-,-
2022-05-21T13:30:00,4.522,-,-
2022-05-21T13:15:00,4.525,-,-
2022-05-21T13:00:00,4.530,-,-
2022-05-21T12:45:00,4.535,-,-
2022-05-21T12:30:00,4.538,-,-
2022-05-21T12:15:00,4.542,-,-
2022-05-21T12:00:00,4.546,-,-
2022-05-21T11:45:00,4.549,-,-
2022-05-21T11:30:00,4.552,-,-
2022-05-21T11:15:00,4.557,-,-
2022-05-21T11:00:00,4.560,-,-
2022-05-21T10:45:00,4.564,-,-
2022-05-21T10:30:00,4.567,-,-
2022-05-21T10:15:00,4.572,-,-
2022-05-21T10:00:00,4.575,-,-
2022-05-21T09:45:00,4.576,-,-
2022-05-21T09:30:00,4.577,-,-
2022-05-21T09:15:00,4.579,-,-
2022-05-21T09:00:00,4.581,-,-
2022-05-21T08:45:00,4.582,-,-
2022-05-21T08:30:00,4.584,-,-
2022-05-21T08:15:00,4.584,-,-
2022-05-21T08:00:00,4.586,-,-
2022-05-21T07:45:00,4.588,-,-
2022-05-21T07:30:00,4.588,-,-
2022-05-21T07:15:00,4.590,-,-
2022-05-21T07:00:00,4.590,-,-
2022-05-21T06:45:00,4.592,-,-
2022-05-21T06:30:00,4.593,-,-
2022-05-21T06:15:00,4.594,-,-
2022-05-21T06:00:00,4.596,-,-
2022-05-21T05:45:00,4.597,-,-
2022-05-21T05:30:00,4.598,-,-
2022-05-21T05:15:00,4.599,-,-
2022-05-21T05:00:00,4.600,-,-
2022-05-21T04:45:00,4.601,-,-
2022-05-21T04:30:00,4.601,-,-
2022-05-21T04:15:00,4.602,-,-
2022-05-21T04:00:00,4.603,-,-
2022-05-21T03:45:00,4.604,-,-
2022-05-21T03:30:00,4.605,-,-
2022-05-21T03:15:00,4.605,-,-
2022-05-21T03:00:00,4.606,-,-
2022-05-21T02:45:00,4.606,-,-
2022-05-21T02:30:00,4.607,-,-
2022-05-21T02:15:00,4.606,-,-
2022-05-21T02:00:00,4.606,-,-
2022-05-21T01:45:00,4.605,-,-
2022-05-21T01:30:00,4.605,-,-
2022-05-21T01:15:00,4.603,-,-
2022-05-21T01:00:00,4.601,-,-
2022-05-21T00:45:00,4.599,-,-
2022-05-21T00:30:00,4.597,-,-
2022-05-21T00:15:00,4.595,-,-
2022-05-21T00:00:00,4.593,-,-
2022-06-03T23:45:00,4.481,-,-
2022-06-03T23:30:00,4.490,-,-
2022-06-03T23:15:00,4.501,-,-
2022-06-03T23:00:00,4.513,-,-
2022-06-03T22:45:00,4.526,-,-
2022-06-03T22:30:00,4.539,-,-
2022-06-03T22:15:00,4.555,-,-
2022-06-03T22:00:00,4.571,-,-
2022-06-03T21:45:00,4.589,-,-
2022-06-03T21:30:00,4.605,-,-
2022-06-03T21:15:00,4.620,-,-
2022-06-03T21:00:00,4.630,-,-
2022-06-03T20:45:00,4.639,-,-
2022-06-03T20:30:00,4.643,-,-
2022-06-03T20:15:00,4.644,-,-
2022-06-03T20:00:00,4.643,-,-
2022-06-03T19:45:00,4.641,-,-
2022-06-03T19:30:00,4.639,-,-
2022-06-03T19:15:00,4.637,-,-
2022-06-03T19:00:00,4.635,-,-
2022-06-03T18:45:00,4.633,-,-
2022-06-03T18:30:00,4.631,-,-
2022-06-03T18:15:00,4.629,-,-
2022-06-03T18:00:00,4.627,-,-
2022-06-03T17:45:00,4.626,-,-
2022-06-03T17:30:00,4.622,-,-
2022-06-03T17:15:00,4.623,-,-
2022-06-03T17:00:00,4.623,-,-
2022-06-03T16:45:00,4.622,-,-
2022-06-03T16:30:00,4.623,-,-
2022-06-03T16:15:00,4.621,-,-
2022-06-03T16:00:00,4.622,-,-
2022-06-03T15:45:00,4.620,-,-
2022-06-03T15:30:00,4.622,-,-
2022-06-03T15:15:00,4.620,-,-
2022-06-03T15:00:00,4.621,-,-
2022-06-03T14:45:00,4.619,-,-
2022-06-03T14:30:00,4.617,-,-
2022-06-03T14:15:00,4.614,-,-
2022-06-03T14:00:00,4.612,-,-
2022-06-03T13:45:00,4.611,-,-
2022-06-03T13:30:00,4.609,-,-
2022-06-03T13:15:00,4.607,-,-
2022-06-03T13:00:00,4.607,-,-
2022-06-03T12:45:00,4.605,-,-
2022-06-03T12:30:00,4.603,-,-
2022-06-03T12:15:00,4.599,-,-
2022-06-03T12:00:00,4.593,-,-
2022-06-03T11:45:00,4.586,-,-
2022-06-03T11:30:00,4.579,-,-
2022-06-03T11:15:00,4.570,-,-
2022-06-03T11:00:00,4.556,-,-
2022-06-03T10:45:00,4.541,-,-
2022-06-03T10:30:00,4.524,-,-
2022-06-03T10:15:00,4.505,-,-
2022-06-03T10:00:00,4.487,-,-
2022-06-03T09:45:00,4.477,-,-
2022-06-03T09:30:00,4.473,-,-
2022-06-03T09:15:00,4.473,-,-
2022-06-03T09:00:00,4.478,-,-
2022-06-03T08:45:00,4.483,-,-
2022-06-03T08:30:00,4.489,-,-
2022-06-03T08:15:00,4.494,-,-
2022-06-03T08:00:00,4.500,-,-
2022-06-03T07:45:00,4.506,-,-
2022-06-03T07:30:00,4.512,-,-
2022-06-03T07:15:00,4.517,-,-
2022-06-03T07:00:00,4.523,-,-
2022-06-03T06:45:00,4.529,-,-
2022-06-03T06:30:00,4.534,-,-
2022-06-03T06:15:00,4.539,-,-
2022-06-03T06:00:00,4.544,-,-
2022-06-03T05:45:00,4.550,-,-
2022-06-03T05:30:00,4.556,-,-
2022-06-03T05:15:00,4.562,-,-
2022-06-03T05:00:00,4.568,-,-
2022-06-03T04:45:00,4.575,-,-
2022-06-03T04:30:00,4.581,-,-
2022-06-03T04:15:00,4.587,-,-
2022-06-03T04:00:00,4.592,-,-
2022-06-03T03:45:00,4.598,-,-
2022-06-03T03:30:00,4.604,-,-
2022-06-03T03:15:00,4.610,-,-
2022-06-03T03:00:00,4.616,-,-
2022-06-03T02:45:00,4.622,-,-
2022-06-03T02:30:00,4.629,-,-
2022-06-03T02:15:00,4.636,-,-
2022-06-03T02:00:00,4.643,-,-
2022-06-03T01:45:00,4.650,-,-
2022-06-03T01:30:00,4.656,-,-
2022-06-03T01:15:00,4.662,-,-
2022-06-03T01:00:00,4.670,-,-
2022-06-03T00:45:00,4.676,-,-
2022-06-03T00:30:00,4.683,-,-
2022-06-03T00:15:00,4.691,-,-
2022-06-03T00:00:00,4.699,-,-
2022-06-02T23:45:00,4.707,-,-
2022-06-02T23:30:00,4.716,-,-
2022-06-02T23:15:00,4.726,-,-
2022-06-02T23:00:00,4.736,-,-
2022-06-02T22:45:00,4.747,-,-
2022-06-02T22:30:00,4.759,-,-
2022-06-02T22:15:00,4.772,-,-
2022-06-02T22:00:00,4.787,-,-
2022-06-02T21:45:00,4.805,-,-
2022-06-02T21:30:00,4.821,-,-
2022-06-02T21:15:00,4.832,-,-
2022-06-02T21:00:00,4.841,-,-
2022-06-02T20:45:00,4.846,-,-
2022-06-02T20:30:00,4.850,-,-
2022-06-02T20:15:00,4.852,-,-
2022-06-02T20:00:00,4.851,-,-
2022-06-02T19:45:00,4.849,-,-
2022-06-02T19:30:00,4.848,-,-
2022-06-02T19:15:00,4.847,-,-
2022-06-02T19:00:00,4.846,-,-
2022-06-02T18:45:00,4.846,-,-
2022-06-02T18:30:00,4.844,-,-
2022-06-02T18:15:00,4.843,-,-
2022-06-02T18:00:00,4.842,-,-
2022-06-02T17:45:00,4.840,-,-
2022-06-02T17:30:00,4.838,-,-
2022-06-02T17:15:00,4.835,-,-
2022-06-02T17:00:00,4.832,-,-
2022-06-02T16:45:00,4.829,-,-
2022-06-02T16:30:00,4.827,-,-
2022-06-02T16:15:00,4.824,-,-
2022-06-02T16:00:00,4.820,-,-
2022-06-02T15:45:00,4.818,-,-
2022-06-02T15:30:00,4.815,-,-
2022-06-02T15:15:00,4.813,-,-
2022-06-02T15:00:00,4.810,-,-
2022-06-02T14:45:00,4.807,-,-
2022-06-02T14:30:00,4.804,-,-
2022-06-02T14:15:00,4.800,-,-
2022-06-02T14:00:00,4.799,-,-
2022-06-02T13:45:00,4.796,-,-
2022-06-02T13:30:00,4.793,-,-
2022-06-02T13:15:00,4.789,-,-
2022-06-02T13:00:00,4.787,-,-
2022-06-02T12:45:00,4.784,-,-
2022-06-02T12:30:00,4.778,-,-
2022-06-02T12:15:00,4.775,-,-
2022-06-02T12:00:00,4.770,-,-
2022-06-02T11:45:00,4.765,-,-
2022-06-02T11:30:00,4.757,-,-
2022-06-02T11:15:00,4.750,-,-
2022-06-02T11:00:00,4.739,-,-
2022-06-02T10:45:00,4.726,-,-
2022-06-02T10:30:00,4.710,-,-
2022-06-02T10:15:00,4.693,-,-
2022-06-02T10:00:00,4.676,-,-
2022-06-02T09:45:00,4.662,-,-
2022-06-02T09:30:00,4.652,-,-
2022-06-02T09:15:00,4.648,-,-
2022-06-02T09:00:00,4.647,-,-
2022-06-02T08:45:00,4.648,-,-
2022-06-02T08:30:00,4.650,-,-
2022-06-02T08:15:00,4.652,-,-
2022-06-02T08:00:00,4.654,-,-
2022-06-02T07:45:00,4.656,-,-
2022-06-02T07:30:00,4.659,-,-
2022-06-02T07:15:00,4.660,-,-
2022-06-02T07:00:00,4.663,-,-
2022-06-02T06:45:00,4.664,-,-
2022-06-02T06:30:00,4.669,-,-
2022-06-02T06:15:00,4.672,-,-
2022-06-02T06:00:00,4.674,-,-
2022-06-02T05:45:00,4.676,-,-
2022-06-02T05:30:00,4.678,-,-
2022-06-02T05:15:00,4.679,-,-
2022-06-02T05:00:00,4.681,-,-
2022-06-02T04:45:00,4.683,-,-
2022-06-02T04:30:00,4.685,-,-
2022-06-02T04:15:00,4.687,-,-
2022-06-02T04:00:00,4.688,-,-
2022-06-02T03:45:00,4.690,-,-
2022-06-02T03:30:00,4.692,-,-
2022-06-02T03:15:00,4.694,-,-
2022-06-02T03:00:00,4.696,-,-
2022-06-02T02:45:00,4.698,-,-
2022-06-02T02:30:00,4.700,-,-
2022-06-02T02:15:00,4.702,-,-
2022-06-02T02:00:00,4.704,-,-
2022-06-02T01:45:00,4.706,-,-
2022-06-02T01:30:00,4.708,-,-
2022-06-02T01:15:00,4.710,-,-
2022-06-02T01:00:00,4.713,-,-
2022-06-02T00:45:00,4.716,-,-
2022-06-02T00:30:00,4.719,-,-
2022-06-02T00:15:00,4.722,-,-
2022-06-02T00:00:00,4.725,-,-
2022-06-01T23:45:00,4.729,-,-
2022-06-01T23:30:00,4.733,-,-
2022-06-01T23:15:00,4.738,-,-
2022-06-01T23:00:00,4.744,-,-
2022-06-01T22:45:00,4.751,-,-
2022-06-01T22:30:00,4.760,-,-
2022-06-01T22:15:00,4.770,-,-
2022-06-01T22:00:00,4.780,-,-
2022-06-01T21:45:00,4.791,-,-
2022-06-01T21:30:00,4.804,-,-
2022-06-01T21:15:00,4.816,-,-
2022-06-01T21:00:00,4.825,-,-
2022-06-01T20:45:00,4.831,-,-
2022-06-01T20:30:00,4.834,-,-
2022-06-01T20:15:00,4.834,-,-
2022-06-01T20:00:00,4.831,-,-
2022-06-01T19:45:00,4.828,-,-
2022-06-01T19:30:00,4.825,-,-
2022-06-01T19:15:00,4.821,-,-
2022-06-01T19:00:00,4.818,-,-
2022-06-01T18:45:00,4.816,-,-
2022-06-01T18:30:00,4.812,-,-
2022-06-01T18:15:00,4.810,-,-
2022-06-01T18:00:00,4.806,-,-
2022-06-01T17:45:00,4.802,-,-
2022-06-01T17:30:00,4.801,-,-
2022-06-01T17:15:00,4.796,-,-
2022-06-01T17:00:00,4.793,-,-
2022-06-01T16:45:00,4.791,-,-
2022-06-01T16:30:00,4.787,-,-
2022-06-01T16:15:00,4.784,-,-
2022-06-01T16:00:00,4.782,-,-
2022-06-01T15:45:00,4.778,-,-
2022-06-01T15:30:00,4.774,-,-
2022-06-01T15:15:00,4.772,-,-
2022-06-01T15:00:00,4.771,-,-
2022-06-01T14:45:00,4.766,-,-
2022-06-01T14:30:00,4.762,-,-
2022-06-01T14:15:00,4.758,-,-
2022-06-01T14:00:00,4.754,-,-
2022-06-01T13:45:00,4.751,-,-
2022-06-01T13:30:00,4.748,-,-
2022-06-01T13:15:00,4.745,-,-
2022-06-01T13:00:00,4.740,-,-
2022-06-01T12:45:00,4.737,-,-
2022-06-01T12:30:00,4.732,-,-
2022-06-01T12:15:00,4.727,-,-
2022-06-01T12:00:00,4.721,-,-
2022-06-01T11:45:00,4.715,-,-
2022-06-01T11:30:00,4.707,-,-
2022-06-01T11:15:00,4.696,-,-
2022-06-01T11:00:00,4.685,-,-
2022-06-01T10:45:00,4.669,-,-
2022-06-01T10:30:00,4.650,-,-
2022-06-01T10:15:00,4.627,-,-
2022-06-01T10:00:00,4.598,-,-
2022-06-01T09:45:00,4.574,-,-
2022-06-01T09:30:00,4.549,-,-
2022-06-01T09:15:00,4.534,-,-
2022-06-01T09:00:00,4.526,-,-
2022-06-01T08:45:00,4.523,-,-
2022-06-01T08:30:00,4.522,-,-
2022-06-01T08:15:00,4.522,-,-
2022-06-01T08:00:00,4.523,-,-
2022-06-01T07:45:00,4.523,-,-
2022-06-01T07:30:00,4.522,-,-
2022-06-01T07:15:00,4.521,-,-
2022-06-01T07:00:00,4.520,-,-
2022-06-01T06:45:00,4.518,-,-
2022-06-01T06:30:00,4.515,-,-
2022-06-01T06:15:00,4.514,-,-
2022-06-01T06:00:00,4.515,-,-
2022-06-01T05:45:00,4.515,-,-
2022-06-01T05:30:00,4.515,-,-
2022-06-01T05:15:00,4.515,-,-
2022-06-01T05:00:00,4.515,-,-
2022-06-01T04:45:00,4.514,-,-
2022-06-01T04:30:00,4.515,-,-
2022-06-01T04:15:00,4.515,-,-
2022-06-01T04:00:00,4.515,-,-
2022-06-01T03:45:00,4.516,-,-
2022-06-01T03:30:00,4.515,-,-
2022-06-01T03:15:00,4.515,-,-
2022-06-01T03:00:00,4.515,-,-
2022-06-01T02:45:00,4.515,-,-
2022-06-01T02:30:00,4.515,-,-
2022-06-01T02:15:00,4.515,-,-
2022-06-01T02:00:00,4.516,-,-
2022-06-01T01:45:00,4.517,-,-
2022-06-01T01:30:00,4.518,-,-
2022-06-01T01:15:00,4.519,-,-
2022-06-01T01:00:00,4.521,-,-
2022-06-01T00:45:00,4.523,-,-
2022-06-01T00:30:00,4.526,-,-
2022-06-01T00:15:00,4.529,-,-
2022-06-01T00:00:00,4.534,-,-
2022-05-31T23:45:00,4.540,-,-
2022-05-31T23:30:00,4.548,-,-
2022-05-31T23:15:00,4.558,-,-
2022-05-31T23:00:00,4.569,-,-
2022-05-31T22:45:00,4.580,-,-
2022-05-31T22:30:00,4.597,-,-
2022-05-31T22:15:00,4.612,-,-
2022-05-31T22:00:00,4.632,-,-
2022-05-31T21:45:00,4.647,-,-
2022-05-31T21:30:00,4.660,-,-
2022-05-31T21:15:00,4.671,-,-
2022-05-31T21:00:00,4.676,-,-
2022-05-31T20:45:00,4.676,-,-
2022-05-31T20:30:00,4.666,-,-
2022-05-31T20:15:00,4.653,-,-
2022-05-31T20:00:00,4.636,-,-
2022-05-31T19:45:00,4.620,-,-
2022-05-31T19:30:00,4.608,-,-
2022-05-31T19:15:00,4.597,-,-
2022-05-31T19:00:00,4.589,-,-
2022-05-31T18:45:00,4.585,-,-
2022-05-31T18:30:00,4.580,-,-
2022-05-31T18:15:00,4.571,-,-
2022-05-31T18:00:00,4.547,-,-
2022-05-31T17:45:00,4.536,-,-
2022-05-31T17:30:00,4.518,-,-
2022-05-31T17:15:00,4.515,-,-
2022-05-31T17:00:00,4.513,-,-
2022-05-31T16:45:00,4.510,-,-
2022-05-31T16:30:00,4.508,-,-
2022-05-31T16:15:00,4.505,-,-
2022-05-31T16:00:00,4.502,-,-
2022-05-31T15:45:00,4.500,-,-
2022-05-31T15:30:00,4.497,-,-
2022-05-31T15:15:00,4.494,-,-
2022-05-31T15:00:00,4.491,-,-
2022-05-31T14:45:00,4.488,-,-
2022-05-31T14:30:00,4.484,-,-
2022-05-31T14:15:00,4.479,-,-
2022-05-31T14:00:00,4.477,-,-
2022-05-31T13:45:00,4.471,-,-
2022-05-31T13:30:00,4.465,-,-
2022-05-31T13:15:00,4.458,-,-
2022-05-31T13:00:00,4.447,-,-
2022-05-31T12:45:00,4.437,-,-
2022-05-31T12:30:00,4.424,-,-
2022-05-31T12:15:00,4.409,-,-
2022-05-31T12:00:00,4.393,-,-
2022-05-31T11:45:00,4.374,-,-
2022-05-31T11:30:00,4.355,-,-
2022-05-31T11:15:00,4.335,-,-
2022-05-31T11:00:00,4.314,-,-
2022-05-31T10:45:00,4.292,-,-
2022-05-31T10:30:00,4.270,-,-
2022-05-31T10:15:00,4.247,-,-
2022-05-31T10:00:00,4.226,-,-
2022-05-31T09:45:00,4.209,-,-
2022-05-31T09:30:00,4.201,-,-
2022-05-31T09:15:00,4.200,-,-
2022-05-31T09:00:00,4.201,-,-
2022-05-31T08:45:00,4.204,-,-
2022-05-31T08:30:00,4.206,-,-
2022-05-31T08:15:00,4.208,-,-
2022-05-31T08:00:00,4.211,-,-
2022-05-31T07:45:00,4.213,-,-
2022-05-31T07:30:00,4.217,-,-
2022-05-31T07:15:00,4.221,-,-
2022-05-31T07:00:00,4.225,-,-
2022-05-31T06:45:00,4.229,-,-
2022-05-31T06:30:00,4.234,-,-
2022-05-31T06:15:00,4.239,-,-
2022-05-31T06:00:00,4.244,-,-
2022-05-31T05:45:00,4.249,-,-
2022-05-31T05:30:00,4.254,-,-
2022-05-31T05:15:00,4.259,-,-
2022-05-31T05:00:00,4.264,-,-
2022-05-31T04:45:00,4.268,-,-
2022-05-31T04:30:00,4.273,-,-
2022-05-31T04:15:00,4.277,-,-
2022-05-31T04:00:00,4.282,-,-
2022-05-31T03:45:00,4.286,-,-
2022-05-31T03:30:00,4.291,-,-
2022-05-31T03:15:00,4.296,-,-
2022-05-31T03:00:00,4.302,-,-
2022-05-31T02:45:00,4.307,-,-
2022-05-31T02:30:00,4.313,-,-
2022-05-31T02:15:00,4.319,-,-
2022-05-31T02:00:00,4.325,-,-
2022-05-31T01:45:00,4.331,-,-
2022-05-31T01:30:00,4.337,-,-
2022-05-31T01:15:00,4.344,-,-
2022-05-31T01:00:00,4.351,-,-
2022-05-31T00:45:00,4.358,-,-
2022-05-31T00:30:00,4.366,-,-
2022-05-31T00:15:00,4.374,-,-
2022-05-31T00:00:00,4.383,-,-
2022-05-30T23:45:00,4.394,-,-
2022-05-30T23:30:00,4.404,-,-
2022-05-30T23:15:00,4.414,-,-
2022-05-30T23:00:00,4.426,-,-
2022-05-30T22:45:00,4.440,-,-
2022-05-30T22:30:00,4.455,-,-
2022-05-30T22:15:00,4.471,-,-
2022-05-30T22:00:00,4.486,-,-
2022-05-30T21:45:00,4.502,-,-
2022-05-30T21:30:00,4.516,-,-
2022-05-30T21:15:00,4.528,-,-
2022-05-30T21:00:00,4.537,-,-
2022-05-30T20:45:00,4.543,-,-
2022-05-30T20:30:00,4.546,-,-
2022-05-30T20:15:00,4.549,-,-
2022-05-30T20:00:00,4.551,-,-
2022-05-30T19:45:00,4.552,-,-
2022-05-30T19:30:00,4.554,-,-
2022-05-30T19:15:00,4.555,-,-
2022-05-30T19:00:00,4.557,-,-
2022-05-30T18:45:00,4.559,-,-
2022-05-30T18:30:00,4.561,-,-
2022-05-30T18:15:00,4.562,-,-
2022-05-30T18:00:00,4.564,-,-
2022-05-30T17:45:00,4.565,-,-
2022-05-30T17:30:00,4.566,-,-
2022-05-30T17:15:00,4.568,-,-
2022-05-30T17:00:00,4.570,-,-
2022-05-30T16:45:00,4.574,-,-
2022-05-30T16:30:00,4.575,-,-
2022-05-30T16:15:00,4.577,-,-
2022-05-30T16:00:00,4.579,-,-
2022-05-30T15:45:00,4.582,-,-
2022-05-30T15:30:00,4.582,-,-
2022-05-30T15:15:00,4.582,-,-
2022-05-30T15:00:00,4.582,-,-
2022-05-30T14:45:00,4.582,-,-
2022-05-30T14:30:00,4.584,-,-
2022-05-30T14:15:00,4.585,-,-
2022-05-30T14:00:00,4.585,-,-
2022-05-30T13:45:00,4.585,-,-
2022-05-30T13:30:00,4.585,-,-
2022-05-30T13:15:00,4.586,-,-
2022-05-30T13:00:00,4.587,-,-
2022-05-30T12:45:00,4.587,-,-
2022-05-30T12:30:00,4.585,-,-
2022-05-30T12:15:00,4.585,-,-
2022-05-30T12:00:00,4.584,-,-
2022-05-30T11:45:00,4.581,-,-
2022-05-30T11:30:00,4.577,-,-
2022-05-30T11:15:00,4.574,-,-
2022-05-30T11:00:00,4.566,-,-
2022-05-30T10:45:00,4.555,-,-
2022-05-30T10:30:00,4.544,-,-
2022-05-30T10:15:00,4.533,-,-
2022-05-30T10:00:00,4.522,-,-
2022-05-30T09:45:00,4.512,-,-
2022-05-30T09:30:00,4.505,-,-
2022-05-30T09:15:00,4.502,-,-
2022-05-30T09:00:00,4.504,-,-
2022-05-30T08:45:00,4.507,-,-
2022-05-30T08:30:00,4.511,-,-
2022-05-30T08:15:00,4.516,-,-
2022-05-30T08:00:00,4.520,-,-
2022-05-30T07:45:00,4.526,-,-
2022-05-30T07:30:00,4.532,-,-
2022-05-30T07:15:00,4.538,-,-
2022-05-30T07:00:00,4.544,-,-
2022-05-30T06:45:00,4.551,-,-
2022-05-30T06:30:00,4.558,-,-
2022-05-30T06:15:00,4.565,-,-
2022-05-30T06:00:00,4.572,-,-
2022-05-30T05:45:00,4.579,-,-
2022-05-30T05:30:00,4.585,-,-
2022-05-30T05:15:00,4.592,-,-
2022-05-30T05:00:00,4.598,-,-
2022-05-30T04:45:00,4.606,-,-
2022-05-30T04:30:00,4.612,-,-
2022-05-30T04:15:00,4.619,-,-
2022-05-30T04:00:00,4.627,-,-
2022-05-30T03:45:00,4.635,-,-
2022-05-30T03:30:00,4.642,-,-
2022-05-30T03:15:00,4.649,-,-
2022-05-30T03:00:00,4.657,-,-
2022-05-30T02:45:00,4.663,-,-
2022-05-30T02:30:00,4.671,-,-
2022-05-30T02:15:00,4.678,-,-
2022-05-30T02:00:00,4.685,-,-
2022-05-30T01:45:00,4.693,-,-
2022-05-30T01:30:00,4.701,-,-
2022-05-30T01:15:00,4.709,-,-
2022-05-30T01:00:00,4.718,-,-
2022-05-30T00:45:00,4.727,-,-
2022-05-30T00:30:00,4.736,-,-
2022-05-30T00:15:00,4.745,-,-
2022-05-30T00:00:00,4.755,-,-
2022-05-29T23:45:00,4.766,-,-
2022-05-29T23:30:00,4.777,-,-
2022-05-29T23:15:00,4.788,-,-
2022-05-29T23:00:00,4.803,-,-
2022-05-29T22:45:00,4.821,-,-
2022-05-29T22:30:00,4.841,-,-
2022-05-29T22:15:00,4.869,-,-
2022-05-29T22:00:00,4.895,-,-
2022-05-29T21:45:00,4.922,-,-
2022-05-29T21:30:00,4.953,-,-
2022-05-29T21:15:00,4.982,-,-
2022-05-29T21:00:00,5.011,-,-
2022-05-29T20:45:00,5.033,-,-
2022-05-29T20:30:00,5.051,-,-
2022-05-29T20:15:00,5.063,-,-
2022-05-29T20:00:00,5.065,-,-
2022-05-29T19:45:00,5.065,-,-
2022-05-29T19:30:00,5.058,-,-
2022-05-29T19:15:00,5.055,-,-
2022-05-29T19:00:00,5.051,-,-
2022-05-29T18:45:00,5.046,-,-
2022-05-29T18:30:00,5.040,-,-
2022-05-29T18:15:00,5.037,-,-
2022-05-29T18:00:00,5.032,-,-
2022-05-29T17:45:00,5.027,-,-
2022-05-29T17:30:00,5.023,-,-
2022-05-29T17:15:00,5.019,-,-
2022-05-29T17:00:00,5.013,-,-
2022-05-29T16:45:00,5.012,-,-
2022-05-29T16:30:00,5.006,-,-
2022-05-29T16:15:00,5.000,-,-
2022-05-29T16:00:00,4.997,-,-
2022-05-29T15:45:00,4.991,-,-
2022-05-29T15:30:00,4.987,-,-
2022-05-29T15:15:00,4.981,-,-
2022-05-29T15:00:00,4.977,-,-
2022-05-29T14:45:00,4.972,-,-
2022-05-29T14:30:00,4.967,-,-
2022-05-29T14:15:00,4.963,-,-
2022-05-29T14:00:00,4.957,-,-
2022-05-29T13:45:00,4.952,-,-
2022-05-29T13:30:00,4.947,-,-
2022-05-29T13:15:00,4.941,-,-
2022-05-29T13:00:00,4.934,-,-
2022-05-29T12:45:00,4.925,-,-
2022-05-29T12:30:00,4.916,-,-
2022-05-29T12:15:00,4.906,-,-
2022-05-29T12:00:00,4.894,-,-
2022-05-29T11:45:00,4.881,-,-
2022-05-29T11:30:00,4.860,-,-
2022-05-29T11:15:00,4.835,-,-
2022-05-29T11:00:00,4.800,-,-
2022-05-29T10:45:00,4.758,-,-
2022-05-29T10:30:00,4.707,-,-
2022-05-29T10:15:00,4.651,-,-
2022-05-29T10:00:00,4.595,-,-
2022-05-29T09:45:00,4.549,-,-
2022-05-29T09:30:00,4.524,-,-
2022-05-29T09:15:00,4.517,-,-
2022-05-29T09:00:00,4.519,-,-
2022-05-29T08:45:00,4.522,-,-
2022-05-29T08:30:00,4.526,-,-
2022-05-29T08:15:00,4.529,-,-
2022-05-29T08:00:00,4.533,-,-
2022-05-29T07:45:00,4.536,-,-
2022-05-29T07:30:00,4.540,-,-
2022-05-29T07:15:00,4.543,-,-
2022-05-29T07:00:00,4.545,-,-
2022-05-29T06:45:00,4.546,-,-
2022-05-29T06:30:00,4.548,-,-
2022-05-29T06:15:00,4.548,-,-
2022-05-29T06:00:00,4.546,-,-
2022-05-29T05:45:00,4.546,-,-
2022-05-29T05:30:00,4.543,-,-
2022-05-29T05:15:00,4.542,-,-
2022-05-29T05:00:00,4.540,-,-
2022-05-29T04:45:00,4.539,-,-
2022-05-29T04:30:00,4.538,-,-
2022-05-29T04:15:00,4.538,-,-
2022-05-29T04:00:00,4.540,-,-
2022-05-29T03:45:00,4.542,-,-
2022-05-29T03:30:00,4.545,-,-
2022-05-29T03:15:00,4.549,-,-
2022-05-29T03:00:00,4.551,-,-
2022-05-29T02:45:00,4.555,-,-
2022-05-29T02:30:00,4.558,-,-
2022-05-29T02:15:00,4.562,-,-
2022-05-29T02:00:00,4.565,-,-
2022-05-29T01:45:00,4.569,-,-
2022-05-29T01:30:00,4.572,-,-
2022-05-29T01:15:00,4.577,-,-
2022-05-29T01:00:00,4.581,-,-
2022-05-29T00:45:00,4.587,-,-
2022-05-29T00:30:00,4.593,-,-
2022-05-29T00:15:00,4.600,-,-
2022-05-29T00:00:00,4.608,-,-
2022-05-28T23:45:00,4.617,-,-
2022-05-28T23:30:00,4.629,-,-
2022-05-28T23:15:00,4.643,-,-
2022-05-28T23:00:00,4.661,-,-
2022-05-28T22:45:00,4.680,-,-
2022-05-28T22:30:00,4.703,-,-
2022-05-28T22:15:00,4.730,-,-
2022-05-28T22:00:00,4.760,-,-
2022-05-28T21:45:00,4.793,-,-
2022-05-28T21:30:00,4.828,-,-
2022-05-28T21:15:00,4.861,-,-
2022-05-28T21:00:00,4.888,-,-
2022-05-28T20:45:00,4.909,-,-
2022-05-28T20:30:00,4.922,-,-
2022-05-28T20:15:00,4.927,-,-
2022-05-28T20:00:00,4.929,-,-
2022-05-28T19:45:00,4.924,-,-
2022-05-28T19:30:00,4.920,-,-
2022-05-28T19:15:00,4.918,-,-
2022-05-28T19:00:00,4.917,-,-
2022-05-28T18:45:00,4.909,-,-
2022-05-28T18:30:00,4.904,-,-
2022-05-28T18:15:00,4.900,-,-
2022-05-28T18:00:00,4.896,-,-
2022-05-28T17:45:00,4.893,-,-
2022-05-28T17:30:00,4.891,-,-
2022-05-28T17:15:00,4.886,-,-
2022-05-28T17:00:00,4.883,-,-
2022-05-28T16:45:00,4.877,-,-
2022-05-28T16:30:00,4.872,-,-
2022-05-28T16:15:00,4.868,-,-
2022-05-28T16:00:00,4.869,-,-
2022-05-28T15:45:00,4.862,-,-
2022-05-28T15:30:00,4.857,-,-
2022-05-28T15:15:00,4.853,-,-
2022-05-28T15:00:00,4.851,-,-
2022-05-28T14:45:00,4.845,-,-
2022-05-28T14:30:00,4.843,-,-
2022-05-28T14:15:00,4.839,-,-
2022-05-28T14:00:00,4.835,-,-
2022-05-28T13:45:00,4.830,-,-
2022-05-28T13:30:00,4.824,-,-
2022-05-28T13:15:00,4.816,-,-
2022-05-28T13:00:00,4.808,-,-
2022-05-28T12:45:00,4.796,-,-
2022-05-28T12:30:00,4.782,-,-
2022-05-28T12:15:00,4.767,-,-
2022-05-28T12:00:00,4.744,-,-
2022-05-28T11:45:00,4.718,-,-
2022-05-28T11:30:00,4.680,-,-
2022-05-28T11:15:00,4.638,-,-
2022-05-28T11:00:00,4.581,-,-
2022-05-28T10:45:00,4.518,-,-
2022-05-28T10:30:00,4.453,-,-
2022-05-28T10:15:00,4.397,-,-
2022-05-28T10:00:00,4.353,-,-
2022-05-28T09:45:00,4.323,-,-
2022-05-28T09:30:00,4.301,-,-
2022-05-28T09:15:00,4.290,-,-
2022-05-28T09:00:00,4.285,-,-
2022-05-28T08:45:00,4.284,-,-
2022-05-28T08:30:00,4.286,-,-
2022-05-28T08:15:00,4.288,-,-
2022-05-28T08:00:00,4.290,-,-
2022-05-28T07:45:00,4.292,-,-
2022-05-28T07:30:00,4.294,-,-
2022-05-28T07:15:00,4.297,-,-
2022-05-28T07:00:00,4.298,-,-
2022-05-28T06:45:00,4.300,-,-
2022-05-28T06:30:00,4.302,-,-
2022-05-28T06:15:00,4.303,-,-
2022-05-28T06:00:00,4.305,-,-
2022-05-28T05:45:00,4.306,-,-
2022-05-28T05:30:00,4.307,-,-
2022-05-28T05:15:00,4.307,-,-
2022-05-28T05:00:00,4.308,-,-
2022-05-28T04:45:00,4.307,-,-
2022-05-28T04:30:00,4.308,-,-
2022-05-28T04:15:00,4.308,-,-
2022-05-28T04:00:00,4.306,-,-
2022-05-28T03:45:00,4.306,-,-
2022-05-28T03:30:00,4.304,-,-
2022-05-28T03:15:00,4.304,-,-
2022-05-28T03:00:00,4.302,-,-
2022-05-28T02:45:00,4.301,-,-
2022-05-28T02:30:00,4.299,-,-
2022-05-28T02:15:00,4.297,-,-
2022-05-28T02:00:00,4.296,-,-
2022-05-28T01:45:00,4.294,-,-
2022-05-28T01:30:00,4.294,-,-
2022-05-28T01:15:00,4.294,-,-
2022-05-28T01:00:00,4.294,-,-
2022-05-28T00:45:00,4.295,-,-
2022-05-28T00:30:00,4.297,-,-
2022-05-28T00:15:00,4.299,-,-
2022-05-28T00:00:00,4.304,-,-
2022-06-10T23:45:00,4.596,-,-
2022-06-10T23:30:00,4.605,-,-
2022-06-10T23:15:00,4.618,-,-
2022-06-10T23:00:00,4.633,-,-
2022-06-10T22:45:00,4.650,-,-
2022-06-10T22:30:00,4.668,-,-
2022-06-10T22:15:00,4.686,-,-
2022-06-10T22:00:00,4.707,-,-
2022-06-10T21:45:00,4.730,-,-
2022-06-10T21:30:00,4.754,-,-
2022-06-10T21:15:00,4.777,-,-
2022-06-10T21:00:00,4.798,-,-
2022-06-10T20:45:00,4.818,-,-
2022-06-10T20:30:00,4.832,-,-
2022-06-10T20:15:00,4.840,-,-
2022-06-10T20:00:00,4.849,-,-
2022-06-10T19:45:00,4.855,-,-
2022-06-10T19:30:00,4.862,-,-
2022-06-10T19:15:00,4.868,-,-
2022-06-10T19:00:00,4.877,-,-
2022-06-10T18:45:00,4.889,-,-
2022-06-10T18:30:00,4.888,-,-
2022-06-10T18:15:00,4.889,-,-
2022-06-10T18:00:00,4.885,-,-
2022-06-10T17:45:00,4.871,-,-
2022-06-10T17:30:00,4.860,-,-
2022-06-10T17:15:00,4.853,-,-
2022-06-10T17:00:00,4.851,-,-
2022-06-10T16:45:00,4.850,-,-
2022-06-10T16:30:00,4.848,-,-
2022-06-10T16:15:00,4.846,-,-
2022-06-10T16:00:00,4.844,-,-
2022-06-10T15:45:00,4.842,-,-
2022-06-10T15:30:00,4.840,-,-
2022-06-10T15:15:00,4.838,-,-
2022-06-10T15:00:00,4.836,-,-
2022-06-10T14:45:00,4.835,-,-
2022-06-10T14:30:00,4.831,-,-
2022-06-10T14:15:00,4.830,-,-
2022-06-10T14:00:00,4.828,-,-
2022-06-10T13:45:00,4.828,-,-
2022-06-10T13:30:00,4.826,-,-
2022-06-10T13:15:00,4.822,-,-
2022-06-10T13:00:00,4.820,-,-
2022-06-10T12:45:00,4.818,-,-
2022-06-10T12:30:00,4.814,-,-
2022-06-10T12:15:00,4.811,-,-
2022-06-10T12:00:00,4.808,-,-
2022-06-10T11:45:00,4.804,-,-
2022-06-10T11:30:00,4.797,-,-
2022-06-10T11:15:00,4.792,-,-
2022-06-10T11:00:00,4.784,-,-
2022-06-10T10:45:00,4.773,-,-
2022-06-10T10:30:00,4.759,-,-
2022-06-10T10:15:00,4.743,-,-
2022-06-10T10:00:00,4.723,-,-
2022-06-10T09:45:00,4.701,-,-
2022-06-10T09:30:00,4.677,-,-
2022-06-10T09:15:00,4.655,-,-
2022-06-10T09:00:00,4.638,-,-
2022-06-10T08:45:00,4.627,-,-
2022-06-10T08:30:00,4.623,-,-
2022-06-10T08:15:00,4.622,-,-
2022-06-10T08:00:00,4.623,-,-
2022-06-10T07:45:00,4.622,-,-
2022-06-10T07:30:00,4.621,-,-
2022-06-10T07:15:00,4.619,-,-
2022-06-10T07:00:00,4.616,-,-
2022-06-10T06:45:00,4.613,-,-
2022-06-10T06:30:00,4.611,-,-
2022-06-10T06:15:00,4.607,-,-
2022-06-10T06:00:00,4.604,-,-
2022-06-10T05:45:00,4.601,-,-
2022-06-10T05:30:00,4.598,-,-
2022-06-10T05:15:00,4.596,-,-
2022-06-10T05:00:00,4.593,-,-
2022-06-10T04:45:00,4.591,-,-
2022-06-10T04:30:00,4.589,-,-
2022-06-10T04:15:00,4.590,-,-
2022-06-10T04:00:00,4.590,-,-
2022-06-10T03:45:00,4.592,-,-
2022-06-10T03:30:00,4.593,-,-
2022-06-10T03:15:00,4.594,-,-
2022-06-10T03:00:00,4.596,-,-
2022-06-10T02:45:00,4.596,-,-
2022-06-10T02:30:00,4.599,-,-
2022-06-10T02:15:00,4.601,-,-
2022-06-10T02:00:00,4.603,-,-
2022-06-10T01:45:00,4.605,-,-
2022-06-10T01:30:00,4.606,-,-
2022-06-10T01:15:00,4.608,-,-
2022-06-10T01:00:00,4.609,-,-
2022-06-10T00:45:00,4.610,-,-
2022-06-10T00:30:00,4.612,-,-
2022-06-10T00:15:00,4.614,-,-
2022-06-10T00:00:00,4.617,-,-
2022-06-09T23:45:00,4.621,-,-
2022-06-09T23:30:00,4.625,-,-
2022-06-09T23:15:00,4.630,-,-
2022-06-09T23:00:00,4.636,-,-
2022-06-09T22:45:00,4.644,-,-
2022-06-09T22:30:00,4.655,-,-
2022-06-09T22:15:00,4.669,-,-
2022-06-09T22:00:00,4.684,-,-
2022-06-09T21:45:00,4.701,-,-
2022-06-09T21:30:00,4.718,-,-
2022-06-09T21:15:00,4.731,-,-
2022-06-09T21:00:00,4.742,-,-
2022-06-09T20:45:00,4.751,-,-
2022-06-09T20:30:00,4.757,-,-
2022-06-09T20:15:00,4.759,-,-
2022-06-09T20:00:00,4.759,-,-
2022-06-09T19:45:00,4.757,-,-
2022-06-09T19:30:00,4.755,-,-
2022-06-09T19:15:00,4.753,-,-
2022-06-09T19:00:00,4.748,-,-
2022-06-09T18:45:00,4.746,-,-
2022-06-09T18:30:00,4.743,-,-
2022-06-09T18:15:00,4.741,-,-
2022-06-09T18:00:00,4.737,-,-
2022-06-09T17:45:00,4.734,-,-
2022-06-09T17:30:00,4.730,-,-
2022-06-09T17:15:00,4.727,-,-
2022-06-09T17:00:00,4.723,-,-
2022-06-09T16:45:00,4.719,-,-
2022-06-09T16:30:00,4.716,-,-
2022-06-09T16:15:00,4.713,-,-
2022-06-09T16:00:00,4.710,-,-
2022-06-09T15:45:00,4.706,-,-
2022-06-09T15:30:00,4.702,-,-
2022-06-09T15:15:00,4.699,-,-
2022-06-09T15:00:00,4.693,-,-
2022-06-09T14:45:00,4.691,-,-
2022-06-09T14:30:00,4.688,-,-
2022-06-09T14:15:00,4.684,-,-
2022-06-09T14:00:00,4.680,-,-
2022-06-09T13:45:00,4.677,-,-
2022-06-09T13:30:00,4.673,-,-
2022-06-09T13:15:00,4.669,-,-
2022-06-09T13:00:00,4.665,-,-
2022-06-09T12:45:00,4.660,-,-
2022-06-09T12:30:00,4.657,-,-
2022-06-09T12:15:00,4.652,-,-
2022-06-09T12:00:00,4.647,-,-
2022-06-09T11:45:00,4.641,-,-
2022-06-09T11:30:00,4.630,-,-
2022-06-09T11:15:00,4.618,-,-
2022-06-09T11:00:00,4.604,-,-
2022-06-09T10:45:00,4.591,-,-
2022-06-09T10:30:00,4.573,-,-
2022-06-09T10:15:00,4.549,-,-
2022-06-09T10:00:00,4.523,-,-
2022-06-09T09:45:00,4.491,-,-
2022-06-09T09:30:00,4.463,-,-
2022-06-09T09:15:00,4.442,-,-
2022-06-09T09:00:00,4.428,-,-
2022-06-09T08:45:00,4.424,-,-
2022-06-09T08:30:00,4.424,-,-
2022-06-09T08:15:00,4.427,-,-
2022-06-09T08:00:00,4.430,-,-
2022-06-09T07:45:00,4.434,-,-
2022-06-09T07:30:00,4.438,-,-
2022-06-09T07:15:00,4.442,-,-
2022-06-09T07:00:00,4.445,-,-
2022-06-09T06:45:00,4.448,-,-
2022-06-09T06:30:00,4.453,-,-
2022-06-09T06:15:00,4.456,-,-
2022-06-09T06:00:00,4.459,-,-
2022-06-09T05:45:00,4.463,-,-
2022-06-09T05:30:00,4.466,-,-
2022-06-09T05:15:00,4.470,-,-
2022-06-09T05:00:00,4.474,-,-
2022-06-09T04:45:00,4.477,-,-
2022-06-09T04:30:00,4.480,-,-
2022-06-09T04:15:00,4.485,-,-
2022-06-09T04:00:00,4.487,-,-
2022-06-09T03:45:00,4.491,-,-
2022-06-09T03:30:00,4.495,-,-
2022-06-09T03:15:00,4.498,-,-
2022-06-09T03:00:00,4.502,-,-
2022-06-09T02:45:00,4.506,-,-
2022-06-09T02:30:00,4.510,-,-
2022-06-09T02:15:00,4.514,-,-
2022-06-09T02:00:00,4.518,-,-
2022-06-09T01:45:00,4.521,-,-
2022-06-09T01:30:00,4.525,-,-
2022-06-09T01:15:00,4.527,-,-
2022-06-09T01:00:00,4.531,-,-
2022-06-09T00:45:00,4.535,-,-
2022-06-09T00:30:00,4.539,-,-
2022-06-09T00:15:00,4.544,-,-
2022-06-09T00:00:00,4.549,-,-
2022-06-08T23:45:00,4.555,-,-
2022-06-08T23:30:00,4.562,-,-
2022-06-08T23:15:00,4.570,-,-
2022-06-08T23:00:00,4.580,-,-
2022-06-08T22:45:00,4.591,-,-
2022-06-08T22:30:00,4.604,-,-
2022-06-08T22:15:00,4.619,-,-
2022-06-08T22:00:00,4.638,-,-
2022-06-08T21:45:00,4.656,-,-
2022-06-08T21:30:00,4.675,-,-
2022-06-08T21:15:00,4.694,-,-
2022-06-08T21:00:00,4.709,-,-
2022-06-08T20:45:00,4.724,-,-
2022-06-08T20:30:00,4.733,-,-
2022-06-08T20:15:00,4.739,-,-
2022-06-08T20:00:00,4.741,-,-
2022-06-08T19:45:00,4.739,-,-
2022-06-08T19:30:00,4.739,-,-
2022-06-08T19:15:00,4.738,-,-
2022-06-08T19:00:00,4.734,-,-
2022-06-08T18:45:00,4.735,-,-
2022-06-08T18:30:00,4.734,-,-
2022-06-08T18:15:00,4.731,-,-
2022-06-08T18:00:00,4.730,-,-
2022-06-08T17:45:00,4.728,-,-
2022-06-08T17:30:00,4.727,-,-
2022-06-08T17:15:00,4.726,-,-
2022-06-08T17:00:00,4.726,-,-
2022-06-08T16:45:00,4.726,-,-
2022-06-08T16:30:00,4.728,-,-
2022-06-08T16:15:00,4.731,-,-
2022-06-08T16:00:00,4.733,-,-
2022-06-08T15:45:00,4.734,-,-
2022-06-08T15:30:00,4.739,-,-
2022-06-08T15:15:00,4.742,-,-
2022-06-08T15:00:00,4.746,-,-
2022-06-08T14:45:00,4.752,-,-
2022-06-08T14:30:00,4.759,-,-
2022-06-08T14:15:00,4.763,-,-
2022-06-08T14:00:00,4.770,-,-
2022-06-08T13:45:00,4.776,-,-
2022-06-08T13:30:00,4.778,-,-
2022-06-08T13:15:00,4.778,-,-
2022-06-08T13:00:00,4.776,-,-
2022-06-08T12:45:00,4.770,-,-
2022-06-08T12:30:00,4.763,-,-
2022-06-08T12:15:00,4.753,-,-
2022-06-08T12:00:00,4.743,-,-
2022-06-08T11:45:00,4.733,-,-
2022-06-08T11:30:00,4.726,-,-
2022-06-08T11:15:00,4.721,-,-
2022-06-08T11:00:00,4.714,-,-
2022-06-08T10:45:00,4.704,-,-
2022-06-08T10:30:00,4.693,-,-
2022-06-08T10:15:00,4.678,-,-
2022-06-08T10:00:00,4.658,-,-
2022-06-08T09:45:00,4.640,-,-
2022-06-08T09:30:00,4.616,-,-
2022-06-08T09:15:00,4.594,-,-
2022-06-08T09:00:00,4.576,-,-
2022-06-08T08:45:00,4.567,-,-
2022-06-08T08:30:00,4.564,-,-
2022-06-08T08:15:00,4.567,-,-
2022-06-08T08:00:00,4.572,-,-
2022-06-08T07:45:00,4.578,-,-
2022-06-08T07:30:00,4.583,-,-
2022-06-08T07:15:00,4.587,-,-
2022-06-08T07:00:00,4.593,-,-
2022-06-08T06:45:00,4.598,-,-
2022-06-08T06:30:00,4.604,-,-
2022-06-08T06:15:00,4.610,-,-
2022-06-08T06:00:00,4.616,-,-
2022-06-08T05:45:00,4.621,-,-
2022-06-08T05:30:00,4.627,-,-
2022-06-08T05:15:00,4.633,-,-
2022-06-08T05:00:00,4.639,-,-
2022-06-08T04:45:00,4.645,-,-
2022-06-08T04:30:00,4.650,-,-
2022-06-08T04:15:00,4.656,-,-
2022-06-08T04:00:00,4.662,-,-
2022-06-08T03:45:00,4.667,-,-
2022-06-08T03:30:00,4.673,-,-
2022-06-08T03:15:00,4.679,-,-
2022-06-08T03:00:00,4.685,-,-
2022-06-08T02:45:00,4.692,-,-
2022-06-08T02:30:00,4.697,-,-
2022-06-08T02:15:00,4.703,-,-
2022-06-08T02:00:00,4.710,-,-
2022-06-08T01:45:00,4.715,-,-
2022-06-08T01:30:00,4.722,-,-
2022-06-08T01:15:00,4.728,-,-
2022-06-08T01:00:00,4.734,-,-
2022-06-08T00:45:00,4.742,-,-
2022-06-08T00:30:00,4.748,-,-
2022-06-08T00:15:00,4.754,-,-
2022-06-08T00:00:00,4.761,-,-
2022-06-07T23:45:00,4.769,-,-
2022-06-07T23:30:00,4.777,-,-
2022-06-07T23:15:00,4.786,-,-
2022-06-07T23:00:00,4.797,-,-
2022-06-07T22:45:00,4.809,-,-
2022-06-07T22:30:00,4.822,-,-
2022-06-07T22:15:00,4.839,-,-
2022-06-07T22:00:00,4.854,-,-
2022-06-07T21:45:00,4.875,-,-
2022-06-07T21:30:00,4.895,-,-
2022-06-07T21:15:00,4.913,-,-
2022-06-07T21:00:00,4.932,-,-
2022-06-07T20:45:00,4.952,-,-
2022-06-07T20:30:00,4.964,-,-
2022-06-07T20:15:00,4.972,-,-
2022-06-07T20:00:00,4.978,-,-
2022-06-07T19:45:00,4.978,-,-
2022-06-07T19:30:00,4.983,-,-
2022-06-07T19:15:00,4.981,-,-
2022-06-07T19:00:00,4.982,-,-
2022-06-07T18:45:00,4.984,-,-
2022-06-07T18:30:00,4.986,-,-
2022-06-07T18:15:00,4.987,-,-
2022-06-07T18:00:00,4.987,-,-
2022-06-07T17:45:00,4.988,-,-
2022-06-07T17:30:00,4.989,-,-
2022-06-07T17:15:00,4.989,-,-
2022-06-07T17:00:00,4.991,-,-
2022-06-07T16:45:00,4.990,-,-
2022-06-07T16:30:00,4.991,-,-
2022-06-07T16:15:00,4.991,-,-
2022-06-07T16:00:00,4.993,-,-
2022-06-07T15:45:00,4.992,-,-
2022-06-07T15:30:00,4.993,-,-
2022-06-07T15:15:00,4.994,-,-
2022-06-07T15:00:00,4.994,-,-
2022-06-07T14:45:00,4.994,-,-
2022-06-07T14:30:00,4.995,-,-
2022-06-07T14:15:00,4.997,-,-
2022-06-07T14:00:00,4.996,-,-
2022-06-07T13:45:00,4.993,-,-
2022-06-07T13:30:00,4.995,-,-
2022-06-07T13:15:00,4.995,-,-
2022-06-07T13:00:00,4.994,-,-
2022-06-07T12:45:00,4.991,-,-
2022-06-07T12:30:00,4.992,-,-
2022-06-07T12:15:00,4.993,-,-
2022-06-07T12:00:00,4.989,-,-
2022-06-07T11:45:00,4.989,-,-
2022-06-07T11:30:00,4.986,-,-
2022-06-07T11:15:00,4.985,-,-
2022-06-07T11:00:00,4.980,-,-
2022-06-07T10:45:00,4.976,-,-
2022-06-07T10:30:00,4.968,-,-
2022-06-07T10:15:00,4.955,-,-
2022-06-07T10:00:00,4.945,-,-
2022-06-07T09:45:00,4.933,-,-
2022-06-07T09:30:00,4.919,-,-
2022-06-07T09:15:00,4.906,-,-
2022-06-07T09:00:00,4.896,-,-
2022-06-07T08:45:00,4.892,-,-
2022-06-07T08:30:00,4.895,-,-
2022-06-07T08:15:00,4.902,-,-
2022-06-07T08:00:00,4.914,-,-
2022-06-07T07:45:00,4.927,-,-
2022-06-07T07:30:00,4.941,-,-
2022-06-07T07:15:00,4.953,-,-
2022-06-07T07:00:00,4.969,-,-
2022-06-07T06:45:00,4.981,-,-
2022-06-07T06:30:00,4.992,-,-
2022-06-07T06:15:00,5.000,-,-
2022-06-07T06:00:00,5.006,-,-
2022-06-07T05:45:00,5.012,-,-
2022-06-07T05:30:00,5.019,-,-
2022-06-07T05:15:00,5.024,-,-
2022-06-07T05:00:00,5.030,-,-
2022-06-07T04:45:00,5.035,-,-
2022-06-07T04:30:00,5.041,-,-
2022-06-07T04:15:00,5.047,-,-
2022-06-07T04:00:00,5.051,-,-
2022-06-07T03:45:00,5.058,-,-
2022-06-07T03:30:00,5.064,-,-
2022-06-07T03:15:00,5.069,-,-
2022-06-07T03:00:00,5.076,-,-
2022-06-07T02:45:00,5.082,-,-
2022-06-07T02:30:00,5.088,-,-
2022-06-07T02:15:00,5.093,-,-
2022-06-07T02:00:00,5.099,-,-
2022-06-07T01:45:00,5.106,-,-
2022-06-07T01:30:00,5.111,-,-
2022-06-07T01:15:00,5.117,-,-
2022-06-07T01:00:00,5.123,-,-
2022-06-07T00:45:00,5.129,-,-
2022-06-07T00:30:00,5.135,-,-
2022-06-07T00:15:00,5.142,-,-
2022-06-07T00:00:00,5.145,-,-
2022-06-06T23:45:00,5.154,-,-
2022-06-06T23:30:00,5.161,-,-
2022-06-06T23:15:00,5.170,-,-
2022-06-06T23:00:00,5.177,-,-
2022-06-06T22:45:00,5.188,-,-
2022-06-06T22:30:00,5.198,-,-
2022-06-06T22:15:00,5.210,-,-
2022-06-06T22:00:00,5.225,-,-
2022-06-06T21:45:00,5.243,-,-
2022-06-06T21:30:00,5.266,-,-
2022-06-06T21:15:00,5.283,-,-
2022-06-06T21:00:00,5.303,-,-
2022-06-06T20:45:00,5.319,-,-
2022-06-06T20:30:00,5.337,-,-
2022-06-06T20:15:00,5.346,-,-
2022-06-06T20:00:00,5.353,-,-
2022-06-06T19:45:00,5.362,-,-
2022-06-06T19:30:00,5.363,-,-
2022-06-06T19:15:00,5.365,-,-
2022-06-06T19:00:00,5.369,-,-
2022-06-06T18:45:00,5.369,-,-
2022-06-06T18:30:00,5.374,-,-
2022-06-06T18:15:00,5.373,-,-
2022-06-06T18:00:00,5.372,-,-
2022-06-06T17:45:00,5.364,-,-
2022-06-06T17:30:00,5.360,-,-
2022-06-06T17:15:00,5.357,-,-
2022-06-06T17:00:00,5.354,-,-
2022-06-06T16:45:00,5.350,-,-
2022-06-06T16:30:00,5.344,-,-
2022-06-06T16:15:00,5.341,-,-
2022-06-06T16:00:00,5.340,-,-
2022-06-06T15:45:00,5.340,-,-
2022-06-06T15:30:00,5.334,-,-
2022-06-06T15:15:00,5.332,-,-
2022-06-06T15:00:00,5.333,-,-
2022-06-06T14:45:00,5.329,-,-
2022-06-06T14:30:00,5.330,-,-
2022-06-06T14:15:00,5.331,-,-
2022-06-06T14:00:00,5.331,-,-
2022-06-06T13:45:00,5.332,-,-
2022-06-06T13:30:00,5.330,-,-
2022-06-06T13:15:00,5.335,-,-
2022-06-06T13:00:00,5.334,-,-
2022-06-06T12:45:00,5.333,-,-
2022-06-06T12:30:00,5.339,-,-
2022-06-06T12:15:00,5.338,-,-
2022-06-06T12:00:00,5.338,-,-
2022-06-06T11:45:00,5.342,-,-
2022-06-06T11:30:00,5.341,-,-
2022-06-06T11:15:00,5.339,-,-
2022-06-06T11:00:00,5.337,-,-
2022-06-06T10:45:00,5.336,-,-
2022-06-06T10:30:00,5.329,-,-
2022-06-06T10:15:00,5.323,-,-
2022-06-06T10:00:00,5.318,-,-
2022-06-06T09:45:00,5.306,-,-
2022-06-06T09:30:00,5.295,-,-
2022-06-06T09:15:00,5.277,-,-
2022-06-06T09:00:00,5.265,-,-
2022-06-06T08:45:00,5.239,-,-
2022-06-06T08:30:00,5.225,-,-
2022-06-06T08:15:00,5.206,-,-
2022-06-06T08:00:00,5.199,-,-
2022-06-06T07:45:00,5.190,-,-
2022-06-06T07:30:00,5.185,-,-
2022-06-06T07:15:00,5.178,-,-
2022-06-06T07:00:00,5.170,-,-
2022-06-06T06:45:00,5.163,-,-
2022-06-06T06:30:00,5.158,-,-
2022-06-06T06:15:00,5.149,-,-
2022-06-06T06:00:00,5.142,-,-
2022-06-06T05:45:00,5.127,-,-
2022-06-06T05:30:00,5.114,-,-
2022-06-06T05:15:00,5.102,-,-
2022-06-06T05:00:00,5.084,-,-
2022-06-06T04:45:00,5.064,-,-
2022-06-06T04:30:00,5.042,-,-
2022-06-06T04:15:00,5.017,-,-
2022-06-06T04:00:00,4.995,-,-
2022-06-06T03:45:00,4.973,-,-
2022-06-06T03:30:00,4.952,-,-
2022-06-06T03:15:00,4.929,-,-
2022-06-06T03:00:00,4.913,-,-
2022-06-06T02:45:00,4.899,-,-
2022-06-06T02:30:00,4.892,-,-
2022-06-06T02:15:00,4.885,-,-
2022-06-06T02:00:00,4.885,-,-
2022-06-06T01:45:00,4.884,-,-
2022-06-06T01:30:00,4.884,-,-
2022-06-06T01:15:00,4.882,-,-
2022-06-06T01:00:00,4.875,-,-
2022-06-06T00:45:00,4.870,-,-
2022-06-06T00:30:00,4.866,-,-
2022-06-06T00:15:00,4.862,-,-
2022-06-06T00:00:00,4.867,-,-
2022-06-05T23:45:00,4.871,-,-
2022-06-05T23:30:00,4.880,-,-
2022-06-05T23:15:00,4.891,-,-
2022-06-05T23:00:00,4.904,-,-
2022-06-05T22:45:00,4.917,-,-
2022-06-05T22:30:00,4.933,-,-
2022-06-05T22:15:00,4.943,-,-
2022-06-05T22:00:00,4.963,-,-
2022-06-05T21:45:00,4.991,-,-
2022-06-05T21:30:00,5.026,-,-
2022-06-05T21:15:00,5.061,-,-
2022-06-05T21:00:00,5.093,-,-
2022-06-05T20:45:00,5.127,-,-
2022-06-05T20:30:00,5.158,-,-
2022-06-05T20:15:00,5.184,-,-
2022-06-05T20:00:00,5.203,-,-
2022-06-05T19:45:00,5.226,-,-
2022-06-05T19:30:00,5.243,-,-
2022-06-05T19:15:00,5.262,-,-
2022-06-05T19:00:00,5.279,-,-
2022-06-05T18:45:00,5.297,-,-
2022-06-05T18:30:00,5.317,-,-
2022-06-05T18:15:00,5.339,-,-
2022-06-05T18:00:00,5.358,-,-
2022-06-05T17:45:00,5.379,-,-
2022-06-05T17:30:00,5.397,-,-
2022-06-05T17:15:00,5.415,-,-
2022-06-05T17:00:00,5.438,-,-
2022-06-05T16:45:00,5.459,-,-
2022-06-05T16:30:00,5.478,-,-
2022-06-05T16:15:00,5.494,-,-
2022-06-05T16:00:00,5.514,-,-
2022-06-05T15:45:00,5.524,-,-
2022-06-05T15:30:00,5.538,-,-
2022-06-05T15:15:00,5.551,-,-
2022-06-05T15:00:00,5.561,-,-
2022-06-05T14:45:00,5.574,-,-
2022-06-05T14:30:00,5.584,-,-
2022-06-05T14:15:00,5.606,-,-
2022-06-05T14:00:00,5.624,-,-
2022-06-05T13:45:00,5.635,-,-
2022-06-05T13:30:00,5.660,-,-
2022-06-05T13:15:00,5.679,-,-
2022-06-05T13:00:00,5.700,-,-
2022-06-05T12:45:00,5.716,-,-
2022-06-05T12:30:00,5.734,-,-
2022-06-05T12:15:00,5.752,-,-
2022-06-05T12:00:00,5.763,-,-
2022-06-05T11:45:00,5.779,-,-
2022-06-05T11:30:00,5.791,-,-
2022-06-05T11:15:00,5.804,-,-
2022-06-05T11:00:00,5.812,-,-
2022-06-05T10:45:00,5.823,-,-
2022-06-05T10:30:00,5.828,-,-
2022-06-05T10:15:00,5.829,-,-
2022-06-05T10:00:00,5.830,-,-
2022-06-05T09:45:00,5.829,-,-
2022-06-05T09:30:00,5.825,-,-
2022-06-05T09:15:00,5.815,-,-
2022-06-05T09:00:00,5.806,-,-
2022-06-05T08:45:00,5.782,-,-
2022-06-05T08:30:00,5.751,-,-
2022-06-05T08:15:00,5.701,-,-
2022-06-05T08:00:00,5.629,-,-
2022-06-05T07:45:00,5.549,-,-
2022-06-05T07:30:00,5.437,-,-
2022-06-05T07:15:00,5.316,-,-
2022-06-05T07:00:00,5.183,-,-
2022-06-05T06:45:00,5.058,-,-
2022-06-05T06:30:00,4.959,-,-
2022-06-05T06:15:00,4.893,-,-
2022-06-05T06:00:00,4.857,-,-
2022-06-05T05:45:00,4.835,-,-
2022-06-05T05:30:00,4.820,-,-
2022-06-05T05:15:00,4.811,-,-
2022-06-05T05:00:00,4.807,-,-
2022-06-05T04:45:00,4.804,-,-
2022-06-05T04:30:00,4.791,-,-
2022-06-05T04:15:00,4.773,-,-
2022-06-05T04:00:00,4.772,-,-
2022-06-05T03:45:00,4.767,-,-
2022-06-05T03:30:00,4.767,-,-
2022-06-05T03:15:00,4.769,-,-
2022-06-05T03:00:00,4.768,-,-
2022-06-05T02:45:00,4.772,-,-
2022-06-05T02:30:00,4.776,-,-
2022-06-05T02:15:00,4.782,-,-
2022-06-05T02:00:00,4.791,-,-
2022-06-05T01:45:00,4.799,-,-
2022-06-05T01:30:00,4.809,-,-
2022-06-05T01:15:00,4.818,-,-
2022-06-05T01:00:00,4.827,-,-
2022-06-05T00:45:00,4.836,-,-
2022-06-05T00:30:00,4.845,-,-
2022-06-05T00:15:00,4.855,-,-
2022-06-05T00:00:00,4.866,-,-
2022-06-04T23:45:00,4.875,-,-
2022-06-04T23:30:00,4.886,-,-
2022-06-04T23:15:00,4.897,-,-
2022-06-04T23:00:00,4.909,-,-
2022-06-04T22:45:00,4.923,-,-
2022-06-04T22:30:00,4.940,-,-
2022-06-04T22:15:00,4.957,-,-
2022-06-04T22:00:00,4.977,-,-
2022-06-04T21:45:00,4.997,-,-
2022-06-04T21:30:00,5.018,-,-
2022-06-04T21:15:00,5.037,-,-
2022-06-04T21:00:00,5.057,-,-
2022-06-04T20:45:00,5.074,-,-
2022-06-04T20:30:00,5.088,-,-
2022-06-04T20:15:00,5.099,-,-
2022-06-04T20:00:00,5.108,-,-
2022-06-04T19:45:00,5.113,-,-
2022-06-04T19:30:00,5.115,-,-
2022-06-04T19:15:00,5.118,-,-
2022-06-04T19:00:00,5.118,-,-
2022-06-04T18:45:00,5.115,-,-
2022-06-04T18:30:00,5.116,-,-
2022-06-04T18:15:00,5.115,-,-
2022-06-04T18:00:00,5.115,-,-
2022-06-04T17:45:00,5.115,-,-
2022-06-04T17:30:00,5.113,-,-
2022-06-04T17:15:00,5.113,-,-
2022-06-04T17:00:00,5.113,-,-
2022-06-04T16:45:00,5.112,-,-
2022-06-04T16:30:00,5.115,-,-
2022-06-04T16:15:00,5.114,-,-
2022-06-04T16:00:00,5.116,-,-
2022-06-04T15:45:00,5.117,-,-
2022-06-04T15:30:00,5.118,-,-
2022-06-04T15:15:00,5.117,-,-
2022-06-04T15:00:00,5.120,-,-
2022-06-04T14:45:00,5.120,-,-
2022-06-04T14:30:00,5.123,-,-
2022-06-04T14:15:00,5.122,-,-
2022-06-04T14:00:00,5.125,-,-
2022-06-04T13:45:00,5.124,-,-
2022-06-04T13:30:00,5.127,-,-
2022-06-04T13:15:00,5.128,-,-
2022-06-04T13:00:00,5.125,-,-
2022-06-04T12:45:00,5.130,-,-
2022-06-04T12:30:00,5.129,-,-
2022-06-04T12:15:00,5.129,-,-
2022-06-04T12:00:00,5.131,-,-
2022-06-04T11:45:00,5.130,-,-
2022-06-04T11:30:00,5.133,-,-
2022-06-04T11:15:00,5.135,-,-
2022-06-04T11:00:00,5.135,-,-
2022-06-04T10:45:00,5.135,-,-
2022-06-04T10:30:00,5.132,-,-
2022-06-04T10:15:00,5.127,-,-
2022-06-04T10:00:00,5.122,-,-
2022-06-04T09:45:00,5.114,-,-
2022-06-04T09:30:00,5.101,-,-
2022-06-04T09:15:00,5.085,-,-
2022-06-04T09:00:00,5.067,-,-
2022-06-04T08:45:00,5.048,-,-
2022-06-04T08:30:00,5.030,-,-
2022-06-04T08:15:00,5.013,-,-
2022-06-04T08:00:00,4.990,-,-
2022-06-04T07:45:00,4.961,-,-
2022-06-04T07:30:00,4.928,-,-
2022-06-04T07:15:00,4.881,-,-
2022-06-04T07:00:00,4.818,-,-
2022-06-04T06:45:00,4.740,-,-
2022-06-04T06:30:00,4.653,-,-
2022-06-04T06:15:00,4.564,-,-
2022-06-04T06:00:00,4.496,-,-
2022-06-04T05:45:00,4.455,-,-
2022-06-04T05:30:00,4.433,-,-
2022-06-04T05:15:00,4.419,-,-
2022-06-04T05:00:00,4.411,-,-
2022-06-04T04:45:00,4.407,-,-
2022-06-04T04:30:00,4.406,-,-
2022-06-04T04:15:00,4.406,-,-
2022-06-04T04:00:00,4.407,-,-
2022-06-04T03:45:00,4.408,-,-
2022-06-04T03:30:00,4.410,-,-
2022-06-04T03:15:00,4.412,-,-
2022-06-04T03:00:00,4.414,-,-
2022-06-04T02:45:00,4.417,-,-
2022-06-04T02:30:00,4.420,-,-
2022-06-04T02:15:00,4.423,-,-
2022-06-04T02:00:00,4.427,-,-
2022-06-04T01:45:00,4.431,-,-
2022-06-04T01:30:00,4.436,-,-
2022-06-04T01:15:00,4.440,-,-
2022-06-04T01:00:00,4.445,-,-
2022-06-04T00:45:00,4.451,-,-
2022-06-04T00:30:00,4.457,-,-
2022-06-04T00:15:00,4.464,-,-
2022-06-04T00:00:00,4.473,-,-
2022-06-17T23:45:00,4.752,-,-
2022-06-17T23:30:00,4.761,-,-
2022-06-17T23:15:00,4.770,-,-
2022-06-17T23:00:00,4.780,-,-
2022-06-17T22:45:00,4.792,-,-
2022-06-17T22:30:00,4.807,-,-
2022-06-17T22:15:00,4.825,-,-
2022-06-17T22:00:00,4.847,-,-
2022-06-17T21:45:00,4.870,-,-
2022-06-17T21:30:00,4.896,-,-
2022-06-17T21:15:00,4.922,-,-
2022-06-17T21:00:00,4.948,-,-
2022-06-17T20:45:00,4.972,-,-
2022-06-17T20:30:00,4.988,-,-
2022-06-17T20:15:00,4.998,-,-
2022-06-17T20:00:00,5.001,-,-
2022-06-17T19:45:00,4.998,-,-
2022-06-17T19:30:00,4.993,-,-
2022-06-17T19:15:00,4.991,-,-
2022-06-17T19:00:00,4.987,-,-
2022-06-17T18:45:00,4.983,-,-
2022-06-17T18:30:00,4.979,-,-
2022-06-17T18:15:00,4.977,-,-
2022-06-17T18:00:00,4.970,-,-
2022-06-17T17:45:00,4.966,-,-
2022-06-17T17:30:00,4.960,-,-
2022-06-17T17:15:00,4.957,-,-
2022-06-17T17:00:00,4.952,-,-
2022-06-17T16:45:00,4.946,-,-
2022-06-17T16:30:00,4.943,-,-
2022-06-17T16:15:00,4.936,-,-
2022-06-17T16:00:00,4.932,-,-
2022-06-17T15:45:00,4.927,-,-
2022-06-17T15:30:00,4.920,-,-
2022-06-17T15:15:00,4.916,-,-
2022-06-17T15:00:00,4.913,-,-
2022-06-17T14:45:00,4.907,-,-
2022-06-17T14:30:00,4.903,-,-
2022-06-17T14:15:00,4.899,-,-
2022-06-17T14:00:00,4.895,-,-
2022-06-17T13:45:00,4.888,-,-
2022-06-17T13:30:00,4.882,-,-
2022-06-17T13:15:00,4.879,-,-
2022-06-17T13:00:00,4.873,-,-
2022-06-17T12:45:00,4.868,-,-
2022-06-17T12:30:00,4.861,-,-
2022-06-17T12:15:00,4.854,-,-
2022-06-17T12:00:00,4.845,-,-
2022-06-17T11:45:00,4.836,-,-
2022-06-17T11:30:00,4.826,-,-
2022-06-17T11:15:00,4.812,-,-
2022-06-17T11:00:00,4.795,-,-
2022-06-17T10:45:00,4.774,-,-
2022-06-17T10:30:00,4.748,-,-
2022-06-17T10:15:00,4.712,-,-
2022-06-17T10:00:00,4.670,-,-
2022-06-17T09:45:00,4.619,-,-
2022-06-17T09:30:00,4.566,-,-
2022-06-17T09:15:00,4.524,-,-
2022-06-17T09:00:00,4.498,-,-
2022-06-17T08:45:00,4.492,-,-
2022-06-17T08:30:00,4.495,-,-
2022-06-17T08:15:00,4.500,-,-
2022-06-17T08:00:00,4.504,-,-
2022-06-17T07:45:00,4.509,-,-
2022-06-17T07:30:00,4.512,-,-
2022-06-17T07:15:00,4.515,-,-
2022-06-17T07:00:00,4.517,-,-
2022-06-17T06:45:00,4.520,-,-
2022-06-17T06:30:00,4.522,-,-
2022-06-17T06:15:00,4.526,-,-
2022-06-17T06:00:00,4.531,-,-
2022-06-17T05:45:00,4.536,-,-
2022-06-17T05:30:00,4.541,-,-
2022-06-17T05:15:00,4.547,-,-
2022-06-17T05:00:00,4.554,-,-
2022-06-17T04:45:00,4.559,-,-
2022-06-17T04:30:00,4.565,-,-
2022-06-17T04:15:00,4.571,-,-
2022-06-17T04:00:00,4.577,-,-
2022-06-17T03:45:00,4.584,-,-
2022-06-17T03:30:00,4.590,-,-
2022-06-17T03:15:00,4.596,-,-
2022-06-17T03:00:00,4.602,-,-
2022-06-17T02:45:00,4.609,-,-
2022-06-17T02:30:00,4.614,-,-
2022-06-17T02:15:00,4.621,-,-
2022-06-17T02:00:00,4.627,-,-
2022-06-17T01:45:00,4.634,-,-
2022-06-17T01:30:00,4.641,-,-
2022-06-17T01:15:00,4.648,-,-
2022-06-17T01:00:00,4.656,-,-
2022-06-17T00:45:00,4.663,-,-
2022-06-17T00:30:00,4.670,-,-
2022-06-17T00:15:00,4.677,-,-
2022-06-17T00:00:00,4.685,-,-
2022-06-16T23:45:00,4.694,-,-
2022-06-16T23:30:00,4.703,-,-
2022-06-16T23:15:00,4.715,-,-
2022-06-16T23:00:00,4.726,-,-
2022-06-16T22:45:00,4.741,-,-
2022-06-16T22:30:00,4.756,-,-
2022-06-16T22:15:00,4.777,-,-
2022-06-16T22:00:00,4.799,-,-
2022-06-16T21:45:00,4.825,-,-
2022-06-16T21:30:00,4.854,-,-
2022-06-16T21:15:00,4.883,-,-
2022-06-16T21:00:00,4.908,-,-
2022-06-16T20:45:00,4.931,-,-
2022-06-16T20:30:00,4.949,-,-
2022-06-16T20:15:00,4.959,-,-
2022-06-16T20:00:00,4.961,-,-
2022-06-16T19:45:00,4.961,-,-
2022-06-16T19:30:00,4.957,-,-
2022-06-16T19:15:00,4.952,-,-
2022-06-16T19:00:00,4.949,-,-
2022-06-16T18:45:00,4.945,-,-
2022-06-16T18:30:00,4.943,-,-
2022-06-16T18:15:00,4.939,-,-
2022-06-16T18:00:00,4.936,-,-
2022-06-16T17:45:00,4.931,-,-
2022-06-16T17:30:00,4.927,-,-
2022-06-16T17:15:00,4.921,-,-
2022-06-16T17:00:00,4.920,-,-
2022-06-16T16:45:00,4.916,-,-
2022-06-16T16:30:00,4.913,-,-
2022-06-16T16:15:00,4.909,-,-
2022-06-16T16:00:00,4.905,-,-
2022-06-16T15:45:00,4.901,-,-
2022-06-16T15:30:00,4.897,-,-
2022-06-16T15:15:00,4.896,-,-
2022-06-16T15:00:00,4.891,-,-
2022-06-16T14:45:00,4.889,-,-
2022-06-16T14:30:00,4.884,-,-
2022-06-16T14:15:00,4.880,-,-
2022-06-16T14:00:00,4.875,-,-
2022-06-16T13:45:00,4.869,-,-
2022-06-16T13:30:00,4.865,-,-
2022-06-16T13:15:00,4.861,-,-
2022-06-16T13:00:00,4.854,-,-
2022-06-16T12:45:00,4.848,-,-
2022-06-16T12:30:00,4.842,-,-
2022-06-16T12:15:00,4.832,-,-
2022-06-16T12:00:00,4.822,-,-
2022-06-16T11:45:00,4.809,-,-
2022-06-16T11:30:00,4.795,-,-
2022-06-16T11:15:00,4.777,-,-
2022-06-16T11:00:00,4.753,-,-
2022-06-16T10:45:00,4.724,-,-
2022-06-16T10:30:00,4.692,-,-
2022-06-16T10:15:00,4.655,-,-
2022-06-16T10:00:00,4.613,-,-
2022-06-16T09:45:00,4.573,-,-
2022-06-16T09:30:00,4.537,-,-
2022-06-16T09:15:00,4.510,-,-
2022-06-16T09:00:00,4.495,-,-
2022-06-16T08:45:00,4.492,-,-
2022-06-16T08:30:00,4.495,-,-
2022-06-16T08:15:00,4.499,-,-
2022-06-16T08:00:00,4.504,-,-
2022-06-16T07:45:00,4.509,-,-
2022-06-16T07:30:00,4.513,-,-
2022-06-16T07:15:00,4.518,-,-
2022-06-16T07:00:00,4.521,-,-
2022-06-16T06:45:00,4.526,-,-
2022-06-16T06:30:00,4.529,-,-
2022-06-16T06:15:00,4.533,-,-
2022-06-16T06:00:00,4.537,-,-
2022-06-16T05:45:00,4.540,-,-
2022-06-16T05:30:00,4.544,-,-
2022-06-16T05:15:00,4.549,-,-
2022-06-16T05:00:00,4.554,-,-
2022-06-16T04:45:00,4.560,-,-
2022-06-16T04:30:00,4.565,-,-
2022-06-16T04:15:00,4.569,-,-
2022-06-16T04:00:00,4.575,-,-
2022-06-16T03:45:00,4.579,-,-
2022-06-16T03:30:00,4.584,-,-
2022-06-16T03:15:00,4.590,-,-
2022-06-16T03:00:00,4.595,-,-
2022-06-16T02:45:00,4.601,-,-
2022-06-16T02:30:00,4.606,-,-
2022-06-16T02:15:00,4.611,-,-
2022-06-16T02:00:00,4.616,-,-
2022-06-16T01:45:00,4.621,-,-
2022-06-16T01:30:00,4.626,-,-
2022-06-16T01:15:00,4.631,-,-
2022-06-16T01:00:00,4.636,-,-
2022-06-16T00:45:00,4.641,-,-
2022-06-16T00:30:00,4.647,-,-
2022-06-16T00:15:00,4.653,-,-
2022-06-16T00:00:00,4.659,-,-
2022-06-15T23:45:00,4.667,-,-
2022-06-15T23:30:00,4.675,-,-
2022-06-15T23:15:00,4.685,-,-
2022-06-15T23:00:00,4.697,-,-
2022-06-15T22:45:00,4.712,-,-
2022-06-15T22:30:00,4.730,-,-
2022-06-15T22:15:00,4.751,-,-
2022-06-15T22:00:00,4.775,-,-
2022-06-15T21:45:00,4.802,-,-
2022-06-15T21:30:00,4.831,-,-
2022-06-15T21:15:00,4.862,-,-
2022-06-15T21:00:00,4.887,-,-
2022-06-15T20:45:00,4.911,-,-
2022-06-15T20:30:00,4.928,-,-
2022-06-15T20:15:00,4.937,-,-
2022-06-15T20:00:00,4.942,-,-
2022-06-15T19:45:00,4.941,-,-
2022-06-15T19:30:00,4.938,-,-
2022-06-15T19:15:00,4.934,-,-
2022-06-15T19:00:00,4.928,-,-
2022-06-15T18:45:00,4.927,-,-
2022-06-15T18:30:00,4.923,-,-
2022-06-15T18:15:00,4.920,-,-
2022-06-15T18:00:00,4.918,-,-
2022-06-15T17:45:00,4.914,-,-
2022-06-15T17:30:00,4.910,-,-
2022-06-15T17:15:00,4.908,-,-
2022-06-15T17:00:00,4.905,-,-
2022-06-15T16:45:00,4.902,-,-
2022-06-15T16:30:00,4.898,-,-
2022-06-15T16:15:00,4.895,-,-
2022-06-15T16:00:00,4.894,-,-
2022-06-15T15:45:00,4.891,-,-
2022-06-15T15:30:00,4.889,-,-
2022-06-15T15:15:00,4.888,-,-
2022-06-15T15:00:00,4.883,-,-
2022-06-15T14:45:00,4.867,-,-
2022-06-15T14:30:00,4.860,-,-
2022-06-15T14:15:00,4.855,-,-
2022-06-15T14:00:00,4.852,-,-
2022-06-15T13:45:00,4.843,-,-
2022-06-15T13:30:00,4.842,-,-
2022-06-15T13:15:00,4.838,-,-
2022-06-15T13:00:00,4.834,-,-
2022-06-15T12:45:00,4.829,-,-
2022-06-15T12:30:00,4.820,-,-
2022-06-15T12:15:00,4.816,-,-
2022-06-15T12:00:00,4.807,-,-
2022-06-15T11:45:00,4.798,-,-
2022-06-15T11:30:00,4.787,-,-
2022-06-15T11:15:00,4.773,-,-
2022-06-15T11:00:00,4.754,-,-
2022-06-15T10:45:00,4.727,-,-
2022-06-15T10:30:00,4.695,-,-
2022-06-15T10:15:00,4.655,-,-
2022-06-15T10:00:00,4.604,-,-
2022-06-15T09:45:00,4.553,-,-
2022-06-15T09:30:00,4.507,-,-
2022-06-15T09:15:00,4.475,-,-
2022-06-15T09:00:00,4.464,-,-
2022-06-15T08:45:00,4.466,-,-
2022-06-15T08:30:00,4.470,-,-
2022-06-15T08:15:00,4.476,-,-
2022-06-15T08:00:00,4.482,-,-
2022-06-15T07:45:00,4.487,-,-
2022-06-15T07:30:00,4.494,-,-
2022-06-15T07:15:00,4.499,-,-
2022-06-15T07:00:00,4.504,-,-
2022-06-15T06:45:00,4.508,-,-
2022-06-15T06:30:00,4.514,-,-
2022-06-15T06:15:00,4.520,-,-
2022-06-15T06:00:00,4.526,-,-
2022-06-15T05:45:00,4.531,-,-
2022-06-15T05:30:00,4.537,-,-
2022-06-15T05:15:00,4.543,-,-
2022-06-15T05:00:00,4.549,-,-
2022-06-15T04:45:00,4.555,-,-
2022-06-15T04:30:00,4.561,-,-
2022-06-15T04:15:00,4.568,-,-
2022-06-15T04:00:00,4.574,-,-
2022-06-15T03:45:00,4.580,-,-
2022-06-15T03:30:00,4.586,-,-
2022-06-15T03:15:00,4.592,-,-
2022-06-15T03:00:00,4.599,-,-
2022-06-15T02:45:00,4.605,-,-
2022-06-15T02:30:00,4.612,-,-
2022-06-15T02:15:00,4.619,-,-
2022-06-15T02:00:00,4.626,-,-
2022-06-15T01:45:00,4.633,-,-
2022-06-15T01:30:00,4.640,-,-
2022-06-15T01:15:00,4.648,-,-
2022-06-15T01:00:00,4.655,-,-
2022-06-15T00:45:00,4.662,-,-
2022-06-15T00:30:00,4.669,-,-
2022-06-15T00:15:00,4.678,-,-
2022-06-15T00:00:00,4.686,-,-
2022-06-14T23:45:00,4.695,-,-
2022-06-14T23:30:00,4.705,-,-
2022-06-14T23:15:00,4.717,-,-
2022-06-14T23:00:00,4.731,-,-
2022-06-14T22:45:00,4.748,-,-
2022-06-14T22:30:00,4.767,-,-
2022-06-14T22:15:00,4.789,-,-
2022-06-14T22:00:00,4.818,-,-
2022-06-14T21:45:00,4.851,-,-
2022-06-14T21:30:00,4.885,-,-
2022-06-14T21:15:00,4.921,-,-
2022-06-14T21:00:00,4.957,-,-
2022-06-14T20:45:00,4.989,-,-
2022-06-14T20:30:00,5.014,-,-
2022-06-14T20:15:00,5.029,-,-
2022-06-14T20:00:00,5.037,-,-
2022-06-14T19:45:00,5.036,-,-
2022-06-14T19:30:00,5.032,-,-
2022-06-14T19:15:00,5.030,-,-
2022-06-14T19:00:00,5.024,-,-
2022-06-14T18:45:00,5.019,-,-
2022-06-14T18:30:00,5.013,-,-
2022-06-14T18:15:00,5.011,-,-
2022-06-14T18:00:00,5.005,-,-
2022-06-14T17:45:00,5.001,-,-
2022-06-14T17:30:00,4.997,-,-
2022-06-14T17:15:00,4.990,-,-
2022-06-14T17:00:00,4.984,-,-
2022-06-14T16:45:00,4.977,-,-
2022-06-14T16:30:00,4.974,-,-
2022-06-14T16:15:00,4.968,-,-
2022-06-14T16:00:00,4.961,-,-
2022-06-14T15:45:00,4.955,-,-
2022-06-14T15:30:00,4.949,-,-
2022-06-14T15:15:00,4.944,-,-
2022-06-14T15:00:00,4.939,-,-
2022-06-14T14:45:00,4.933,-,-
2022-06-14T14:30:00,4.927,-,-
2022-06-14T14:15:00,4.920,-,-
2022-06-14T14:00:00,4.915,-,-
2022-06-14T13:45:00,4.908,-,-
2022-06-14T13:30:00,4.905,-,-
2022-06-14T13:15:00,4.896,-,-
2022-06-14T13:00:00,4.889,-,-
2022-06-14T12:45:00,4.885,-,-
2022-06-14T12:30:00,4.876,-,-
2022-06-14T12:15:00,4.871,-,-
2022-06-14T12:00:00,4.861,-,-
2022-06-14T11:45:00,4.853,-,-
2022-06-14T11:30:00,4.839,-,-
2022-06-14T11:15:00,4.826,-,-
2022-06-14T11:00:00,4.799,-,-
2022-06-14T10:45:00,4.776,-,-
2022-06-14T10:30:00,4.741,-,-
2022-06-14T10:15:00,4.695,-,-
2022-06-14T10:00:00,4.637,-,-
2022-06-14T09:45:00,4.563,-,-
2022-06-14T09:30:00,4.483,-,-
2022-06-14T09:15:00,4.413,-,-
2022-06-14T09:00:00,4.369,-,-
2022-06-14T08:45:00,4.355,-,-
2022-06-14T08:30:00,4.355,-,-
2022-06-14T08:15:00,4.360,-,-
2022-06-14T08:00:00,4.364,-,-
2022-06-14T07:45:00,4.370,-,-
2022-06-14T07:30:00,4.377,-,-
2022-06-14T07:15:00,4.384,-,-
2022-06-14T07:00:00,4.392,-,-
2022-06-14T06:45:00,4.399,-,-
2022-06-14T06:30:00,4.406,-,-
2022-06-14T06:15:00,4.412,-,-
2022-06-14T06:00:00,4.418,-,-
2022-06-14T05:45:00,4.425,-,-
2022-06-14T05:30:00,4.433,-,-
2022-06-14T05:15:00,4.440,-,-
2022-06-14T05:00:00,4.448,-,-
2022-06-14T04:45:00,4.456,-,-
2022-06-14T04:30:00,4.463,-,-
2022-06-14T04:15:00,4.471,-,-
2022-06-14T04:00:00,4.479,-,-
2022-06-14T03:45:00,4.487,-,-
2022-06-14T03:30:00,4.494,-,-
2022-06-14T03:15:00,4.503,-,-
2022-06-14T03:00:00,4.512,-,-
2022-06-14T02:45:00,4.520,-,-
2022-06-14T02:30:00,4.527,-,-
2022-06-14T02:15:00,4.535,-,-
2022-06-14T02:00:00,4.543,-,-
2022-06-14T01:45:00,4.551,-,-
2022-06-14T01:30:00,4.560,-,-
2022-06-14T01:15:00,4.569,-,-
2022-06-14T01:00:00,4.577,-,-
2022-06-14T00:45:00,4.587,-,-
2022-06-14T00:30:00,4.597,-,-
2022-06-14T00:15:00,4.607,-,-
2022-06-14T00:00:00,4.617,-,-
2022-06-13T23:45:00,4.630,-,-
2022-06-13T23:30:00,4.643,-,-
2022-06-13T23:15:00,4.659,-,-
2022-06-13T23:00:00,4.675,-,-
2022-06-13T22:45:00,4.696,-,-
2022-06-13T22:30:00,4.720,-,-
2022-06-13T22:15:00,4.751,-,-
2022-06-13T22:00:00,4.784,-,-
2022-06-13T21:45:00,4.820,-,-
2022-06-13T21:30:00,4.862,-,-
2022-06-13T21:15:00,4.903,-,-
2022-06-13T21:00:00,4.947,-,-
2022-06-13T20:45:00,4.983,-,-
2022-06-13T20:30:00,5.014,-,-
2022-06-13T20:15:00,5.032,-,-
2022-06-13T20:00:00,5.043,-,-
2022-06-13T19:45:00,5.046,-,-
2022-06-13T19:30:00,5.041,-,-
2022-06-13T19:15:00,5.039,-,-
2022-06-13T19:00:00,5.037,-,-
2022-06-13T18:45:00,5.032,-,-
2022-06-13T18:30:00,5.029,-,-
2022-06-13T18:15:00,5.026,-,-
2022-06-13T18:00:00,5.023,-,-
2022-06-13T17:45:00,5.022,-,-
2022-06-13T17:30:00,5.015,-,-
2022-06-13T17:15:00,5.015,-,-
2022-06-13T17:00:00,5.011,-,-
2022-06-13T16:45:00,5.006,-,-
2022-06-13T16:30:00,5.002,-,-
2022-06-13T16:15:00,4.999,-,-
2022-06-13T16:00:00,4.994,-,-
2022-06-13T15:45:00,4.989,-,-
2022-06-13T15:30:00,4.983,-,-
2022-06-13T15:15:00,4.977,-,-
2022-06-13T15:00:00,4.969,-,-
2022-06-13T14:45:00,4.963,-,-
2022-06-13T14:30:00,4.953,-,-
2022-06-13T14:15:00,4.946,-,-
2022-06-13T14:00:00,4.935,-,-
2022-06-13T13:45:00,4.923,-,-
2022-06-13T13:30:00,4.912,-,-
2022-06-13T13:15:00,4.893,-,-
2022-06-13T13:00:00,4.875,-,-
2022-06-13T12:45:00,4.854,-,-
2022-06-13T12:30:00,4.825,-,-
2022-06-13T12:15:00,4.792,-,-
2022-06-13T12:00:00,4.756,-,-
2022-06-13T11:45:00,4.715,-,-
2022-06-13T11:30:00,4.678,-,-
2022-06-13T11:15:00,4.648,-,-
2022-06-13T11:00:00,4.622,-,-
2022-06-13T10:45:00,4.605,-,-
2022-06-13T10:30:00,4.591,-,-
2022-06-13T10:15:00,4.574,-,-
2022-06-13T10:00:00,4.556,-,-
2022-06-13T09:45:00,4.537,-,-
2022-06-13T09:30:00,4.517,-,-
2022-06-13T09:15:00,4.508,-,-
2022-06-13T09:00:00,4.505,-,-
2022-06-13T08:45:00,4.509,-,-
2022-06-13T08:30:00,4.517,-,-
2022-06-13T08:15:00,4.525,-,-
2022-06-13T08:00:00,4.532,-,-
2022-06-13T07:45:00,4.540,-,-
2022-06-13T07:30:00,4.547,-,-
2022-06-13T07:15:00,4.554,-,-
2022-06-13T07:00:00,4.561,-,-
2022-06-13T06:45:00,4.568,-,-
2022-06-13T06:30:00,4.575,-,-
2022-06-13T06:15:00,4.580,-,-
2022-06-13T06:00:00,4.586,-,-
2022-06-13T05:45:00,4.592,-,-
2022-06-13T05:30:00,4.599,-,-
2022-06-13T05:15:00,4.608,-,-
2022-06-13T05:00:00,4.617,-,-
2022-06-13T04:45:00,4.625,-,-
2022-06-13T04:30:00,4.635,-,-
2022-06-13T04:15:00,4.645,-,-
2022-06-13T04:00:00,4.654,-,-
2022-06-13T03:45:00,4.662,-,-
2022-06-13T03:30:00,4.671,-,-
2022-06-13T03:15:00,4.681,-,-
2022-06-13T03:00:00,4.690,-,-
2022-06-13T02:45:00,4.700,-,-
2022-06-13T02:30:00,4.709,-,-
2022-06-13T02:15:00,4.719,-,-
2022-06-13T02:00:00,4.729,-,-
2022-06-13T01:45:00,4.739,-,-
2022-06-13T01:30:00,4.749,-,-
2022-06-13T01:15:00,4.760,-,-
2022-06-13T01:00:00,4.771,-,-
2022-06-13T00:45:00,4.781,-,-
2022-06-13T00:30:00,4.792,-,-
2022-06-13T00:15:00,4.802,-,-
2022-06-13T00:00:00,4.814,-,-
2022-06-12T23:45:00,4.827,-,-
2022-06-12T23:30:00,4.840,-,-
2022-06-12T23:15:00,4.855,-,-
2022-06-12T23:00:00,4.872,-,-
2022-06-12T22:45:00,4.891,-,-
2022-06-12T22:30:00,4.911,-,-
2022-06-12T22:15:00,4.938,-,-
2022-06-12T22:00:00,4.967,-,-
2022-06-12T21:45:00,5.002,-,-
2022-06-12T21:30:00,5.036,-,-
2022-06-12T21:15:00,5.075,-,-
2022-06-12T21:00:00,5.111,-,-
2022-06-12T20:45:00,5.147,-,-
2022-06-12T20:30:00,5.174,-,-
2022-06-12T20:15:00,5.195,-,-
2022-06-12T20:00:00,5.205,-,-
2022-06-12T19:45:00,5.209,-,-
2022-06-12T19:30:00,5.210,-,-
2022-06-12T19:15:00,5.209,-,-
2022-06-12T19:00:00,5.203,-,-
2022-06-12T18:45:00,5.196,-,-
2022-06-12T18:30:00,5.191,-,-
2022-06-12T18:15:00,5.183,-,-
2022-06-12T18:00:00,5.177,-,-
2022-06-12T17:45:00,5.168,-,-
2022-06-12T17:30:00,5.162,-,-
2022-06-12T17:15:00,5.156,-,-
2022-06-12T17:00:00,5.151,-,-
2022-06-12T16:45:00,5.144,-,-
2022-06-12T16:30:00,5.138,-,-
2022-06-12T16:15:00,5.131,-,-
2022-06-12T16:00:00,5.124,-,-
2022-06-12T15:45:00,5.114,-,-
2022-06-12T15:30:00,5.107,-,-
2022-06-12T15:15:00,5.100,-,-
2022-06-12T15:00:00,5.092,-,-
2022-06-12T14:45:00,5.086,-,-
2022-06-12T14:30:00,5.076,-,-
2022-06-12T14:15:00,5.066,-,-
2022-06-12T14:00:00,5.059,-,-
2022-06-12T13:45:00,5.053,-,-
2022-06-12T13:30:00,5.045,-,-
2022-06-12T13:15:00,5.040,-,-
2022-06-12T13:00:00,5.032,-,-
2022-06-12T12:45:00,5.024,-,-
2022-06-12T12:30:00,5.017,-,-
2022-06-12T12:15:00,5.011,-,-
2022-06-12T12:00:00,4.997,-,-
2022-06-12T11:45:00,4.985,-,-
2022-06-12T11:30:00,4.971,-,-
2022-06-12T11:15:00,4.955,-,-
2022-06-12T11:00:00,4.934,-,-
2022-06-12T10:45:00,4.905,-,-
2022-06-12T10:30:00,4.871,-,-
2022-06-12T10:15:00,4.827,-,-
2022-06-12T10:00:00,4.772,-,-
2022-06-12T09:45:00,4.709,-,-
2022-06-12T09:30:00,4.645,-,-
2022-06-12T09:15:00,4.585,-,-
2022-06-12T09:00:00,4.549,-,-
2022-06-12T08:45:00,4.536,-,-
2022-06-12T08:30:00,4.536,-,-
2022-06-12T08:15:00,4.538,-,-
2022-06-12T08:00:00,4.540,-,-
2022-06-12T07:45:00,4.543,-,-
2022-06-12T07:30:00,4.545,-,-
2022-06-12T07:15:00,4.547,-,-
2022-06-12T07:00:00,4.549,-,-
2022-06-12T06:45:00,4.551,-,-
2022-06-12T06:30:00,4.553,-,-
2022-06-12T06:15:00,4.556,-,-
2022-06-12T06:00:00,4.559,-,-
2022-06-12T05:45:00,4.561,-,-
2022-06-12T05:30:00,4.563,-,-
2022-06-12T05:15:00,4.565,-,-
2022-06-12T05:00:00,4.567,-,-
2022-06-12T04:45:00,4.569,-,-
2022-06-12T04:30:00,4.571,-,-
2022-06-12T04:15:00,4.574,-,-
2022-06-12T04:00:00,4.576,-,-
2022-06-12T03:45:00,4.579,-,-
2022-06-12T03:30:00,4.581,-,-
2022-06-12T03:15:00,4.583,-,-
2022-06-12T03:00:00,4.586,-,-
2022-06-12T02:45:00,4.588,-,-
2022-06-12T02:30:00,4.590,-,-
2022-06-12T02:15:00,4.593,-,-
2022-06-12T02:00:00,4.595,-,-
2022-06-12T01:45:00,4.598,-,-
2022-06-12T01:30:00,4.601,-,-
2022-06-12T01:15:00,4.604,-,-
2022-06-12T01:00:00,4.607,-,-
2022-06-12T00:45:00,4.611,-,-
2022-06-12T00:30:00,4.614,-,-
2022-06-12T00:15:00,4.619,-,-
2022-06-12T00:00:00,4.624,-,-
2022-06-11T23:45:00,4.630,-,-
2022-06-11T23:30:00,4.640,-,-
2022-06-11T23:15:00,4.650,-,-
2022-06-11T23:00:00,4.663,-,-
2022-06-11T22:45:00,4.680,-,-
2022-06-11T22:30:00,4.703,-,-
2022-06-11T22:15:00,4.731,-,-
2022-06-11T22:00:00,4.765,-,-
2022-06-11T21:45:00,4.801,-,-
2022-06-11T21:30:00,4.841,-,-
2022-06-11T21:15:00,4.882,-,-
2022-06-11T21:00:00,4.917,-,-
2022-06-11T20:45:00,4.953,-,-
2022-06-11T20:30:00,4.978,-,-
2022-06-11T20:15:00,4.995,-,-
2022-06-11T20:00:00,4.999,-,-
2022-06-11T19:45:00,4.994,-,-
2022-06-11T19:30:00,4.996,-,-
2022-06-11T19:15:00,4.989,-,-
2022-06-11T19:00:00,4.980,-,-
2022-06-11T18:45:00,4.975,-,-
2022-06-11T18:30:00,4.971,-,-
2022-06-11T18:15:00,4.960,-,-
2022-06-11T18:00:00,4.956,-,-
2022-06-11T17:45:00,4.948,-,-
2022-06-11T17:30:00,4.939,-,-
2022-06-11T17:15:00,4.931,-,-
2022-06-11T17:00:00,4.920,-,-
2022-06-11T16:45:00,4.909,-,-
2022-06-11T16:30:00,4.897,-,-
2022-06-11T16:15:00,4.876,-,-
2022-06-11T16:00:00,4.856,-,-
2022-06-11T15:45:00,4.830,-,-
2022-06-11T15:30:00,4.797,-,-
2022-06-11T15:15:00,4.760,-,-
2022-06-11T15:00:00,4.723,-,-
2022-06-11T14:45:00,4.683,-,-
2022-06-11T14:30:00,4.647,-,-
2022-06-11T14:15:00,4.618,-,-
2022-06-11T14:00:00,4.601,-,-
2022-06-11T13:45:00,4.596,-,-
2022-06-11T13:30:00,4.596,-,-
2022-06-11T13:15:00,4.597,-,-
2022-06-11T13:00:00,4.598,-,-
2022-06-11T12:45:00,4.600,-,-
2022-06-11T12:30:00,4.601,-,-
2022-06-11T12:15:00,4.601,-,-
2022-06-11T12:00:00,4.597,-,-
2022-06-11T11:45:00,4.595,-,-
2022-06-11T11:30:00,4.593,-,-
2022-06-11T11:15:00,4.587,-,-
2022-06-11T11:00:00,4.580,-,-
2022-06-11T10:45:00,4.570,-,-
2022-06-11T10:30:00,4.555,-,-
2022-06-11T10:15:00,4.538,-,-
2022-06-11T10:00:00,4.517,-,-
2022-06-11T09:45:00,4.489,-,-
2022-06-11T09:30:00,4.462,-,-
2022-06-11T09:15:00,4.438,-,-
2022-06-11T09:00:00,4.422,-,-
2022-06-11T08:45:00,4.415,-,-
2022-06-11T08:30:00,4.415,-,-
2022-06-11T08:15:00,4.419,-,-
2022-06-11T08:00:00,4.424,-,-
2022-06-11T07:45:00,4.430,-,-
2022-06-11T07:30:00,4.435,-,-
2022-06-11T07:15:00,4.442,-,-
2022-06-11T07:00:00,4.448,-,-
2022-06-11T06:45:00,4.452,-,-
2022-06-11T06:30:00,4.457,-,-
2022-06-11T06:15:00,4.462,-,-
2022-06-11T06:00:00,4.467,-,-
2022-06-11T05:45:00,4.471,-,-
2022-06-11T05:30:00,4.476,-,-
2022-06-11T05:15:00,4.481,-,-
2022-06-11T05:00:00,4.487,-,-
2022-06-11T04:45:00,4.492,-,-
2022-06-11T04:30:00,4.497,-,-
2022-06-11T04:15:00,4.504,-,-
2022-06-11T04:00:00,4.509,-,-
2022-06-11T03:45:00,4.515,-,-
2022-06-11T03:30:00,4.521,-,-
2022-06-11T03:15:00,4.526,-,-
2022-06-11T03:00:00,4.531,-,-
2022-06-11T02:45:00,4.535,-,-
2022-06-11T02:30:00,4.540,-,-
2022-06-11T02:15:00,4.544,-,-
2022-06-11T02:00:00,4.548,-,-
2022-06-11T01:45:00,4.552,-,-
2022-06-11T01:30:00,4.557,-,-
2022-06-11T01:15:00,4.560,-,-
2022-06-11T01:00:00,4.564,-,-
2022-06-11T00:45:00,4.568,-,-
2022-06-11T00:30:00,4.572,-,-
2022-06-11T00:15:00,4.578,-,-
2022-06-11T00:00:00,4.586,-,-
2022-06-24T23:45:00,4.578,-,-
2022-06-24T23:30:00,4.588,-,-
2022-06-24T23:15:00,4.601,-,-
2022-06-24T23:00:00,4.613,-,-
2022-06-24T22:45:00,4.629,-,-
2022-06-24T22:30:00,4.648,-,-
2022-06-24T22:15:00,4.667,-,-
2022-06-24T22:00:00,4.690,-,-
2022-06-24T21:45:00,4.714,-,-
2022-06-24T21:30:00,4.739,-,-
2022-06-24T21:15:00,4.763,-,-
2022-06-24T21:00:00,4.786,-,-
2022-06-24T20:45:00,4.801,-,-
2022-06-24T20:30:00,4.813,-,-
2022-06-24T20:15:00,4.817,-,-
2022-06-24T20:00:00,4.820,-,-
2022-06-24T19:45:00,4.818,-,-
2022-06-24T19:30:00,4.818,-,-
2022-06-24T19:15:00,4.816,-,-
2022-06-24T19:00:00,4.814,-,-
2022-06-24T18:45:00,4.813,-,-
2022-06-24T18:30:00,4.809,-,-
2022-06-24T18:15:00,4.808,-,-
2022-06-24T18:00:00,4.806,-,-
2022-06-24T17:45:00,4.803,-,-
2022-06-24T17:30:00,4.799,-,-
2022-06-24T17:15:00,4.796,-,-
2022-06-24T17:00:00,4.794,-,-
2022-06-24T16:45:00,4.795,-,-
2022-06-24T16:30:00,4.793,-,-
2022-06-24T16:15:00,4.790,-,-
2022-06-24T16:00:00,4.789,-,-
2022-06-24T15:45:00,4.787,-,-
2022-06-24T15:30:00,4.785,-,-
2022-06-24T15:15:00,4.783,-,-
2022-06-24T15:00:00,4.780,-,-
2022-06-24T14:45:00,4.779,-,-
2022-06-24T14:30:00,4.776,-,-
2022-06-24T14:15:00,4.775,-,-
2022-06-24T14:00:00,4.772,-,-
2022-06-24T13:45:00,4.770,-,-
2022-06-24T13:30:00,4.767,-,-
2022-06-24T13:15:00,4.765,-,-
2022-06-24T13:00:00,4.764,-,-
2022-06-24T12:45:00,4.763,-,-
2022-06-24T12:30:00,4.761,-,-
2022-06-24T12:15:00,4.759,-,-
2022-06-24T12:00:00,4.757,-,-
2022-06-24T11:45:00,4.751,-,-
2022-06-24T11:30:00,4.745,-,-
2022-06-24T11:15:00,4.736,-,-
2022-06-24T11:00:00,4.725,-,-
2022-06-24T10:45:00,4.711,-,-
2022-06-24T10:30:00,4.691,-,-
2022-06-24T10:15:00,4.669,-,-
2022-06-24T10:00:00,4.639,-,-
2022-06-24T09:45:00,4.603,-,-
2022-06-24T09:30:00,4.568,-,-
2022-06-24T09:15:00,4.537,-,-
2022-06-24T09:00:00,4.513,-,-
2022-06-24T08:45:00,4.503,-,-
2022-06-24T08:30:00,4.503,-,-
2022-06-24T08:15:00,4.508,-,-
2022-06-24T08:00:00,4.515,-,-
2022-06-24T07:45:00,4.519,-,-
2022-06-24T07:30:00,4.525,-,-
2022-06-24T07:15:00,4.531,-,-
2022-06-24T07:00:00,4.535,-,-
2022-06-24T06:45:00,4.540,-,-
2022-06-24T06:30:00,4.545,-,-
2022-06-24T06:15:00,4.550,-,-
2022-06-24T06:00:00,4.556,-,-
2022-06-24T05:45:00,4.560,-,-
2022-06-24T05:30:00,4.566,-,-
2022-06-24T05:15:00,4.572,-,-
2022-06-24T05:00:00,4.577,-,-
2022-06-24T04:45:00,4.581,-,-
2022-06-24T04:30:00,4.587,-,-
2022-06-24T04:15:00,4.593,-,-
2022-06-24T04:00:00,4.599,-,-
2022-06-24T03:45:00,4.604,-,-
2022-06-24T03:30:00,4.609,-,-
2022-06-24T03:15:00,4.615,-,-
2022-06-24T03:00:00,4.620,-,-
2022-06-24T02:45:00,4.626,-,-
2022-06-24T02:30:00,4.632,-,-
2022-06-24T02:15:00,4.638,-,-
2022-06-24T02:00:00,4.644,-,-
2022-06-24T01:45:00,4.651,-,-
2022-06-24T01:30:00,4.658,-,-
2022-06-24T01:15:00,4.664,-,-
2022-06-24T01:00:00,4.670,-,-
2022-06-24T00:45:00,4.678,-,-
2022-06-24T00:30:00,4.684,-,-
2022-06-24T00:15:00,4.691,-,-
2022-06-24T00:00:00,4.699,-,-
2022-06-23T23:45:00,4.707,-,-
2022-06-23T23:30:00,4.716,-,-
2022-06-23T23:15:00,4.726,-,-
2022-06-23T23:00:00,4.737,-,-
2022-06-23T22:45:00,4.751,-,-
2022-06-23T22:30:00,4.767,-,-
2022-06-23T22:15:00,4.785,-,-
2022-06-23T22:00:00,4.806,-,-
2022-06-23T21:45:00,4.829,-,-
2022-06-23T21:30:00,4.852,-,-
2022-06-23T21:15:00,4.876,-,-
2022-06-23T21:00:00,4.897,-,-
2022-06-23T20:45:00,4.913,-,-
2022-06-23T20:30:00,4.924,-,-
2022-06-23T20:15:00,4.933,-,-
2022-06-23T20:00:00,4.937,-,-
2022-06-23T19:45:00,4.935,-,-
2022-06-23T19:30:00,4.935,-,-
2022-06-23T19:15:00,4.933,-,-
2022-06-23T19:00:00,4.931,-,-
2022-06-23T18:45:00,4.933,-,-
2022-06-23T18:30:00,4.930,-,-
2022-06-23T18:15:00,4.927,-,-
2022-06-23T18:00:00,4.926,-,-
2022-06-23T17:45:00,4.925,-,-
2022-06-23T17:30:00,4.924,-,-
2022-06-23T17:15:00,4.924,-,-
2022-06-23T17:00:00,4.921,-,-
2022-06-23T16:45:00,4.920,-,-
2022-06-23T16:30:00,4.919,-,-
2022-06-23T16:15:00,4.917,-,-
2022-06-23T16:00:00,4.917,-,-
2022-06-23T15:45:00,4.914,-,-
2022-06-23T15:30:00,4.914,-,-
2022-06-23T15:15:00,4.912,-,-
2022-06-23T15:00:00,4.909,-,-
2022-06-23T14:45:00,4.907,-,-
2022-06-23T14:30:00,4.905,-,-
2022-06-23T14:15:00,4.901,-,-
2022-06-23T14:00:00,4.899,-,-
2022-06-23T13:45:00,4.897,-,-
2022-06-23T13:30:00,4.895,-,-
2022-06-23T13:15:00,4.892,-,-
2022-06-23T13:00:00,4.889,-,-
2022-06-23T12:45:00,4.887,-,-
2022-06-23T12:30:00,4.883,-,-
2022-06-23T12:15:00,4.881,-,-
2022-06-23T12:00:00,4.874,-,-
2022-06-23T11:45:00,4.870,-,-
2022-06-23T11:30:00,4.862,-,-
2022-06-23T11:15:00,4.853,-,-
2022-06-23T11:00:00,4.844,-,-
2022-06-23T10:45:00,4.829,-,-
2022-06-23T10:30:00,4.810,-,-
2022-06-23T10:15:00,4.787,-,-
2022-06-23T10:00:00,4.759,-,-
2022-06-23T09:45:00,4.720,-,-
2022-06-23T09:30:00,4.673,-,-
2022-06-23T09:15:00,4.639,-,-
2022-06-23T09:00:00,4.615,-,-
2022-06-23T08:45:00,4.604,-,-
2022-06-23T08:30:00,4.601,-,-
2022-06-23T08:15:00,4.605,-,-
2022-06-23T08:00:00,4.609,-,-
2022-06-23T07:45:00,4.613,-,-
2022-06-23T07:30:00,4.618,-,-
2022-06-23T07:15:00,4.623,-,-
2022-06-23T07:00:00,4.627,-,-
2022-06-23T06:45:00,4.632,-,-
2022-06-23T06:30:00,4.637,-,-
2022-06-23T06:15:00,4.641,-,-
2022-06-23T06:00:00,4.646,-,-
2022-06-23T05:45:00,4.651,-,-
2022-06-23T05:30:00,4.656,-,-
2022-06-23T05:15:00,4.661,-,-
2022-06-23T05:00:00,4.666,-,-
2022-06-23T04:45:00,4.671,-,-
2022-06-23T04:30:00,4.676,-,-
2022-06-23T04:15:00,4.681,-,-
2022-06-23T04:00:00,4.686,-,-
2022-06-23T03:45:00,4.692,-,-
2022-06-23T03:30:00,4.697,-,-
2022-06-23T03:15:00,4.702,-,-
2022-06-23T03:00:00,4.707,-,-
2022-06-23T02:45:00,4.713,-,-
2022-06-23T02:30:00,4.719,-,-
2022-06-23T02:15:00,4.724,-,-
2022-06-23T02:00:00,4.729,-,-
2022-06-23T01:45:00,4.734,-,-
2022-06-23T01:30:00,4.740,-,-
2022-06-23T01:15:00,4.746,-,-
2022-06-23T01:00:00,4.751,-,-
2022-06-23T00:45:00,4.758,-,-
2022-06-23T00:30:00,4.764,-,-
2022-06-23T00:15:00,4.771,-,-
2022-06-23T00:00:00,4.777,-,-
2022-06-22T23:45:00,4.784,-,-
2022-06-22T23:30:00,4.793,-,-
2022-06-22T23:15:00,4.803,-,-
2022-06-22T23:00:00,4.812,-,-
2022-06-22T22:45:00,4.825,-,-
2022-06-22T22:30:00,4.840,-,-
2022-06-22T22:15:00,4.858,-,-
2022-06-22T22:00:00,4.879,-,-
2022-06-22T21:45:00,4.901,-,-
2022-06-22T21:30:00,4.923,-,-
2022-06-22T21:15:00,4.947,-,-
2022-06-22T21:00:00,4.969,-,-
2022-06-22T20:45:00,4.989,-,-
2022-06-22T20:30:00,5.000,-,-
2022-06-22T20:15:00,5.008,-,-
2022-06-22T20:00:00,5.013,-,-
2022-06-22T19:45:00,5.012,-,-
2022-06-22T19:30:00,5.012,-,-
2022-06-22T19:15:00,5.009,-,-
2022-06-22T19:00:00,5.009,-,-
2022-06-22T18:45:00,5.006,-,-
2022-06-22T18:30:00,5.006,-,-
2022-06-22T18:15:00,5.003,-,-
2022-06-22T18:00:00,5.003,-,-
2022-06-22T17:45:00,5.002,-,-
2022-06-22T17:30:00,5.002,-,-
2022-06-22T17:15:00,5.001,-,-
2022-06-22T17:00:00,4.999,-,-
2022-06-22T16:45:00,4.998,-,-
2022-06-22T16:30:00,4.999,-,-
2022-06-22T16:15:00,4.998,-,-
2022-06-22T16:00:00,4.996,-,-
2022-06-22T15:45:00,4.994,-,-
2022-06-22T15:30:00,4.993,-,-
2022-06-22T15:15:00,4.990,-,-
2022-06-22T15:00:00,4.990,-,-
2022-06-22T14:45:00,4.989,-,-
2022-06-22T14:30:00,4.984,-,-
2022-06-22T14:15:00,4.981,-,-
2022-06-22T14:00:00,4.978,-,-
2022-06-22T13:45:00,4.971,-,-
2022-06-22T13:30:00,4.965,-,-
2022-06-22T13:15:00,4.955,-,-
2022-06-22T13:00:00,4.946,-,-
2022-06-22T12:45:00,4.936,-,-
2022-06-22T12:30:00,4.927,-,-
2022-06-22T12:15:00,4.916,-,-
2022-06-22T12:00:00,4.911,-,-
2022-06-22T11:45:00,4.911,-,-
2022-06-22T11:30:00,4.912,-,-
2022-06-22T11:15:00,4.916,-,-
2022-06-22T11:00:00,4.919,-,-
2022-06-22T10:45:00,4.917,-,-
2022-06-22T10:30:00,4.905,-,-
2022-06-22T10:15:00,4.887,-,-
2022-06-22T10:00:00,4.861,-,-
2022-06-22T09:45:00,4.834,-,-
2022-06-22T09:30:00,4.797,-,-
2022-06-22T09:15:00,4.759,-,-
2022-06-22T09:00:00,4.723,-,-
2022-06-22T08:45:00,4.694,-,-
2022-06-22T08:30:00,4.675,-,-
2022-06-22T08:15:00,4.667,-,-
2022-06-22T08:00:00,4.664,-,-
2022-06-22T07:45:00,4.667,-,-
2022-06-22T07:30:00,4.666,-,-
2022-06-22T07:15:00,4.665,-,-
2022-06-22T07:00:00,4.665,-,-
2022-06-22T06:45:00,4.664,-,-
2022-06-22T06:30:00,4.661,-,-
2022-06-22T06:15:00,4.659,-,-
2022-06-22T06:00:00,4.655,-,-
2022-06-22T05:45:00,4.652,-,-
2022-06-22T05:30:00,4.648,-,-
2022-06-22T05:15:00,4.643,-,-
2022-06-22T05:00:00,4.636,-,-
2022-06-22T04:45:00,4.629,-,-
2022-06-22T04:30:00,4.624,-,-
2022-06-22T04:15:00,4.617,-,-
2022-06-22T04:00:00,4.613,-,-
2022-06-22T03:45:00,4.608,-,-
2022-06-22T03:30:00,4.603,-,-
2022-06-22T03:15:00,4.595,-,-
2022-06-22T03:00:00,4.590,-,-
2022-06-22T02:45:00,4.583,-,-
2022-06-22T02:30:00,4.575,-,-
2022-06-22T02:15:00,4.572,-,-
2022-06-22T02:00:00,4.569,-,-
2022-06-22T01:45:00,4.569,-,-
2022-06-22T01:30:00,4.567,-,-
2022-06-22T01:15:00,4.565,-,-
2022-06-22T01:00:00,4.559,-,-
2022-06-22T00:45:00,4.549,-,-
2022-06-22T00:30:00,4.538,-,-
2022-06-22T00:15:00,4.524,-,-
2022-06-22T00:00:00,4.510,-,-
2022-06-21T23:45:00,4.499,-,-
2022-06-21T23:30:00,4.493,-,-
2022-06-21T23:15:00,4.495,-,-
2022-06-21T23:00:00,4.501,-,-
2022-06-21T22:45:00,4.516,-,-
2022-06-21T22:30:00,4.532,-,-
2022-06-21T22:15:00,4.552,-,-
2022-06-21T22:00:00,4.576,-,-
2022-06-21T21:45:00,4.603,-,-
2022-06-21T21:30:00,4.624,-,-
2022-06-21T21:15:00,4.644,-,-
2022-06-21T21:00:00,4.648,-,-
2022-06-21T20:45:00,4.664,-,-
2022-06-21T20:30:00,4.675,-,-
2022-06-21T20:15:00,4.681,-,-
2022-06-21T20:00:00,4.684,-,-
2022-06-21T19:45:00,4.680,-,-
2022-06-21T19:30:00,4.677,-,-
2022-06-21T19:15:00,4.674,-,-
2022-06-21T19:00:00,4.673,-,-
2022-06-21T18:45:00,4.670,-,-
2022-06-21T18:30:00,4.665,-,-
2022-06-21T18:15:00,4.666,-,-
2022-06-21T18:00:00,4.663,-,-
2022-06-21T17:45:00,4.662,-,-
2022-06-21T17:30:00,4.660,-,-
2022-06-21T17:15:00,4.657,-,-
2022-06-21T17:00:00,4.655,-,-
2022-06-21T16:45:00,4.653,-,-
2022-06-21T16:30:00,4.652,-,-
2022-06-21T16:15:00,4.649,-,-
2022-06-21T16:00:00,4.647,-,-
2022-06-21T15:45:00,4.644,-,-
2022-06-21T15:30:00,4.643,-,-
2022-06-21T15:15:00,4.640,-,-
2022-06-21T15:00:00,4.637,-,-
2022-06-21T14:45:00,4.635,-,-
2022-06-21T14:30:00,4.632,-,-
2022-06-21T14:15:00,4.630,-,-
2022-06-21T14:00:00,4.626,-,-
2022-06-21T13:45:00,4.624,-,-
2022-06-21T13:30:00,4.621,-,-
2022-06-21T13:15:00,4.616,-,-
2022-06-21T13:00:00,4.610,-,-
2022-06-21T12:45:00,4.604,-,-
2022-06-21T12:30:00,4.596,-,-
2022-06-21T12:15:00,4.585,-,-
2022-06-21T12:00:00,4.574,-,-
2022-06-21T11:45:00,4.554,-,-
2022-06-21T11:30:00,4.529,-,-
2022-06-21T11:15:00,4.498,-,-
2022-06-21T11:00:00,4.455,-,-
2022-06-21T10:45:00,4.407,-,-
2022-06-21T10:30:00,4.352,-,-
2022-06-21T10:15:00,4.299,-,-
2022-06-21T10:00:00,4.261,-,-
2022-06-21T09:45:00,4.239,-,-
2022-06-21T09:30:00,4.234,-,-
2022-06-21T09:15:00,4.234,-,-
2022-06-21T09:00:00,4.236,-,-
2022-06-21T08:45:00,4.238,-,-
2022-06-21T08:30:00,4.241,-,-
2022-06-21T08:15:00,4.242,-,-
2022-06-21T08:00:00,4.245,-,-
2022-06-21T07:45:00,4.248,-,-
2022-06-21T07:30:00,4.250,-,-
2022-06-21T07:15:00,4.252,-,-
2022-06-21T07:00:00,4.255,-,-
2022-06-21T06:45:00,4.257,-,-
2022-06-21T06:30:00,4.262,-,-
2022-06-21T06:15:00,4.265,-,-
2022-06-21T06:00:00,4.270,-,-
2022-06-21T05:45:00,4.273,-,-
2022-06-21T05:30:00,4.277,-,-
2022-06-21T05:15:00,4.281,-,-
2022-06-21T05:00:00,4.285,-,-
2022-06-21T04:45:00,4.289,-,-
2022-06-21T04:30:00,4.293,-,-
2022-06-21T04:15:00,4.297,-,-
2022-06-21T04:00:00,4.301,-,-
2022-06-21T03:45:00,4.307,-,-
2022-06-21T03:30:00,4.312,-,-
2022-06-21T03:15:00,4.316,-,-
2022-06-21T03:00:00,4.323,-,-
2022-06-21T02:45:00,4.328,-,-
2022-06-21T02:30:00,4.332,-,-
2022-06-21T02:15:00,4.338,-,-
2022-06-21T02:00:00,4.345,-,-
2022-06-21T01:45:00,4.351,-,-
2022-06-21T01:30:00,4.357,-,-
2022-06-21T01:15:00,4.364,-,-
2022-06-21T01:00:00,4.373,-,-
2022-06-21T00:45:00,4.380,-,-
2022-06-21T00:30:00,4.389,-,-
2022-06-21T00:15:00,4.399,-,-
2022-06-21T00:00:00,4.409,-,-
2022-06-20T23:45:00,4.419,-,-
2022-06-20T23:30:00,4.432,-,-
2022-06-20T23:15:00,4.449,-,-
2022-06-20T23:00:00,4.467,-,-
2022-06-20T22:45:00,4.487,-,-
2022-06-20T22:30:00,4.511,-,-
2022-06-20T22:15:00,4.540,-,-
2022-06-20T22:00:00,4.571,-,-
2022-06-20T21:45:00,4.603,-,-
2022-06-20T21:30:00,4.639,-,-
2022-06-20T21:15:00,4.673,-,-
2022-06-20T21:00:00,4.704,-,-
2022-06-20T20:45:00,4.733,-,-
2022-06-20T20:30:00,4.755,-,-
2022-06-20T20:15:00,4.772,-,-
2022-06-20T20:00:00,4.785,-,-
2022-06-20T19:45:00,4.795,-,-
2022-06-20T19:30:00,4.803,-,-
2022-06-20T19:15:00,4.810,-,-
2022-06-20T19:00:00,4.814,-,-
2022-06-20T18:45:00,4.817,-,-
2022-06-20T18:30:00,4.811,-,-
2022-06-20T18:15:00,4.802,-,-
2022-06-20T18:00:00,4.791,-,-
2022-06-20T17:45:00,4.780,-,-
2022-06-20T17:30:00,4.769,-,-
2022-06-20T17:15:00,4.759,-,-
2022-06-20T17:00:00,4.752,-,-
2022-06-20T16:45:00,4.746,-,-
2022-06-20T16:30:00,4.746,-,-
2022-06-20T16:15:00,4.749,-,-
2022-06-20T16:00:00,4.747,-,-
2022-06-20T15:45:00,4.745,-,-
2022-06-20T15:30:00,4.746,-,-
2022-06-20T15:15:00,4.744,-,-
2022-06-20T15:00:00,4.743,-,-
2022-06-20T14:45:00,4.741,-,-
2022-06-20T14:30:00,4.745,-,-
2022-06-20T14:15:00,4.743,-,-
2022-06-20T14:00:00,4.744,-,-
2022-06-20T13:45:00,4.742,-,-
2022-06-20T13:30:00,4.743,-,-
2022-06-20T13:15:00,4.741,-,-
2022-06-20T13:00:00,4.739,-,-
2022-06-20T12:45:00,4.739,-,-
2022-06-20T12:30:00,4.734,-,-
2022-06-20T12:15:00,4.733,-,-
2022-06-20T12:00:00,4.731,-,-
2022-06-20T11:45:00,4.726,-,-
2022-06-20T11:30:00,4.720,-,-
2022-06-20T11:15:00,4.710,-,-
2022-06-20T11:00:00,4.702,-,-
2022-06-20T10:45:00,4.690,-,-
2022-06-20T10:30:00,4.671,-,-
2022-06-20T10:15:00,4.651,-,-
2022-06-20T10:00:00,4.620,-,-
2022-06-20T09:45:00,4.587,-,-
2022-06-20T09:30:00,4.549,-,-
2022-06-20T09:15:00,4.507,-,-
2022-06-20T09:00:00,4.468,-,-
2022-06-20T08:45:00,4.438,-,-
2022-06-20T08:30:00,4.427,-,-
2022-06-20T08:15:00,4.425,-,-
2022-06-20T08:00:00,4.429,-,-
2022-06-20T07:45:00,4.436,-,-
2022-06-20T07:30:00,4.442,-,-
2022-06-20T07:15:00,4.449,-,-
2022-06-20T07:00:00,4.455,-,-
2022-06-20T06:45:00,4.463,-,-
2022-06-20T06:30:00,4.470,-,-
2022-06-20T06:15:00,4.478,-,-
2022-06-20T06:00:00,4.487,-,-
2022-06-20T05:45:00,4.497,-,-
2022-06-20T05:30:00,4.507,-,-
2022-06-20T05:15:00,4.518,-,-
2022-06-20T05:00:00,4.528,-,-
2022-06-20T04:45:00,4.538,-,-
2022-06-20T04:30:00,4.549,-,-
2022-06-20T04:15:00,4.558,-,-
2022-06-20T04:00:00,4.569,-,-
2022-06-20T03:45:00,4.582,-,-
2022-06-20T03:30:00,4.594,-,-
2022-06-20T03:15:00,4.605,-,-
2022-06-20T03:00:00,4.616,-,-
2022-06-20T02:45:00,4.630,-,-
2022-06-20T02:30:00,4.643,-,-
2022-06-20T02:15:00,4.655,-,-
2022-06-20T02:00:00,4.668,-,-
2022-06-20T01:45:00,4.681,-,-
2022-06-20T01:30:00,4.696,-,-
2022-06-20T01:15:00,4.708,-,-
2022-06-20T01:00:00,4.724,-,-
2022-06-20T00:45:00,4.739,-,-
2022-06-20T00:30:00,4.755,-,-
2022-06-20T00:15:00,4.770,-,-
2022-06-20T00:00:00,4.785,-,-
2022-06-19T23:45:00,4.804,-,-
2022-06-19T23:30:00,4.824,-,-
2022-06-19T23:15:00,4.846,-,-
2022-06-19T23:00:00,4.869,-,-
2022-06-19T22:45:00,4.897,-,-
2022-06-19T22:30:00,4.927,-,-
2022-06-19T22:15:00,4.960,-,-
2022-06-19T22:00:00,4.998,-,-
2022-06-19T21:45:00,5.036,-,-
2022-06-19T21:30:00,5.078,-,-
2022-06-19T21:15:00,5.121,-,-
2022-06-19T21:00:00,5.157,-,-
2022-06-19T20:45:00,5.194,-,-
2022-06-19T20:30:00,5.229,-,-
2022-06-19T20:15:00,5.252,-,-
2022-06-19T20:00:00,5.268,-,-
2022-06-19T19:45:00,5.280,-,-
2022-06-19T19:30:00,5.283,-,-
2022-06-19T19:15:00,5.289,-,-
2022-06-19T19:00:00,5.294,-,-
2022-06-19T18:45:00,5.300,-,-
2022-06-19T18:30:00,5.307,-,-
2022-06-19T18:15:00,5.312,-,-
2022-06-19T18:00:00,5.321,-,-
2022-06-19T17:45:00,5.329,-,-
2022-06-19T17:30:00,5.337,-,-
2022-06-19T17:15:00,5.348,-,-
2022-06-19T17:00:00,5.355,-,-
2022-06-19T16:45:00,5.364,-,-
2022-06-19T16:30:00,5.375,-,-
2022-06-19T16:15:00,5.386,-,-
2022-06-19T16:00:00,5.395,-,-
2022-06-19T15:45:00,5.404,-,-
2022-06-19T15:30:00,5.415,-,-
2022-06-19T15:15:00,5.427,-,-
2022-06-19T15:00:00,5.436,-,-
2022-06-19T14:45:00,5.445,-,-
2022-06-19T14:30:00,5.456,-,-
2022-06-19T14:15:00,5.467,-,-
2022-06-19T14:00:00,5.476,-,-
2022-06-19T13:45:00,5.483,-,-
2022-06-19T13:30:00,5.498,-,-
2022-06-19T13:15:00,5.508,-,-
2022-06-19T13:00:00,5.512,-,-
2022-06-19T12:45:00,5.519,-,-
2022-06-19T12:30:00,5.523,-,-
2022-06-19T12:15:00,5.531,-,-
2022-06-19T12:00:00,5.529,-,-
2022-06-19T11:45:00,5.529,-,-
2022-06-19T11:30:00,5.530,-,-
2022-06-19T11:15:00,5.529,-,-
2022-06-19T11:00:00,5.531,-,-
2022-06-19T10:45:00,5.530,-,-
2022-06-19T10:30:00,5.522,-,-
2022-06-19T10:15:00,5.521,-,-
2022-06-19T10:00:00,5.516,-,-
2022-06-19T09:45:00,5.507,-,-
2022-06-19T09:30:00,5.493,-,-
2022-06-19T09:15:00,5.484,-,-
2022-06-19T09:00:00,5.466,-,-
2022-06-19T08:45:00,5.449,-,-
2022-06-19T08:30:00,5.436,-,-
2022-06-19T08:15:00,5.429,-,-
2022-06-19T08:00:00,5.424,-,-
2022-06-19T07:45:00,5.421,-,-
2022-06-19T07:30:00,5.410,-,-
2022-06-19T07:15:00,5.390,-,-
2022-06-19T07:00:00,5.362,-,-
2022-06-19T06:45:00,5.314,-,-
2022-06-19T06:30:00,5.261,-,-
2022-06-19T06:15:00,5.194,-,-
2022-06-19T06:00:00,5.127,-,-
2022-06-19T05:45:00,5.059,-,-
2022-06-19T05:30:00,4.997,-,-
2022-06-19T05:15:00,4.936,-,-
2022-06-19T05:00:00,4.886,-,-
2022-06-19T04:45:00,4.843,-,-
2022-06-19T04:30:00,4.815,-,-
2022-06-19T04:15:00,4.797,-,-
2022-06-19T04:00:00,4.788,-,-
2022-06-19T03:45:00,4.783,-,-
2022-06-19T03:30:00,4.782,-,-
2022-06-19T03:15:00,4.787,-,-
2022-06-19T03:00:00,4.793,-,-
2022-06-19T02:45:00,4.803,-,-
2022-06-19T02:30:00,4.810,-,-
2022-06-19T02:15:00,4.821,-,-
2022-06-19T02:00:00,4.831,-,-
2022-06-19T01:45:00,4.842,-,-
2022-06-19T01:30:00,4.853,-,-
2022-06-19T01:15:00,4.865,-,-
2022-06-19T01:00:00,4.878,-,-
2022-06-19T00:45:00,4.889,-,-
2022-06-19T00:30:00,4.899,-,-
2022-06-19T00:15:00,4.909,-,-
2022-06-19T00:00:00,4.921,-,-
2022-06-18T23:45:00,4.934,-,-
2022-06-18T23:30:00,4.949,-,-
2022-06-18T23:15:00,4.965,-,-
2022-06-18T23:00:00,4.982,-,-
2022-06-18T22:45:00,5.001,-,-
2022-06-18T22:30:00,5.023,-,-
2022-06-18T22:15:00,5.047,-,-
2022-06-18T22:00:00,5.075,-,-
2022-06-18T21:45:00,5.106,-,-
2022-06-18T21:30:00,5.140,-,-
2022-06-18T21:15:00,5.171,-,-
2022-06-18T21:00:00,5.204,-,-
2022-06-18T20:45:00,5.232,-,-
2022-06-18T20:30:00,5.261,-,-
2022-06-18T20:15:00,5.278,-,-
2022-06-18T20:00:00,5.287,-,-
2022-06-18T19:45:00,5.294,-,-
2022-06-18T19:30:00,5.295,-,-
2022-06-18T19:15:00,5.295,-,-
2022-06-18T19:00:00,5.296,-,-
2022-06-18T18:45:00,5.297,-,-
2022-06-18T18:30:00,5.297,-,-
2022-06-18T18:15:00,5.301,-,-
2022-06-18T18:00:00,5.301,-,-
2022-06-18T17:45:00,5.302,-,-
2022-06-18T17:30:00,5.306,-,-
2022-06-18T17:15:00,5.305,-,-
2022-06-18T17:00:00,5.307,-,-
2022-06-18T16:45:00,5.303,-,-
2022-06-18T16:30:00,5.301,-,-
2022-06-18T16:15:00,5.303,-,-
2022-06-18T16:00:00,5.304,-,-
2022-06-18T15:45:00,5.305,-,-
2022-06-18T15:30:00,5.304,-,-
2022-06-18T15:15:00,5.307,-,-
2022-06-18T15:00:00,5.304,-,-
2022-06-18T14:45:00,5.306,-,-
2022-06-18T14:30:00,5.302,-,-
2022-06-18T14:15:00,5.300,-,-
2022-06-18T14:00:00,5.297,-,-
2022-06-18T13:45:00,5.295,-,-
2022-06-18T13:30:00,5.293,-,-
2022-06-18T13:15:00,5.289,-,-
2022-06-18T13:00:00,5.283,-,-
2022-06-18T12:45:00,5.281,-,-
2022-06-18T12:30:00,5.279,-,-
2022-06-18T12:15:00,5.275,-,-
2022-06-18T12:00:00,5.275,-,-
2022-06-18T11:45:00,5.267,-,-
2022-06-18T11:30:00,5.263,-,-
2022-06-18T11:15:00,5.256,-,-
2022-06-18T11:00:00,5.247,-,-
2022-06-18T10:45:00,5.234,-,-
2022-06-18T10:30:00,5.220,-,-
2022-06-18T10:15:00,5.205,-,-
2022-06-18T10:00:00,5.179,-,-
2022-06-18T09:45:00,5.153,-,-
2022-06-18T09:30:00,5.117,-,-
2022-06-18T09:15:00,5.075,-,-
2022-06-18T09:00:00,5.029,-,-
2022-06-18T08:45:00,4.985,-,-
2022-06-18T08:30:00,4.952,-,-
2022-06-18T08:15:00,4.931,-,-
2022-06-18T08:00:00,4.917,-,-
2022-06-18T07:45:00,4.913,-,-
2022-06-18T07:30:00,4.907,-,-
2022-06-18T07:15:00,4.901,-,-
2022-06-18T07:00:00,4.889,-,-
2022-06-18T06:45:00,4.875,-,-
2022-06-18T06:30:00,4.861,-,-
2022-06-18T06:15:00,4.840,-,-
2022-06-18T06:00:00,4.814,-,-
2022-06-18T05:45:00,4.790,-,-
2022-06-18T05:30:00,4.766,-,-
2022-06-18T05:15:00,4.753,-,-
2022-06-18T05:00:00,4.751,-,-
2022-06-18T04:45:00,4.754,-,-
2022-06-18T04:30:00,4.755,-,-
2022-06-18T04:15:00,4.759,-,-
2022-06-18T04:00:00,4.761,-,-
2022-06-18T03:45:00,4.763,-,-
2022-06-18T03:30:00,4.765,-,-
2022-06-18T03:15:00,4.770,-,-
2022-06-18T03:00:00,4.774,-,-
2022-06-18T02:45:00,4.769,-,-
2022-06-18T02:30:00,4.770,-,-
2022-06-18T02:15:00,4.768,-,-
2022-06-18T02:00:00,4.771,-,-
2022-06-18T01:45:00,4.779,-,-
2022-06-18T01:30:00,4.784,-,-
2022-06-18T01:15:00,4.790,-,-
2022-06-18T01:00:00,4.799,-,-
2022-06-18T00:45:00,4.817,-,-
2022-06-18T00:30:00,4.814,-,-
2022-06-18T00:15:00,4.753,-,-
2022-06-18T00:00:00,4.747,-,-
2022-07-01T23:45:00,4.164,-,-
2022-07-01T23:30:00,4.179,-,-
2022-07-01T23:15:00,4.199,-,-
2022-07-01T23:00:00,4.220,-,-
2022-07-01T22:45:00,4.245,-,-
2022-07-01T22:30:00,4.273,-,-
2022-07-01T22:15:00,4.301,-,-
2022-07-01T22:00:00,4.333,-,-
2022-07-01T21:45:00,4.367,-,-
2022-07-01T21:30:00,4.399,-,-
2022-07-01T21:15:00,4.426,-,-
2022-07-01T21:00:00,4.453,-,-
2022-07-01T20:45:00,4.473,-,-
2022-07-01T20:30:00,4.485,-,-
2022-07-01T20:15:00,4.492,-,-
2022-07-01T20:00:00,4.494,-,-
2022-07-01T19:45:00,4.494,-,-
2022-07-01T19:30:00,4.489,-,-
2022-07-01T19:15:00,4.488,-,-
2022-07-01T19:00:00,4.487,-,-
2022-07-01T18:45:00,4.485,-,-
2022-07-01T18:30:00,4.482,-,-
2022-07-01T18:15:00,4.481,-,-
2022-07-01T18:00:00,4.478,-,-
2022-07-01T17:45:00,4.476,-,-
2022-07-01T17:30:00,4.472,-,-
2022-07-01T17:15:00,4.469,-,-
2022-07-01T17:00:00,4.462,-,-
2022-07-01T16:45:00,4.458,-,-
2022-07-01T16:30:00,4.450,-,-
2022-07-01T16:15:00,4.438,-,-
2022-07-01T16:00:00,4.424,-,-
2022-07-01T15:45:00,4.406,-,-
2022-07-01T15:30:00,4.380,-,-
2022-07-01T15:15:00,4.345,-,-
2022-07-01T15:00:00,4.300,-,-
2022-07-01T14:45:00,4.247,-,-
2022-07-01T14:30:00,4.178,-,-
2022-07-01T14:15:00,4.110,-,-
2022-07-01T14:00:00,4.053,-,-
2022-07-01T13:45:00,4.024,-,-
2022-07-01T13:30:00,4.013,-,-
2022-07-01T13:15:00,4.011,-,-
2022-07-01T13:00:00,4.013,-,-
2022-07-01T12:45:00,4.013,-,-
2022-07-01T12:30:00,4.015,-,-
2022-07-01T12:15:00,4.015,-,-
2022-07-01T12:00:00,4.015,-,-
2022-07-01T11:45:00,4.016,-,-
2022-07-01T11:30:00,4.016,-,-
2022-07-01T11:15:00,4.016,-,-
2022-07-01T11:00:00,4.016,-,-
2022-07-01T10:45:00,4.016,-,-
2022-07-01T10:30:00,4.016,-,-
2022-07-01T10:15:00,4.016,-,-
2022-07-01T10:00:00,4.016,-,-
2022-07-01T09:45:00,4.017,-,-
2022-07-01T09:30:00,4.017,-,-
2022-07-01T09:15:00,4.017,-,-
2022-07-01T09:00:00,4.018,-,-
2022-07-01T08:45:00,4.019,-,-
2022-07-01T08:30:00,4.018,-,-
2022-07-01T08:15:00,4.017,-,-
2022-07-01T08:00:00,4.017,-,-
2022-07-01T07:45:00,4.016,-,-
2022-07-01T07:30:00,4.015,-,-
2022-07-01T07:15:00,4.014,-,-
2022-07-01T07:00:00,4.013,-,-
2022-07-01T06:45:00,4.011,-,-
2022-07-01T06:30:00,4.010,-,-
2022-07-01T06:15:00,4.009,-,-
2022-07-01T06:00:00,4.009,-,-
2022-07-01T05:45:00,4.007,-,-
2022-07-01T05:30:00,4.007,-,-
2022-07-01T05:15:00,4.005,-,-
2022-07-01T05:00:00,4.005,-,-
2022-07-01T04:45:00,4.004,-,-
2022-07-01T04:30:00,4.005,-,-
2022-07-01T04:15:00,4.004,-,-
2022-07-01T04:00:00,4.005,-,-
2022-07-01T03:45:00,4.005,-,-
2022-07-01T03:30:00,4.006,-,-
2022-07-01T03:15:00,4.007,-,-
2022-07-01T03:00:00,4.008,-,-
2022-07-01T02:45:00,4.009,-,-
2022-07-01T02:30:00,4.010,-,-
2022-07-01T02:15:00,4.011,-,-
2022-07-01T02:00:00,4.012,-,-
2022-07-01T01:45:00,4.011,-,-
2022-07-01T01:30:00,4.009,-,-
2022-07-01T01:15:00,4.007,-,-
2022-07-01T01:00:00,4.005,-,-
2022-07-01T00:45:00,4.004,-,-
2022-07-01T00:30:00,4.002,-,-
2022-07-01T00:15:00,4.001,-,-
2022-07-01T00:00:00,4.001,-,-
2022-06-30T23:45:00,4.001,-,-
2022-06-30T23:30:00,4.003,-,-
2022-06-30T23:15:00,4.004,-,-
2022-06-30T23:00:00,4.004,-,-
2022-06-30T22:45:00,4.004,-,-
2022-06-30T22:30:00,4.002,-,-
2022-06-30T22:15:00,3.998,-,-
2022-06-30T22:00:00,3.993,-,-
2022-06-30T21:45:00,3.987,-,-
2022-06-30T21:30:00,3.979,-,-
2022-06-30T21:15:00,3.974,-,-
2022-06-30T21:00:00,3.969,-,-
2022-06-30T20:45:00,3.967,-,-
2022-06-30T20:30:00,3.966,-,-
2022-06-30T20:15:00,3.963,-,-
2022-06-30T20:00:00,3.959,-,-
2022-06-30T19:45:00,3.953,-,-
2022-06-30T19:30:00,3.951,-,-
2022-06-30T19:15:00,3.951,-,-
2022-06-30T19:00:00,3.951,-,-
2022-06-30T18:45:00,3.951,-,-
2022-06-30T18:30:00,3.951,-,-
2022-06-30T18:15:00,3.951,-,-
2022-06-30T18:00:00,3.952,-,-
2022-06-30T17:45:00,3.952,-,-
2022-06-30T17:30:00,3.952,-,-
2022-06-30T17:15:00,3.952,-,-
2022-06-30T17:00:00,3.953,-,-
2022-06-30T16:45:00,3.954,-,-
2022-06-30T16:30:00,3.955,-,-
2022-06-30T16:15:00,3.955,-,-
2022-06-30T16:00:00,3.956,-,-
2022-06-30T15:45:00,3.956,-,-
2022-06-30T15:30:00,3.957,-,-
2022-06-30T15:15:00,3.957,-,-
2022-06-30T15:00:00,3.958,-,-
2022-06-30T14:45:00,3.958,-,-
2022-06-30T14:30:00,3.958,-,-
2022-06-30T14:15:00,3.958,-,-
2022-06-30T14:00:00,3.959,-,-
2022-06-30T13:45:00,3.959,-,-
2022-06-30T13:30:00,3.959,-,-
2022-06-30T13:15:00,3.960,-,-
2022-06-30T13:00:00,3.961,-,-
2022-06-30T12:45:00,3.959,-,-
2022-06-30T12:30:00,3.960,-,-
2022-06-30T12:15:00,3.960,-,-
2022-06-30T12:00:00,3.961,-,-
2022-06-30T11:45:00,3.961,-,-
2022-06-30T11:30:00,3.961,-,-
2022-06-30T11:15:00,3.962,-,-
2022-06-30T11:00:00,3.963,-,-
2022-06-30T10:45:00,3.963,-,-
2022-06-30T10:30:00,3.964,-,-
2022-06-30T10:15:00,3.964,-,-
2022-06-30T10:00:00,3.965,-,-
2022-06-30T09:45:00,3.965,-,-
2022-06-30T09:30:00,3.966,-,-
2022-06-30T09:15:00,3.966,-,-
2022-06-30T09:00:00,3.967,-,-
2022-06-30T08:45:00,3.967,-,-
2022-06-30T08:30:00,3.967,-,-
2022-06-30T08:15:00,3.968,-,-
2022-06-30T08:00:00,3.968,-,-
2022-06-30T07:45:00,3.969,-,-
2022-06-30T07:30:00,3.969,-,-
2022-06-30T07:15:00,3.969,-,-
2022-06-30T07:00:00,3.970,-,-
2022-06-30T06:45:00,3.970,-,-
2022-06-30T06:30:00,3.970,-,-
2022-06-30T06:15:00,3.971,-,-
2022-06-30T06:00:00,3.970,-,-
2022-06-30T05:45:00,3.971,-,-
2022-06-30T05:30:00,3.972,-,-
2022-06-30T05:15:00,3.972,-,-
2022-06-30T05:00:00,3.972,-,-
2022-06-30T04:45:00,3.973,-,-
2022-06-30T04:30:00,3.973,-,-
2022-06-30T04:15:00,3.973,-,-
2022-06-30T04:00:00,3.974,-,-
2022-06-30T03:45:00,3.974,-,-
2022-06-30T03:30:00,3.975,-,-
2022-06-30T03:15:00,3.975,-,-
2022-06-30T03:00:00,3.975,-,-
2022-06-30T02:45:00,3.976,-,-
2022-06-30T02:30:00,3.975,-,-
2022-06-30T02:15:00,3.975,-,-
2022-06-30T02:00:00,3.976,-,-
2022-06-30T01:45:00,3.976,-,-
2022-06-30T01:30:00,3.976,-,-
2022-06-30T01:15:00,3.977,-,-
2022-06-30T01:00:00,3.977,-,-
2022-06-30T00:45:00,3.977,-,-
2022-06-30T00:30:00,3.977,-,-
2022-06-30T00:15:00,3.978,-,-
2022-06-30T00:00:00,3.978,-,-
2022-06-29T23:45:00,3.979,-,-
2022-06-29T23:30:00,3.979,-,-
2022-06-29T23:15:00,3.979,-,-
2022-06-29T23:00:00,3.980,-,-
2022-06-29T22:45:00,3.980,-,-
2022-06-29T22:30:00,3.980,-,-
2022-06-29T22:15:00,3.981,-,-
2022-06-29T22:00:00,3.980,-,-
2022-06-29T21:45:00,3.981,-,-
2022-06-29T21:30:00,3.981,-,-
2022-06-29T21:15:00,3.980,-,-
2022-06-29T21:00:00,3.980,-,-
2022-06-29T20:45:00,3.980,-,-
2022-06-29T20:30:00,3.981,-,-
2022-06-29T20:15:00,3.981,-,-
2022-06-29T20:00:00,3.981,-,-
2022-06-29T19:45:00,3.982,-,-
2022-06-29T19:30:00,3.983,-,-
2022-06-29T19:15:00,3.984,-,-
2022-06-29T19:00:00,3.985,-,-
2022-06-29T18:45:00,3.984,-,-
2022-06-29T18:30:00,3.986,-,-
2022-06-29T18:15:00,3.986,-,-
2022-06-29T18:00:00,3.987,-,-
2022-06-29T17:45:00,3.987,-,-
2022-06-29T17:30:00,3.987,-,-
2022-06-29T17:15:00,3.987,-,-
2022-06-29T17:00:00,3.989,-,-
2022-06-29T16:45:00,3.988,-,-
2022-06-29T16:30:00,3.989,-,-
2022-06-29T16:15:00,3.989,-,-
2022-06-29T16:00:00,3.989,-,-
2022-06-29T15:45:00,3.989,-,-
2022-06-29T15:30:00,3.989,-,-
2022-06-29T15:15:00,3.989,-,-
2022-06-29T15:00:00,3.990,-,-
2022-06-29T14:45:00,3.990,-,-
2022-06-29T14:30:00,3.990,-,-
2022-06-29T14:15:00,3.991,-,-
2022-06-29T14:00:00,3.991,-,-
2022-06-29T13:45:00,3.992,-,-
2022-06-29T13:30:00,3.992,-,-
2022-06-29T13:15:00,3.992,-,-
2022-06-29T13:00:00,3.992,-,-
2022-06-29T12:45:00,3.992,-,-
2022-06-29T12:30:00,3.993,-,-
2022-06-29T12:15:00,3.993,-,-
2022-06-29T12:00:00,3.994,-,-
2022-06-29T11:45:00,3.994,-,-
2022-06-29T11:30:00,3.994,-,-
2022-06-29T11:15:00,3.993,-,-
2022-06-29T11:00:00,3.994,-,-
2022-06-29T10:45:00,3.994,-,-
2022-06-29T10:30:00,3.994,-,-
2022-06-29T10:15:00,3.994,-,-
2022-06-29T10:00:00,3.994,-,-
2022-06-29T09:45:00,3.994,-,-
2022-06-29T09:30:00,3.995,-,-
2022-06-29T09:15:00,3.995,-,-
2022-06-29T09:00:00,3.995,-,-
2022-06-29T08:45:00,3.995,-,-
2022-06-29T08:30:00,3.995,-,-
2022-06-29T08:15:00,3.995,-,-
2022-06-29T08:00:00,3.994,-,-
2022-06-29T07:45:00,3.994,-,-
2022-06-29T07:30:00,3.994,-,-
2022-06-29T07:15:00,3.994,-,-
2022-06-29T07:00:00,3.994,-,-
2022-06-29T06:45:00,3.994,-,-
2022-06-29T06:30:00,3.994,-,-
2022-06-29T06:15:00,3.993,-,-
2022-06-29T06:00:00,3.994,-,-
2022-06-29T05:45:00,3.995,-,-
2022-06-29T05:30:00,3.996,-,-
2022-06-29T05:15:00,3.997,-,-
2022-06-29T05:00:00,3.998,-,-
2022-06-29T04:45:00,4.000,-,-
2022-06-29T04:30:00,4.002,-,-
2022-06-29T04:15:00,4.003,-,-
2022-06-29T04:00:00,4.003,-,-
2022-06-29T03:45:00,4.004,-,-
2022-06-29T03:30:00,4.005,-,-
2022-06-29T03:15:00,4.005,-,-
2022-06-29T03:00:00,4.006,-,-
2022-06-29T02:45:00,4.007,-,-
2022-06-29T02:30:00,4.007,-,-
2022-06-29T02:15:00,4.007,-,-
2022-06-29T02:00:00,4.008,-,-
2022-06-29T01:45:00,4.008,-,-
2022-06-29T01:30:00,4.009,-,-
2022-06-29T01:15:00,4.009,-,-
2022-06-29T01:00:00,4.011,-,-
2022-06-29T00:45:00,4.012,-,-
2022-06-29T00:30:00,4.013,-,-
2022-06-29T00:15:00,4.013,-,-
2022-06-29T00:00:00,4.014,-,-
2022-06-28T23:45:00,4.015,-,-
2022-06-28T23:30:00,4.016,-,-
2022-06-28T23:15:00,4.017,-,-
2022-06-28T23:00:00,4.018,-,-
2022-06-28T22:45:00,4.017,-,-
2022-06-28T22:30:00,4.018,-,-
2022-06-28T22:15:00,4.018,-,-
2022-06-28T22:00:00,4.019,-,-
2022-06-28T21:45:00,4.019,-,-
2022-06-28T21:30:00,4.019,-,-
2022-06-28T21:15:00,4.021,-,-
2022-06-28T21:00:00,4.022,-,-
2022-06-28T20:45:00,4.023,-,-
2022-06-28T20:30:00,4.024,-,-
2022-06-28T20:15:00,4.024,-,-
2022-06-28T20:00:00,4.024,-,-
2022-06-28T19:45:00,4.025,-,-
2022-06-28T19:30:00,4.027,-,-
2022-06-28T19:15:00,4.028,-,-
2022-06-28T19:00:00,4.028,-,-
2022-06-28T18:45:00,4.029,-,-
2022-06-28T18:30:00,4.029,-,-
2022-06-28T18:15:00,4.029,-,-
2022-06-28T18:00:00,4.030,-,-
2022-06-28T17:45:00,4.031,-,-
2022-06-28T17:30:00,4.032,-,-
2022-06-28T17:15:00,4.033,-,-
2022-06-28T17:00:00,4.033,-,-
2022-06-28T16:45:00,4.035,-,-
2022-06-28T16:30:00,4.035,-,-
2022-06-28T16:15:00,4.036,-,-
2022-06-28T16:00:00,4.036,-,-
2022-06-28T15:45:00,4.037,-,-
2022-06-28T15:30:00,4.038,-,-
2022-06-28T15:15:00,4.039,-,-
2022-06-28T15:00:00,4.041,-,-
2022-06-28T14:45:00,4.041,-,-
2022-06-28T14:30:00,4.041,-,-
2022-06-28T14:15:00,4.043,-,-
2022-06-28T14:00:00,4.044,-,-
2022-06-28T13:45:00,4.045,-,-
2022-06-28T13:30:00,4.046,-,-
2022-06-28T13:15:00,4.047,-,-
2022-06-28T13:00:00,4.048,-,-
2022-06-28T12:45:00,4.049,-,-
2022-06-28T12:30:00,4.050,-,-
2022-06-28T12:15:00,4.052,-,-
2022-06-28T12:00:00,4.053,-,-
2022-06-28T11:45:00,4.052,-,-
2022-06-28T11:30:00,4.053,-,-
2022-06-28T11:15:00,4.056,-,-
2022-06-28T11:00:00,4.058,-,-
2022-06-28T10:45:00,4.061,-,-
2022-06-28T10:30:00,4.062,-,-
2022-06-28T10:15:00,4.064,-,-
2022-06-28T10:00:00,4.065,-,-
2022-06-28T09:45:00,4.066,-,-
2022-06-28T09:30:00,4.068,-,-
2022-06-28T09:15:00,4.071,-,-
2022-06-28T09:00:00,4.073,-,-
2022-06-28T08:45:00,4.077,-,-
2022-06-28T08:30:00,4.079,-,-
2022-06-28T08:15:00,4.082,-,-
2022-06-28T08:00:00,4.084,-,-
2022-06-28T07:45:00,4.087,-,-
2022-06-28T07:30:00,4.090,-,-
2022-06-28T07:15:00,4.093,-,-
2022-06-28T07:00:00,4.096,-,-
2022-06-28T06:45:00,4.099,-,-
2022-06-28T06:30:00,4.102,-,-
2022-06-28T06:15:00,4.105,-,-
2022-06-28T06:00:00,4.110,-,-
2022-06-28T05:45:00,4.113,-,-
2022-06-28T05:30:00,4.117,-,-
2022-06-28T05:15:00,4.121,-,-
2022-06-28T05:00:00,4.124,-,-
2022-06-28T04:45:00,4.128,-,-
2022-06-28T04:30:00,4.132,-,-
2022-06-28T04:15:00,4.137,-,-
2022-06-28T04:00:00,4.141,-,-
2022-06-28T03:45:00,4.146,-,-
2022-06-28T03:30:00,4.150,-,-
2022-06-28T03:15:00,4.155,-,-
2022-06-28T03:00:00,4.160,-,-
2022-06-28T02:45:00,4.164,-,-
2022-06-28T02:30:00,4.170,-,-
2022-06-28T02:15:00,4.174,-,-
2022-06-28T02:00:00,4.180,-,-
2022-06-28T01:45:00,4.187,-,-
2022-06-28T01:30:00,4.195,-,-
2022-06-28T01:15:00,4.202,-,-
2022-06-28T01:00:00,4.211,-,-
2022-06-28T00:45:00,4.220,-,-
2022-06-28T00:30:00,4.230,-,-
2022-06-28T00:15:00,4.241,-,-
2022-06-28T00:00:00,4.253,-,-
2022-06-27T23:45:00,4.268,-,-
2022-06-27T23:30:00,4.284,-,-
2022-06-27T23:15:00,4.300,-,-
2022-06-27T23:00:00,4.323,-,-
2022-06-27T22:45:00,4.345,-,-
2022-06-27T22:30:00,4.372,-,-
2022-06-27T22:15:00,4.400,-,-
2022-06-27T22:00:00,4.429,-,-
2022-06-27T21:45:00,4.461,-,-
2022-06-27T21:30:00,4.492,-,-
2022-06-27T21:15:00,4.522,-,-
2022-06-27T21:00:00,4.545,-,-
2022-06-27T20:45:00,4.563,-,-
2022-06-27T20:30:00,4.573,-,-
2022-06-27T20:15:00,4.583,-,-
2022-06-27T20:00:00,4.581,-,-
2022-06-27T19:45:00,4.581,-,-
2022-06-27T19:30:00,4.580,-,-
2022-06-27T19:15:00,4.580,-,-
2022-06-27T19:00:00,4.579,-,-
2022-06-27T18:45:00,4.577,-,-
2022-06-27T18:30:00,4.574,-,-
2022-06-27T18:15:00,4.574,-,-
2022-06-27T18:00:00,4.572,-,-
2022-06-27T17:45:00,4.572,-,-
2022-06-27T17:30:00,4.571,-,-
2022-06-27T17:15:00,4.569,-,-
2022-06-27T17:00:00,4.570,-,-
2022-06-27T16:45:00,4.569,-,-
2022-06-27T16:30:00,4.570,-,-
2022-06-27T16:15:00,4.569,-,-
2022-06-27T16:00:00,4.564,-,-
2022-06-27T15:45:00,4.563,-,-
2022-06-27T15:30:00,4.564,-,-
2022-06-27T15:15:00,4.559,-,-
2022-06-27T15:00:00,4.561,-,-
2022-06-27T14:45:00,4.557,-,-
2022-06-27T14:30:00,4.557,-,-
2022-06-27T14:15:00,4.556,-,-
2022-06-27T14:00:00,4.555,-,-
2022-06-27T13:45:00,4.551,-,-
2022-06-27T13:30:00,4.550,-,-
2022-06-27T13:15:00,4.549,-,-
2022-06-27T13:00:00,4.546,-,-
2022-06-27T12:45:00,4.544,-,-
2022-06-27T12:30:00,4.541,-,-
2022-06-27T12:15:00,4.535,-,-
2022-06-27T12:00:00,4.530,-,-
2022-06-27T11:45:00,4.521,-,-
2022-06-27T11:30:00,4.508,-,-
2022-06-27T11:15:00,4.493,-,-
2022-06-27T11:00:00,4.470,-,-
2022-06-27T10:45:00,4.442,-,-
2022-06-27T10:30:00,4.405,-,-
2022-06-27T10:15:00,4.360,-,-
2022-06-27T10:00:00,4.302,-,-
2022-06-27T09:45:00,4.246,-,-
2022-06-27T09:30:00,4.199,-,-
2022-06-27T09:15:00,4.169,-,-
2022-06-27T09:00:00,4.160,-,-
2022-06-27T08:45:00,4.160,-,-
2022-06-27T08:30:00,4.163,-,-
2022-06-27T08:15:00,4.165,-,-
2022-06-27T08:00:00,4.167,-,-
2022-06-27T07:45:00,4.170,-,-
2022-06-27T07:30:00,4.173,-,-
2022-06-27T07:15:00,4.178,-,-
2022-06-27T07:00:00,4.182,-,-
2022-06-27T06:45:00,4.186,-,-
2022-06-27T06:30:00,4.191,-,-
2022-06-27T06:15:00,4.196,-,-
2022-06-27T06:00:00,4.201,-,-
2022-06-27T05:45:00,4.205,-,-
2022-06-27T05:30:00,4.210,-,-
2022-06-27T05:15:00,4.215,-,-
2022-06-27T05:00:00,4.220,-,-
2022-06-27T04:45:00,4.225,-,-
2022-06-27T04:30:00,4.229,-,-
2022-06-27T04:15:00,4.235,-,-
2022-06-27T04:00:00,4.240,-,-
2022-06-27T03:45:00,4.245,-,-
2022-06-27T03:30:00,4.250,-,-
2022-06-27T03:15:00,4.257,-,-
2022-06-27T03:00:00,4.262,-,-
2022-06-27T02:45:00,4.269,-,-
2022-06-27T02:30:00,4.275,-,-
2022-06-27T02:15:00,4.281,-,-
2022-06-27T02:00:00,4.287,-,-
2022-06-27T01:45:00,4.293,-,-
2022-06-27T01:30:00,4.299,-,-
2022-06-27T01:15:00,4.307,-,-
2022-06-27T01:00:00,4.316,-,-
2022-06-27T00:45:00,4.325,-,-
2022-06-27T00:30:00,4.334,-,-
2022-06-27T00:15:00,4.344,-,-
2022-06-27T00:00:00,4.355,-,-
2022-06-26T23:45:00,4.367,-,-
2022-06-26T23:30:00,4.383,-,-
2022-06-26T23:15:00,4.398,-,-
2022-06-26T23:00:00,4.415,-,-
2022-06-26T22:45:00,4.433,-,-
2022-06-26T22:30:00,4.458,-,-
2022-06-26T22:15:00,4.485,-,-
2022-06-26T22:00:00,4.512,-,-
2022-06-26T21:45:00,4.541,-,-
2022-06-26T21:30:00,4.568,-,-
2022-06-26T21:15:00,4.595,-,-
2022-06-26T21:00:00,4.620,-,-
2022-06-26T20:45:00,4.639,-,-
2022-06-26T20:30:00,4.651,-,-
2022-06-26T20:15:00,4.657,-,-
2022-06-26T20:00:00,4.659,-,-
2022-06-26T19:45:00,4.659,-,-
2022-06-26T19:30:00,4.658,-,-
2022-06-26T19:15:00,4.658,-,-
2022-06-26T19:00:00,4.656,-,-
2022-06-26T18:45:00,4.657,-,-
2022-06-26T18:30:00,4.655,-,-
2022-06-26T18:15:00,4.654,-,-
2022-06-26T18:00:00,4.655,-,-
2022-06-26T17:45:00,4.655,-,-
2022-06-26T17:30:00,4.655,-,-
2022-06-26T17:15:00,4.657,-,-
2022-06-26T17:00:00,4.657,-,-
2022-06-26T16:45:00,4.657,-,-
2022-06-26T16:30:00,4.660,-,-
2022-06-26T16:15:00,4.666,-,-
2022-06-26T16:00:00,4.669,-,-
2022-06-26T15:45:00,4.675,-,-
2022-06-26T15:30:00,4.677,-,-
2022-06-26T15:15:00,4.678,-,-
2022-06-26T15:00:00,4.677,-,-
2022-06-26T14:45:00,4.674,-,-
2022-06-26T14:30:00,4.669,-,-
2022-06-26T14:15:00,4.667,-,-
2022-06-26T14:00:00,4.662,-,-
2022-06-26T13:45:00,4.655,-,-
2022-06-26T13:30:00,4.645,-,-
2022-06-26T13:15:00,4.629,-,-
2022-06-26T13:00:00,4.616,-,-
2022-06-26T12:45:00,4.605,-,-
2022-06-26T12:30:00,4.600,-,-
2022-06-26T12:15:00,4.594,-,-
2022-06-26T12:00:00,4.589,-,-
2022-06-26T11:45:00,4.581,-,-
2022-06-26T11:30:00,4.570,-,-
2022-06-26T11:15:00,4.559,-,-
2022-06-26T11:00:00,4.541,-,-
2022-06-26T10:45:00,4.516,-,-
2022-06-26T10:30:00,4.485,-,-
2022-06-26T10:15:00,4.446,-,-
2022-06-26T10:00:00,4.401,-,-
2022-06-26T09:45:00,4.353,-,-
2022-06-26T09:30:00,4.307,-,-
2022-06-26T09:15:00,4.278,-,-
2022-06-26T09:00:00,4.265,-,-
2022-06-26T08:45:00,4.264,-,-
2022-06-26T08:30:00,4.268,-,-
2022-06-26T08:15:00,4.273,-,-
2022-06-26T08:00:00,4.277,-,-
2022-06-26T07:45:00,4.282,-,-
2022-06-26T07:30:00,4.287,-,-
2022-06-26T07:15:00,4.291,-,-
2022-06-26T07:00:00,4.296,-,-
2022-06-26T06:45:00,4.300,-,-
2022-06-26T06:30:00,4.305,-,-
2022-06-26T06:15:00,4.310,-,-
2022-06-26T06:00:00,4.315,-,-
2022-06-26T05:45:00,4.321,-,-
2022-06-26T05:30:00,4.326,-,-
2022-06-26T05:15:00,4.331,-,-
2022-06-26T05:00:00,4.336,-,-
2022-06-26T04:45:00,4.341,-,-
2022-06-26T04:30:00,4.346,-,-
2022-06-26T04:15:00,4.352,-,-
2022-06-26T04:00:00,4.357,-,-
2022-06-26T03:45:00,4.363,-,-
2022-06-26T03:30:00,4.369,-,-
2022-06-26T03:15:00,4.374,-,-
2022-06-26T03:00:00,4.380,-,-
2022-06-26T02:45:00,4.386,-,-
2022-06-26T02:30:00,4.391,-,-
2022-06-26T02:15:00,4.398,-,-
2022-06-26T02:00:00,4.404,-,-
2022-06-26T01:45:00,4.410,-,-
2022-06-26T01:30:00,4.415,-,-
2022-06-26T01:15:00,4.422,-,-
2022-06-26T01:00:00,4.429,-,-
2022-06-26T00:45:00,4.436,-,-
2022-06-26T00:30:00,4.445,-,-
2022-06-26T00:15:00,4.454,-,-
2022-06-26T00:00:00,4.463,-,-
2022-06-25T23:45:00,4.473,-,-
2022-06-25T23:30:00,4.485,-,-
2022-06-25T23:15:00,4.498,-,-
2022-06-25T23:00:00,4.515,-,-
2022-06-25T22:45:00,4.532,-,-
2022-06-25T22:30:00,4.551,-,-
2022-06-25T22:15:00,4.575,-,-
2022-06-25T22:00:00,4.598,-,-
2022-06-25T21:45:00,4.624,-,-
2022-06-25T21:30:00,4.651,-,-
2022-06-25T21:15:00,4.675,-,-
2022-06-25T21:00:00,4.697,-,-
2022-06-25T20:45:00,4.716,-,-
2022-06-25T20:30:00,4.727,-,-
2022-06-25T20:15:00,4.732,-,-
2022-06-25T20:00:00,4.737,-,-
2022-06-25T19:45:00,4.736,-,-
2022-06-25T19:30:00,4.732,-,-
2022-06-25T19:15:00,4.733,-,-
2022-06-25T19:00:00,4.731,-,-
2022-06-25T18:45:00,4.728,-,-
2022-06-25T18:30:00,4.728,-,-
2022-06-25T18:15:00,4.726,-,-
2022-06-25T18:00:00,4.725,-,-
2022-06-25T17:45:00,4.726,-,-
2022-06-25T17:30:00,4.722,-,-
2022-06-25T17:15:00,4.720,-,-
2022-06-25T17:00:00,4.718,-,-
2022-06-25T16:45:00,4.716,-,-
2022-06-25T16:30:00,4.716,-,-
2022-06-25T16:15:00,4.714,-,-
2022-06-25T16:00:00,4.713,-,-
2022-06-25T15:45:00,4.709,-,-
2022-06-25T15:30:00,4.708,-,-
2022-06-25T15:15:00,4.708,-,-
2022-06-25T15:00:00,4.704,-,-
2022-06-25T14:45:00,4.704,-,-
2022-06-25T14:30:00,4.705,-,-
2022-06-25T14:15:00,4.703,-,-
2022-06-25T14:00:00,4.701,-,-
2022-06-25T13:45:00,4.699,-,-
2022-06-25T13:30:00,4.695,-,-
2022-06-25T13:15:00,4.695,-,-
2022-06-25T13:00:00,4.692,-,-
2022-06-25T12:45:00,4.688,-,-
2022-06-25T12:30:00,4.683,-,-
2022-06-25T12:15:00,4.679,-,-
2022-06-25T12:00:00,4.674,-,-
2022-06-25T11:45:00,4.667,-,-
2022-06-25T11:30:00,4.658,-,-
2022-06-25T11:15:00,4.646,-,-
2022-06-25T11:00:00,4.632,-,-
2022-06-25T10:45:00,4.615,-,-
2022-06-25T10:30:00,4.589,-,-
2022-06-25T10:15:00,4.557,-,-
2022-06-25T10:00:00,4.523,-,-
2022-06-25T09:45:00,4.480,-,-
2022-06-25T09:30:00,4.439,-,-
2022-06-25T09:15:00,4.409,-,-
2022-06-25T09:00:00,4.393,-,-
2022-06-25T08:45:00,4.388,-,-
2022-06-25T08:30:00,4.391,-,-
2022-06-25T08:15:00,4.396,-,-
2022-06-25T08:00:00,4.401,-,-
2022-06-25T07:45:00,4.406,-,-
2022-06-25T07:30:00,4.411,-,-
2022-06-25T07:15:00,4.417,-,-
2022-06-25T07:00:00,4.420,-,-
2022-06-25T06:45:00,4.425,-,-
2022-06-25T06:30:00,4.431,-,-
2022-06-25T06:15:00,4.435,-,-
2022-06-25T06:00:00,4.441,-,-
2022-06-25T05:45:00,4.445,-,-
2022-06-25T05:30:00,4.450,-,-
2022-06-25T05:15:00,4.455,-,-
2022-06-25T05:00:00,4.461,-,-
2022-06-25T04:45:00,4.465,-,-
2022-06-25T04:30:00,4.470,-,-
2022-06-25T04:15:00,4.474,-,-
2022-06-25T04:00:00,4.480,-,-
2022-06-25T03:45:00,4.486,-,-
2022-06-25T03:30:00,4.491,-,-
2022-06-25T03:15:00,4.496,-,-
2022-06-25T03:00:00,4.500,-,-
2022-06-25T02:45:00,4.505,-,-
2022-06-25T02:30:00,4.510,-,-
2022-06-25T02:15:00,4.516,-,-
2022-06-25T02:00:00,4.520,-,-
2022-06-25T01:45:00,4.526,-,-
2022-06-25T01:30:00,4.531,-,-
2022-06-25T01:15:00,4.536,-,-
2022-06-25T01:00:00,4.541,-,-
2022-06-25T00:45:00,4.548,-,-
2022-06-25T00:30:00,4.554,-,-
2022-06-25T00:15:00,4.560,-,-
2022-06-25T00:00:00,4.569,-,-
2022-07-08T23:45:00,4.203,-,-
2022-07-08T23:30:00,4.195,-,-
2022-07-08T23:15:00,4.189,-,-
2022-07-08T23:00:00,4.180,-,-
2022-07-08T22:45:00,4.172,-,-
2022-07-08T22:30:00,4.167,-,-
2022-07-08T22:15:00,4.163,-,-
2022-07-08T22:00:00,4.156,-,-
2022-07-08T21:45:00,4.143,-,-
2022-07-08T21:30:00,4.130,-,-
2022-07-08T21:15:00,4.117,-,-
2022-07-08T21:00:00,4.114,-,-
2022-07-08T20:45:00,4.107,-,-
2022-07-08T20:30:00,4.085,-,-
2022-07-08T20:15:00,4.071,-,-
2022-07-08T20:00:00,4.066,-,-
2022-07-08T19:45:00,4.065,-,-
2022-07-08T19:30:00,4.065,-,-
2022-07-08T19:15:00,4.065,-,-
2022-07-08T19:00:00,4.066,-,-
2022-07-08T18:45:00,4.066,-,-
2022-07-08T18:30:00,4.067,-,-
2022-07-08T18:15:00,4.068,-,-
2022-07-08T18:00:00,4.068,-,-
2022-07-08T17:45:00,4.069,-,-
2022-07-08T17:30:00,4.070,-,-
2022-07-08T17:15:00,4.071,-,-
2022-07-08T17:00:00,4.072,-,-
2022-07-08T16:45:00,4.073,-,-
2022-07-08T16:30:00,4.073,-,-
2022-07-08T16:15:00,4.073,-,-
2022-07-08T16:00:00,4.073,-,-
2022-07-08T15:45:00,4.073,-,-
2022-07-08T15:30:00,4.073,-,-
2022-07-08T15:15:00,4.073,-,-
2022-07-08T15:00:00,4.073,-,-
2022-07-08T14:45:00,4.073,-,-
2022-07-08T14:30:00,4.075,-,-
2022-07-08T14:15:00,4.075,-,-
2022-07-08T14:00:00,4.076,-,-
2022-07-08T13:45:00,4.075,-,-
2022-07-08T13:30:00,4.076,-,-
2022-07-08T13:15:00,4.076,-,-
2022-07-08T13:00:00,4.077,-,-
2022-07-08T12:45:00,4.078,-,-
2022-07-08T12:30:00,4.077,-,-
2022-07-08T12:15:00,4.078,-,-
2022-07-08T12:00:00,4.078,-,-
2022-07-08T11:45:00,4.078,-,-
2022-07-08T11:30:00,4.079,-,-
2022-07-08T11:15:00,4.079,-,-
2022-07-08T11:00:00,4.079,-,-
2022-07-08T10:45:00,4.080,-,-
2022-07-08T10:30:00,4.080,-,-
2022-07-08T10:15:00,4.081,-,-
2022-07-08T10:00:00,4.081,-,-
2022-07-08T09:45:00,4.081,-,-
2022-07-08T09:30:00,4.082,-,-
2022-07-08T09:15:00,4.082,-,-
2022-07-08T09:00:00,4.082,-,-
2022-07-08T08:45:00,4.083,-,-
2022-07-08T08:30:00,4.083,-,-
2022-07-08T08:15:00,4.084,-,-
2022-07-08T08:00:00,4.083,-,-
2022-07-08T07:45:00,4.085,-,-
2022-07-08T07:30:00,4.085,-,-
2022-07-08T07:15:00,4.085,-,-
2022-07-08T07:00:00,4.086,-,-
2022-07-08T06:45:00,4.087,-,-
2022-07-08T06:30:00,4.087,-,-
2022-07-08T06:15:00,4.087,-,-
2022-07-08T06:00:00,4.088,-,-
2022-07-08T05:45:00,4.088,-,-
2022-07-08T05:30:00,4.089,-,-
2022-07-08T05:15:00,4.089,-,-
2022-07-08T05:00:00,4.089,-,-
2022-07-08T04:45:00,4.089,-,-
2022-07-08T04:30:00,4.090,-,-
2022-07-08T04:15:00,4.090,-,-
2022-07-08T04:00:00,4.091,-,-
2022-07-08T03:45:00,4.091,-,-
2022-07-08T03:30:00,4.092,-,-
2022-07-08T03:15:00,4.092,-,-
2022-07-08T03:00:00,4.093,-,-
2022-07-08T02:45:00,4.092,-,-
2022-07-08T02:30:00,4.093,-,-
2022-07-08T02:15:00,4.093,-,-
2022-07-08T02:00:00,4.094,-,-
2022-07-08T01:45:00,4.094,-,-
2022-07-08T01:30:00,4.094,-,-
2022-07-08T01:15:00,4.095,-,-
2022-07-08T01:00:00,4.095,-,-
2022-07-08T00:45:00,4.095,-,-
2022-07-08T00:30:00,4.095,-,-
2022-07-08T00:15:00,4.095,-,-
2022-07-08T00:00:00,4.096,-,-
2022-07-07T23:45:00,4.097,-,-
2022-07-07T23:30:00,4.097,-,-
2022-07-07T23:15:00,4.097,-,-
2022-07-07T23:00:00,4.098,-,-
2022-07-07T22:45:00,4.098,-,-
2022-07-07T22:30:00,4.098,-,-
2022-07-07T22:15:00,4.098,-,-
2022-07-07T22:00:00,4.098,-,-
2022-07-07T21:45:00,4.098,-,-
2022-07-07T21:30:00,4.099,-,-
2022-07-07T21:15:00,4.099,-,-
2022-07-07T21:00:00,4.099,-,-
2022-07-07T20:45:00,4.099,-,-
2022-07-07T20:30:00,4.101,-,-
2022-07-07T20:15:00,4.101,-,-
2022-07-07T20:00:00,4.101,-,-
2022-07-07T19:45:00,4.102,-,-
2022-07-07T19:30:00,4.103,-,-
2022-07-07T19:15:00,4.103,-,-
2022-07-07T19:00:00,4.103,-,-
2022-07-07T18:45:00,4.101,-,-
2022-07-07T18:30:00,4.101,-,-
2022-07-07T18:15:00,4.101,-,-
2022-07-07T18:00:00,4.101,-,-
2022-07-07T17:45:00,4.102,-,-
2022-07-07T17:30:00,4.103,-,-
2022-07-07T17:15:00,4.104,-,-
2022-07-07T17:00:00,4.106,-,-
2022-07-07T16:45:00,4.106,-,-
2022-07-07T16:30:00,4.107,-,-
2022-07-07T16:15:00,4.108,-,-
2022-07-07T16:00:00,4.109,-,-
2022-07-07T15:45:00,4.109,-,-
2022-07-07T15:30:00,4.111,-,-
2022-07-07T15:15:00,4.111,-,-
2022-07-07T15:00:00,4.112,-,-
2022-07-07T14:45:00,4.113,-,-
2022-07-07T14:30:00,4.113,-,-
2022-07-07T14:15:00,4.115,-,-
2022-07-07T14:00:00,4.115,-,-
2022-07-07T13:45:00,4.116,-,-
2022-07-07T13:30:00,4.116,-,-
2022-07-07T13:15:00,4.117,-,-
2022-07-07T13:00:00,4.117,-,-
2022-07-07T12:45:00,4.117,-,-
2022-07-07T12:30:00,4.118,-,-
2022-07-07T12:15:00,4.119,-,-
2022-07-07T12:00:00,4.120,-,-
2022-07-07T11:45:00,4.121,-,-
2022-07-07T11:30:00,4.122,-,-
2022-07-07T11:15:00,4.123,-,-
2022-07-07T11:00:00,4.124,-,-
2022-07-07T10:45:00,4.125,-,-
2022-07-07T10:30:00,4.125,-,-
2022-07-07T10:15:00,4.126,-,-
2022-07-07T10:00:00,4.127,-,-
2022-07-07T09:45:00,4.128,-,-
2022-07-07T09:30:00,4.129,-,-
2022-07-07T09:15:00,4.130,-,-
2022-07-07T09:00:00,4.131,-,-
2022-07-07T08:45:00,4.132,-,-
2022-07-07T08:30:00,4.134,-,-
2022-07-07T08:15:00,4.134,-,-
2022-07-07T08:00:00,4.135,-,-
2022-07-07T07:45:00,4.136,-,-
2022-07-07T07:30:00,4.138,-,-
2022-07-07T07:15:00,4.139,-,-
2022-07-07T07:00:00,4.140,-,-
2022-07-07T06:45:00,4.141,-,-
2022-07-07T06:30:00,4.141,-,-
2022-07-07T06:15:00,4.142,-,-
2022-07-07T06:00:00,4.144,-,-
2022-07-07T05:45:00,4.146,-,-
2022-07-07T05:30:00,4.146,-,-
2022-07-07T05:15:00,4.148,-,-
2022-07-07T05:00:00,4.149,-,-
2022-07-07T04:45:00,4.149,-,-
2022-07-07T04:30:00,4.151,-,-
2022-07-07T04:15:00,4.152,-,-
2022-07-07T04:00:00,4.153,-,-
2022-07-07T03:45:00,4.154,-,-
2022-07-07T03:30:00,4.154,-,-
2022-07-07T03:15:00,4.156,-,-
2022-07-07T03:00:00,4.157,-,-
2022-07-07T02:45:00,4.158,-,-
2022-07-07T02:30:00,4.159,-,-
2022-07-07T02:15:00,4.161,-,-
2022-07-07T02:00:00,4.162,-,-
2022-07-07T01:45:00,4.162,-,-
2022-07-07T01:30:00,4.163,-,-
2022-07-07T01:15:00,4.165,-,-
2022-07-07T01:00:00,4.165,-,-
2022-07-07T00:45:00,4.167,-,-
2022-07-07T00:30:00,4.167,-,-
2022-07-07T00:15:00,4.169,-,-
2022-07-07T00:00:00,4.169,-,-
2022-07-06T23:45:00,4.170,-,-
2022-07-06T23:30:00,4.171,-,-
2022-07-06T23:15:00,4.172,-,-
2022-07-06T23:00:00,4.174,-,-
2022-07-06T22:45:00,4.175,-,-
2022-07-06T22:30:00,4.176,-,-
2022-07-06T22:15:00,4.178,-,-
2022-07-06T22:00:00,4.178,-,-
2022-07-06T21:45:00,4.180,-,-
2022-07-06T21:30:00,4.180,-,-
2022-07-06T21:15:00,4.181,-,-
2022-07-06T21:00:00,4.183,-,-
2022-07-06T20:45:00,4.184,-,-
2022-07-06T20:30:00,4.185,-,-
2022-07-06T20:15:00,4.187,-,-
2022-07-06T20:00:00,4.189,-,-
2022-07-06T19:45:00,4.191,-,-
2022-07-06T19:30:00,4.192,-,-
2022-07-06T19:15:00,4.194,-,-
2022-07-06T19:00:00,4.195,-,-
2022-07-06T18:45:00,4.196,-,-
2022-07-06T18:30:00,4.198,-,-
2022-07-06T18:15:00,4.199,-,-
2022-07-06T18:00:00,4.200,-,-
2022-07-06T17:45:00,4.202,-,-
2022-07-06T17:30:00,4.203,-,-
2022-07-06T17:15:00,4.205,-,-
2022-07-06T17:00:00,4.207,-,-
2022-07-06T16:45:00,4.207,-,-
2022-07-06T16:30:00,4.209,-,-
2022-07-06T16:15:00,4.210,-,-
2022-07-06T16:00:00,4.211,-,-
2022-07-06T15:45:00,4.212,-,-
2022-07-06T15:30:00,4.213,-,-
2022-07-06T15:15:00,4.214,-,-
2022-07-06T15:00:00,4.215,-,-
2022-07-06T14:45:00,4.216,-,-
2022-07-06T14:30:00,4.216,-,-
2022-07-06T14:15:00,4.218,-,-
2022-07-06T14:00:00,4.218,-,-
2022-07-06T13:45:00,4.219,-,-
2022-07-06T13:30:00,4.219,-,-
2022-07-06T13:15:00,4.220,-,-
2022-07-06T13:00:00,4.219,-,-
2022-07-06T12:45:00,4.221,-,-
2022-07-06T12:30:00,4.221,-,-
2022-07-06T12:15:00,4.222,-,-
2022-07-06T12:00:00,4.223,-,-
2022-07-06T11:45:00,4.224,-,-
2022-07-06T11:30:00,4.225,-,-
2022-07-06T11:15:00,4.224,-,-
2022-07-06T11:00:00,4.225,-,-
2022-07-06T10:45:00,4.225,-,-
2022-07-06T10:30:00,4.228,-,-
2022-07-06T10:15:00,4.227,-,-
2022-07-06T10:00:00,4.229,-,-
2022-07-06T09:45:00,4.230,-,-
2022-07-06T09:30:00,4.232,-,-
2022-07-06T09:15:00,4.231,-,-
2022-07-06T09:00:00,4.233,-,-
2022-07-06T08:45:00,4.234,-,-
2022-07-06T08:30:00,4.234,-,-
2022-07-06T08:15:00,4.233,-,-
2022-07-06T08:00:00,4.233,-,-
2022-07-06T07:45:00,4.234,-,-
2022-07-06T07:30:00,4.235,-,-
2022-07-06T07:15:00,4.236,-,-
2022-07-06T07:00:00,4.237,-,-
2022-07-06T06:45:00,4.237,-,-
2022-07-06T06:30:00,4.238,-,-
2022-07-06T06:15:00,4.239,-,-
2022-07-06T06:00:00,4.240,-,-
2022-07-06T05:45:00,4.241,-,-
2022-07-06T05:30:00,4.241,-,-
2022-07-06T05:15:00,4.242,-,-
2022-07-06T05:00:00,4.243,-,-
2022-07-06T04:45:00,4.243,-,-
2022-07-06T04:30:00,4.244,-,-
2022-07-06T04:15:00,4.244,-,-
2022-07-06T04:00:00,4.245,-,-
2022-07-06T03:45:00,4.245,-,-
2022-07-06T03:30:00,4.246,-,-
2022-07-06T03:15:00,4.248,-,-
2022-07-06T03:00:00,4.247,-,-
2022-07-06T02:45:00,4.247,-,-
2022-07-06T02:30:00,4.248,-,-
2022-07-06T02:15:00,4.249,-,-
2022-07-06T02:00:00,4.250,-,-
2022-07-06T01:45:00,4.250,-,-
2022-07-06T01:30:00,4.251,-,-
2022-07-06T01:15:00,4.251,-,-
2022-07-06T01:00:00,4.253,-,-
2022-07-06T00:45:00,4.253,-,-
2022-07-06T00:30:00,4.253,-,-
2022-07-06T00:15:00,4.254,-,-
2022-07-06T00:00:00,4.254,-,-
2022-07-05T23:45:00,4.254,-,-
2022-07-05T23:30:00,4.255,-,-
2022-07-05T23:15:00,4.254,-,-
2022-07-05T23:00:00,4.254,-,-
2022-07-05T22:45:00,4.254,-,-
2022-07-05T22:30:00,4.253,-,-
2022-07-05T22:15:00,4.251,-,-
2022-07-05T22:00:00,4.250,-,-
2022-07-05T21:45:00,4.250,-,-
2022-07-05T21:30:00,4.249,-,-
2022-07-05T21:15:00,4.246,-,-
2022-07-05T21:00:00,4.246,-,-
2022-07-05T20:45:00,4.245,-,-
2022-07-05T20:30:00,4.242,-,-
2022-07-05T20:15:00,4.241,-,-
2022-07-05T20:00:00,4.236,-,-
2022-07-05T19:45:00,4.233,-,-
2022-07-05T19:30:00,4.228,-,-
2022-07-05T19:15:00,4.224,-,-
2022-07-05T19:00:00,4.219,-,-
2022-07-05T18:45:00,4.215,-,-
2022-07-05T18:30:00,4.212,-,-
2022-07-05T18:15:00,4.210,-,-
2022-07-05T18:00:00,4.209,-,-
2022-07-05T17:45:00,4.207,-,-
2022-07-05T17:30:00,4.207,-,-
2022-07-05T17:15:00,4.207,-,-
2022-07-05T17:00:00,4.207,-,-
2022-07-05T16:45:00,4.206,-,-
2022-07-05T16:30:00,4.207,-,-
2022-07-05T16:15:00,4.206,-,-
2022-07-05T16:00:00,4.208,-,-
2022-07-05T15:45:00,4.209,-,-
2022-07-05T15:30:00,4.210,-,-
2022-07-05T15:15:00,4.209,-,-
2022-07-05T15:00:00,4.209,-,-
2022-07-05T14:45:00,4.209,-,-
2022-07-05T14:30:00,4.210,-,-
2022-07-05T14:15:00,4.209,-,-
2022-07-05T14:00:00,4.211,-,-
2022-07-05T13:45:00,4.209,-,-
2022-07-05T13:30:00,4.209,-,-
2022-07-05T13:15:00,4.211,-,-
2022-07-05T13:00:00,4.211,-,-
2022-07-05T12:45:00,4.211,-,-
2022-07-05T12:30:00,4.212,-,-
2022-07-05T12:15:00,4.211,-,-
2022-07-05T12:00:00,4.212,-,-
2022-07-05T11:45:00,4.212,-,-
2022-07-05T11:30:00,4.212,-,-
2022-07-05T11:15:00,4.213,-,-
2022-07-05T11:00:00,4.213,-,-
2022-07-05T10:45:00,4.214,-,-
2022-07-05T10:30:00,4.214,-,-
2022-07-05T10:15:00,4.215,-,-
2022-07-05T10:00:00,4.215,-,-
2022-07-05T09:45:00,4.217,-,-
2022-07-05T09:30:00,4.216,-,-
2022-07-05T09:15:00,4.217,-,-
2022-07-05T09:00:00,4.218,-,-
2022-07-05T08:45:00,4.218,-,-
2022-07-05T08:30:00,4.218,-,-
2022-07-05T08:15:00,4.219,-,-
2022-07-05T08:00:00,4.219,-,-
2022-07-05T07:45:00,4.220,-,-
2022-07-05T07:30:00,4.221,-,-
2022-07-05T07:15:00,4.220,-,-
2022-07-05T07:00:00,4.221,-,-
2022-07-05T06:45:00,4.220,-,-
2022-07-05T06:30:00,4.220,-,-
2022-07-05T06:15:00,4.219,-,-
2022-07-05T06:00:00,4.221,-,-
2022-07-05T05:45:00,4.221,-,-
2022-07-05T05:30:00,4.221,-,-
2022-07-05T05:15:00,4.223,-,-
2022-07-05T05:00:00,4.224,-,-
2022-07-05T04:45:00,4.225,-,-
2022-07-05T04:30:00,4.225,-,-
2022-07-05T04:15:00,4.227,-,-
2022-07-05T04:00:00,4.227,-,-
2022-07-05T03:45:00,4.228,-,-
2022-07-05T03:30:00,4.229,-,-
2022-07-05T03:15:00,4.230,-,-
2022-07-05T03:00:00,4.233,-,-
2022-07-05T02:45:00,4.233,-,-
2022-07-05T02:30:00,4.236,-,-
2022-07-05T02:15:00,4.239,-,-
2022-07-05T02:00:00,4.241,-,-
2022-07-05T01:45:00,4.243,-,-
2022-07-05T01:30:00,4.246,-,-
2022-07-05T01:15:00,4.248,-,-
2022-07-05T01:00:00,4.250,-,-
2022-07-05T00:45:00,4.253,-,-
2022-07-05T00:30:00,4.257,-,-
2022-07-05T00:15:00,4.260,-,-
2022-07-05T00:00:00,4.261,-,-
2022-07-04T23:45:00,4.266,-,-
2022-07-04T23:30:00,4.269,-,-
2022-07-04T23:15:00,4.271,-,-
2022-07-04T23:00:00,4.274,-,-
2022-07-04T22:45:00,4.277,-,-
2022-07-04T22:30:00,4.280,-,-
2022-07-04T22:15:00,4.284,-,-
2022-07-04T22:00:00,4.285,-,-
2022-07-04T21:45:00,4.290,-,-
2022-07-04T21:30:00,4.292,-,-
2022-07-04T21:15:00,4.295,-,-
2022-07-04T21:00:00,4.298,-,-
2022-07-04T20:45:00,4.302,-,-
2022-07-04T20:30:00,4.305,-,-
2022-07-04T20:15:00,4.309,-,-
2022-07-04T20:00:00,4.312,-,-
2022-07-04T19:45:00,4.315,-,-
2022-07-04T19:30:00,4.320,-,-
2022-07-04T19:15:00,4.325,-,-
2022-07-04T19:00:00,4.329,-,-
2022-07-04T18:45:00,4.334,-,-
2022-07-04T18:30:00,4.339,-,-
2022-07-04T18:15:00,4.342,-,-
2022-07-04T18:00:00,4.347,-,-
2022-07-04T17:45:00,4.351,-,-
2022-07-04T17:30:00,4.357,-,-
2022-07-04T17:15:00,4.361,-,-
2022-07-04T17:00:00,4.366,-,-
2022-07-04T16:45:00,4.371,-,-
2022-07-04T16:30:00,4.376,-,-
2022-07-04T16:15:00,4.381,-,-
2022-07-04T16:00:00,4.386,-,-
2022-07-04T15:45:00,4.390,-,-
2022-07-04T15:30:00,4.396,-,-
2022-07-04T15:15:00,4.402,-,-
2022-07-04T15:00:00,4.405,-,-
2022-07-04T14:45:00,4.412,-,-
2022-07-04T14:30:00,4.416,-,-
2022-07-04T14:15:00,4.422,-,-
2022-07-04T14:00:00,4.428,-,-
2022-07-04T13:45:00,4.436,-,-
2022-07-04T13:30:00,4.445,-,-
2022-07-04T13:15:00,4.455,-,-
2022-07-04T13:00:00,4.465,-,-
2022-07-04T12:45:00,4.477,-,-
2022-07-04T12:30:00,4.492,-,-
2022-07-04T12:15:00,4.510,-,-
2022-07-04T12:00:00,4.529,-,-
2022-07-04T11:45:00,4.548,-,-
2022-07-04T11:30:00,4.570,-,-
2022-07-04T11:15:00,4.593,-,-
2022-07-04T11:00:00,4.617,-,-
2022-07-04T10:45:00,4.636,-,-
2022-07-04T10:30:00,4.651,-,-
2022-07-04T10:15:00,4.655,-,-
2022-07-04T10:00:00,4.649,-,-
2022-07-04T09:45:00,4.630,-,-
2022-07-04T09:30:00,4.603,-,-
2022-07-04T09:15:00,4.571,-,-
2022-07-04T09:00:00,4.541,-,-
2022-07-04T08:45:00,4.519,-,-
2022-07-04T08:30:00,4.509,-,-
2022-07-04T08:15:00,4.508,-,-
2022-07-04T08:00:00,4.514,-,-
2022-07-04T07:45:00,4.520,-,-
2022-07-04T07:30:00,4.528,-,-
2022-07-04T07:15:00,4.536,-,-
2022-07-04T07:00:00,4.543,-,-
2022-07-04T06:45:00,4.550,-,-
2022-07-04T06:30:00,4.557,-,-
2022-07-04T06:15:00,4.566,-,-
2022-07-04T06:00:00,4.574,-,-
2022-07-04T05:45:00,4.581,-,-
2022-07-04T05:30:00,4.589,-,-
2022-07-04T05:15:00,4.596,-,-
2022-07-04T05:00:00,4.605,-,-
2022-07-04T04:45:00,4.613,-,-
2022-07-04T04:30:00,4.621,-,-
2022-07-04T04:15:00,4.629,-,-
2022-07-04T04:00:00,4.637,-,-
2022-07-04T03:45:00,4.645,-,-
2022-07-04T03:30:00,4.652,-,-
2022-07-04T03:15:00,4.660,-,-
2022-07-04T03:00:00,4.666,-,-
2022-07-04T02:45:00,4.673,-,-
2022-07-04T02:30:00,4.680,-,-
2022-07-04T02:15:00,4.686,-,-
2022-07-04T02:00:00,4.694,-,-
2022-07-04T01:45:00,4.700,-,-
2022-07-04T01:30:00,4.708,-,-
2022-07-04T01:15:00,4.716,-,-
2022-07-04T01:00:00,4.723,-,-
2022-07-04T00:45:00,4.732,-,-
2022-07-04T00:30:00,4.739,-,-
2022-07-04T00:15:00,4.750,-,-
2022-07-04T00:00:00,4.760,-,-
2022-07-03T23:45:00,4.772,-,-
2022-07-03T23:30:00,4.782,-,-
2022-07-03T23:15:00,4.794,-,-
2022-07-03T23:00:00,4.807,-,-
2022-07-03T22:45:00,4.824,-,-
2022-07-03T22:30:00,4.842,-,-
2022-07-03T22:15:00,4.863,-,-
2022-07-03T22:00:00,4.886,-,-
2022-07-03T21:45:00,4.909,-,-
2022-07-03T21:30:00,4.936,-,-
2022-07-03T21:15:00,4.962,-,-
2022-07-03T21:00:00,4.986,-,-
2022-07-03T20:45:00,5.008,-,-
2022-07-03T20:30:00,5.026,-,-
2022-07-03T20:15:00,5.036,-,-
2022-07-03T20:00:00,5.043,-,-
2022-07-03T19:45:00,5.052,-,-
2022-07-03T19:30:00,5.058,-,-
2022-07-03T19:15:00,5.062,-,-
2022-07-03T19:00:00,5.070,-,-
2022-07-03T18:45:00,5.070,-,-
2022-07-03T18:30:00,5.066,-,-
2022-07-03T18:15:00,5.062,-,-
2022-07-03T18:00:00,5.059,-,-
2022-07-03T17:45:00,5.057,-,-
2022-07-03T17:30:00,5.052,-,-
2022-07-03T17:15:00,5.052,-,-
2022-07-03T17:00:00,5.038,-,-
2022-07-03T16:45:00,5.014,-,-
2022-07-03T16:30:00,5.003,-,-
2022-07-03T16:15:00,4.999,-,-
2022-07-03T16:00:00,4.997,-,-
2022-07-03T15:45:00,4.995,-,-
2022-07-03T15:30:00,4.992,-,-
2022-07-03T15:15:00,4.988,-,-
2022-07-03T15:00:00,4.985,-,-
2022-07-03T14:45:00,4.982,-,-
2022-07-03T14:30:00,4.977,-,-
2022-07-03T14:15:00,4.972,-,-
2022-07-03T14:00:00,4.971,-,-
2022-07-03T13:45:00,4.967,-,-
2022-07-03T13:30:00,4.966,-,-
2022-07-03T13:15:00,4.965,-,-
2022-07-03T13:00:00,4.958,-,-
2022-07-03T12:45:00,4.960,-,-
2022-07-03T12:30:00,4.956,-,-
2022-07-03T12:15:00,4.951,-,-
2022-07-03T12:00:00,4.950,-,-
2022-07-03T11:45:00,4.945,-,-
2022-07-03T11:30:00,4.942,-,-
2022-07-03T11:15:00,4.934,-,-
2022-07-03T11:00:00,4.925,-,-
2022-07-03T10:45:00,4.913,-,-
2022-07-03T10:30:00,4.898,-,-
2022-07-03T10:15:00,4.878,-,-
2022-07-03T10:00:00,4.857,-,-
2022-07-03T09:45:00,4.832,-,-
2022-07-03T09:30:00,4.804,-,-
2022-07-03T09:15:00,4.780,-,-
2022-07-03T09:00:00,4.760,-,-
2022-07-03T08:45:00,4.748,-,-
2022-07-03T08:30:00,4.745,-,-
2022-07-03T08:15:00,4.745,-,-
2022-07-03T08:00:00,4.751,-,-
2022-07-03T07:45:00,4.757,-,-
2022-07-03T07:30:00,4.762,-,-
2022-07-03T07:15:00,4.769,-,-
2022-07-03T07:00:00,4.772,-,-
2022-07-03T06:45:00,4.777,-,-
2022-07-03T06:30:00,4.781,-,-
2022-07-03T06:15:00,4.781,-,-
2022-07-03T06:00:00,4.783,-,-
2022-07-03T05:45:00,4.783,-,-
2022-07-03T05:30:00,4.781,-,-
2022-07-03T05:15:00,4.778,-,-
2022-07-03T05:00:00,4.770,-,-
2022-07-03T04:45:00,4.762,-,-
2022-07-03T04:30:00,4.753,-,-
2022-07-03T04:15:00,4.739,-,-
2022-07-03T04:00:00,4.723,-,-
2022-07-03T03:45:00,4.701,-,-
2022-07-03T03:30:00,4.676,-,-
2022-07-03T03:15:00,4.653,-,-
2022-07-03T03:00:00,4.620,-,-
2022-07-03T02:45:00,4.588,-,-
2022-07-03T02:30:00,4.551,-,-
2022-07-03T02:15:00,4.513,-,-
2022-07-03T02:00:00,4.475,-,-
2022-07-03T01:45:00,4.440,-,-
2022-07-03T01:30:00,4.414,-,-
2022-07-03T01:15:00,4.397,-,-
2022-07-03T01:00:00,4.387,-,-
2022-07-03T00:45:00,4.381,-,-
2022-07-03T00:30:00,4.378,-,-
2022-07-03T00:15:00,4.378,-,-
2022-07-03T00:00:00,4.379,-,-
2022-07-02T23:45:00,4.382,-,-
2022-07-02T23:30:00,4.388,-,-
2022-07-02T23:15:00,4.397,-,-
2022-07-02T23:00:00,4.409,-,-
2022-07-02T22:45:00,4.422,-,-
2022-07-02T22:30:00,4.441,-,-
2022-07-02T22:15:00,4.461,-,-
2022-07-02T22:00:00,4.485,-,-
2022-07-02T21:45:00,4.510,-,-
2022-07-02T21:30:00,4.534,-,-
2022-07-02T21:15:00,4.555,-,-
2022-07-02T21:00:00,4.574,-,-
2022-07-02T20:45:00,4.588,-,-
2022-07-02T20:30:00,4.597,-,-
2022-07-02T20:15:00,4.600,-,-
2022-07-02T20:00:00,4.598,-,-
2022-07-02T19:45:00,4.594,-,-
2022-07-02T19:30:00,4.590,-,-
2022-07-02T19:15:00,4.586,-,-
2022-07-02T19:00:00,4.584,-,-
2022-07-02T18:45:00,4.583,-,-
2022-07-02T18:30:00,4.580,-,-
2022-07-02T18:15:00,4.576,-,-
2022-07-02T18:00:00,4.574,-,-
2022-07-02T17:45:00,4.572,-,-
2022-07-02T17:30:00,4.571,-,-
2022-07-02T17:15:00,4.570,-,-
2022-07-02T17:00:00,4.564,-,-
2022-07-02T16:45:00,4.562,-,-
2022-07-02T16:30:00,4.561,-,-
2022-07-02T16:15:00,4.557,-,-
2022-07-02T16:00:00,4.556,-,-
2022-07-02T15:45:00,4.551,-,-
2022-07-02T15:30:00,4.550,-,-
2022-07-02T15:15:00,4.547,-,-
2022-07-02T15:00:00,4.545,-,-
2022-07-02T14:45:00,4.543,-,-
2022-07-02T14:30:00,4.540,-,-
2022-07-02T14:15:00,4.536,-,-
2022-07-02T14:00:00,4.531,-,-
2022-07-02T13:45:00,4.528,-,-
2022-07-02T13:30:00,4.525,-,-
2022-07-02T13:15:00,4.522,-,-
2022-07-02T13:00:00,4.516,-,-
2022-07-02T12:45:00,4.511,-,-
2022-07-02T12:30:00,4.506,-,-
2022-07-02T12:15:00,4.499,-,-
2022-07-02T12:00:00,4.489,-,-
2022-07-02T11:45:00,4.478,-,-
2022-07-02T11:30:00,4.463,-,-
2022-07-02T11:15:00,4.444,-,-
2022-07-02T11:00:00,4.419,-,-
2022-07-02T10:45:00,4.386,-,-
2022-07-02T10:30:00,4.344,-,-
2022-07-02T10:15:00,4.291,-,-
2022-07-02T10:00:00,4.229,-,-
2022-07-02T09:45:00,4.166,-,-
2022-07-02T09:30:00,4.116,-,-
2022-07-02T09:15:00,4.088,-,-
2022-07-02T09:00:00,4.078,-,-
2022-07-02T08:45:00,4.077,-,-
2022-07-02T08:30:00,4.077,-,-
2022-07-02T08:15:00,4.076,-,-
2022-07-02T08:00:00,4.076,-,-
2022-07-02T07:45:00,4.076,-,-
2022-07-02T07:30:00,4.076,-,-
2022-07-02T07:15:00,4.075,-,-
2022-07-02T07:00:00,4.075,-,-
2022-07-02T06:45:00,4.074,-,-
2022-07-02T06:30:00,4.073,-,-
2022-07-02T06:15:00,4.072,-,-
2022-07-02T06:00:00,4.070,-,-
2022-07-02T05:45:00,4.070,-,-
2022-07-02T05:30:00,4.069,-,-
2022-07-02T05:15:00,4.068,-,-
2022-07-02T05:00:00,4.067,-,-
2022-07-02T04:45:00,4.068,-,-
2022-07-02T04:30:00,4.068,-,-
2022-07-02T04:15:00,4.069,-,-
2022-07-02T04:00:00,4.070,-,-
2022-07-02T03:45:00,4.072,-,-
2022-07-02T03:30:00,4.074,-,-
2022-07-02T03:15:00,4.076,-,-
2022-07-02T03:00:00,4.078,-,-
2022-07-02T02:45:00,4.080,-,-
2022-07-02T02:30:00,4.083,-,-
2022-07-02T02:15:00,4.086,-,-
2022-07-02T02:00:00,4.090,-,-
2022-07-02T01:45:00,4.094,-,-
2022-07-02T01:30:00,4.098,-,-
2022-07-02T01:15:00,4.104,-,-
2022-07-02T01:00:00,4.109,-,-
2022-07-02T00:45:00,4.118,-,-
2022-07-02T00:30:00,4.127,-,-
2022-07-02T00:15:00,4.137,-,-
2022-07-02T00:00:00,4.150,-,-
2022-07-15T23:45:00,4.651,-,-
2022-07-15T23:30:00,4.657,-,-
2022-07-15T23:15:00,4.663,-,-
2022-07-15T23:00:00,4.668,-,-
2022-07-15T22:45:00,4.675,-,-
2022-07-15T22:30:00,4.683,-,-
2022-07-15T22:15:00,4.692,-,-
2022-07-15T22:00:00,4.703,-,-
2022-07-15T21:45:00,4.717,-,-
2022-07-15T21:30:00,4.731,-,-
2022-07-15T21:15:00,4.749,-,-
2022-07-15T21:00:00,4.768,-,-
2022-07-15T20:45:00,4.789,-,-
2022-07-15T20:30:00,4.812,-,-
2022-07-15T20:15:00,4.833,-,-
2022-07-15T20:00:00,4.852,-,-
2022-07-15T19:45:00,4.869,-,-
2022-07-15T19:30:00,4.880,-,-
2022-07-15T19:15:00,4.883,-,-
2022-07-15T19:00:00,4.887,-,-
2022-07-15T18:45:00,4.885,-,-
2022-07-15T18:30:00,4.882,-,-
2022-07-15T18:15:00,4.881,-,-
2022-07-15T18:00:00,4.878,-,-
2022-07-15T17:45:00,4.876,-,-
2022-07-15T17:30:00,4.874,-,-
2022-07-15T17:15:00,4.872,-,-
2022-07-15T17:00:00,4.870,-,-
2022-07-15T16:45:00,4.868,-,-
2022-07-15T16:30:00,4.865,-,-
2022-07-15T16:15:00,4.861,-,-
2022-07-15T16:00:00,4.859,-,-
2022-07-15T15:45:00,4.855,-,-
2022-07-15T15:30:00,4.853,-,-
2022-07-15T15:15:00,4.847,-,-
2022-07-15T15:00:00,4.848,-,-
2022-07-15T14:45:00,4.846,-,-
2022-07-15T14:30:00,4.842,-,-
2022-07-15T14:15:00,4.840,-,-
2022-07-15T14:00:00,4.835,-,-
2022-07-15T13:45:00,4.833,-,-
2022-07-15T13:30:00,4.829,-,-
2022-07-15T13:15:00,4.825,-,-
2022-07-15T13:00:00,4.820,-,-
2022-07-15T12:45:00,4.812,-,-
2022-07-15T12:30:00,4.804,-,-
2022-07-15T12:15:00,4.795,-,-
2022-07-15T12:00:00,4.785,-,-
2022-07-15T11:45:00,4.770,-,-
2022-07-15T11:30:00,4.752,-,-
2022-07-15T11:15:00,4.731,-,-
2022-07-15T11:00:00,4.707,-,-
2022-07-15T10:45:00,4.677,-,-
2022-07-15T10:30:00,4.648,-,-
2022-07-15T10:15:00,4.619,-,-
2022-07-15T10:00:00,4.597,-,-
2022-07-15T09:45:00,4.581,-,-
2022-07-15T09:30:00,4.575,-,-
2022-07-15T09:15:00,4.575,-,-
2022-07-15T09:00:00,4.577,-,-
2022-07-15T08:45:00,4.579,-,-
2022-07-15T08:30:00,4.581,-,-
2022-07-15T08:15:00,4.583,-,-
2022-07-15T08:00:00,4.584,-,-
2022-07-15T07:45:00,4.586,-,-
2022-07-15T07:30:00,4.588,-,-
2022-07-15T07:15:00,4.589,-,-
2022-07-15T07:00:00,4.592,-,-
2022-07-15T06:45:00,4.593,-,-
2022-07-15T06:30:00,4.595,-,-
2022-07-15T06:15:00,4.596,-,-
2022-07-15T06:00:00,4.598,-,-
2022-07-15T05:45:00,4.599,-,-
2022-07-15T05:30:00,4.601,-,-
2022-07-15T05:15:00,4.603,-,-
2022-07-15T05:00:00,4.605,-,-
2022-07-15T04:45:00,4.606,-,-
2022-07-15T04:30:00,4.607,-,-
2022-07-15T04:15:00,4.611,-,-
2022-07-15T04:00:00,4.611,-,-
2022-07-15T03:45:00,4.614,-,-
2022-07-15T03:30:00,4.615,-,-
2022-07-15T03:15:00,4.617,-,-
2022-07-15T03:00:00,4.619,-,-
2022-07-15T02:45:00,4.621,-,-
2022-07-15T02:30:00,4.622,-,-
2022-07-15T02:15:00,4.624,-,-
2022-07-15T02:00:00,4.626,-,-
2022-07-15T01:45:00,4.629,-,-
2022-07-15T01:30:00,4.631,-,-
2022-07-15T01:15:00,4.633,-,-
2022-07-15T01:00:00,4.634,-,-
2022-07-15T00:45:00,4.637,-,-
2022-07-15T00:30:00,4.640,-,-
2022-07-15T00:15:00,4.641,-,-
2022-07-15T00:00:00,4.645,-,-
2022-07-14T23:45:00,4.647,-,-
2022-07-14T23:30:00,4.651,-,-
2022-07-14T23:15:00,4.655,-,-
2022-07-14T23:00:00,4.658,-,-
2022-07-14T22:45:00,4.663,-,-
2022-07-14T22:30:00,4.669,-,-
2022-07-14T22:15:00,4.676,-,-
2022-07-14T22:00:00,4.685,-,-
2022-07-14T21:45:00,4.696,-,-
2022-07-14T21:30:00,4.712,-,-
2022-07-14T21:15:00,4.729,-,-
2022-07-14T21:00:00,4.749,-,-
2022-07-14T20:45:00,4.770,-,-
2022-07-14T20:30:00,4.792,-,-
2022-07-14T20:15:00,4.816,-,-
2022-07-14T20:00:00,4.837,-,-
2022-07-14T19:45:00,4.851,-,-
2022-07-14T19:30:00,4.861,-,-
2022-07-14T19:15:00,4.868,-,-
2022-07-14T19:00:00,4.871,-,-
2022-07-14T18:45:00,4.872,-,-
2022-07-14T18:30:00,4.867,-,-
2022-07-14T18:15:00,4.868,-,-
2022-07-14T18:00:00,4.866,-,-
2022-07-14T17:45:00,4.865,-,-
2022-07-14T17:30:00,4.863,-,-
2022-07-14T17:15:00,4.863,-,-
2022-07-14T17:00:00,4.864,-,-
2022-07-14T16:45:00,4.862,-,-
2022-07-14T16:30:00,4.863,-,-
2022-07-14T16:15:00,4.862,-,-
2022-07-14T16:00:00,4.860,-,-
2022-07-14T15:45:00,4.859,-,-
2022-07-14T15:30:00,4.859,-,-
2022-07-14T15:15:00,4.857,-,-
2022-07-14T15:00:00,4.855,-,-
2022-07-14T14:45:00,4.853,-,-
2022-07-14T14:30:00,4.853,-,-
2022-07-14T14:15:00,4.851,-,-
2022-07-14T14:00:00,4.851,-,-
2022-07-14T13:45:00,4.848,-,-
2022-07-14T13:30:00,4.846,-,-
2022-07-14T13:15:00,4.843,-,-
2022-07-14T13:00:00,4.841,-,-
2022-07-14T12:45:00,4.835,-,-
2022-07-14T12:30:00,4.832,-,-
2022-07-14T12:15:00,4.826,-,-
2022-07-14T12:00:00,4.814,-,-
2022-07-14T11:45:00,4.804,-,-
2022-07-14T11:30:00,4.789,-,-
2022-07-14T11:15:00,4.770,-,-
2022-07-14T11:00:00,4.746,-,-
2022-07-14T10:45:00,4.719,-,-
2022-07-14T10:30:00,4.691,-,-
2022-07-14T10:15:00,4.662,-,-
2022-07-14T10:00:00,4.632,-,-
2022-07-14T09:45:00,4.612,-,-
2022-07-14T09:30:00,4.602,-,-
2022-07-14T09:15:00,4.600,-,-
2022-07-14T09:00:00,4.603,-,-
2022-07-14T08:45:00,4.606,-,-
2022-07-14T08:30:00,4.611,-,-
2022-07-14T08:15:00,4.614,-,-
2022-07-14T08:00:00,4.618,-,-
2022-07-14T07:45:00,4.623,-,-
2022-07-14T07:30:00,4.625,-,-
2022-07-14T07:15:00,4.631,-,-
2022-07-14T07:00:00,4.635,-,-
2022-07-14T06:45:00,4.638,-,-
2022-07-14T06:30:00,4.644,-,-
2022-07-14T06:15:00,4.645,-,-
2022-07-14T06:00:00,4.650,-,-
2022-07-14T05:45:00,4.656,-,-
2022-07-14T05:30:00,4.660,-,-
2022-07-14T05:15:00,4.665,-,-
2022-07-14T05:00:00,4.668,-,-
2022-07-14T04:45:00,4.675,-,-
2022-07-14T04:30:00,4.677,-,-
2022-07-14T04:15:00,4.683,-,-
2022-07-14T04:00:00,4.685,-,-
2022-07-14T03:45:00,4.690,-,-
2022-07-14T03:30:00,4.695,-,-
2022-07-14T03:15:00,4.699,-,-
2022-07-14T03:00:00,4.702,-,-
2022-07-14T02:45:00,4.707,-,-
2022-07-14T02:30:00,4.709,-,-
2022-07-14T02:15:00,4.713,-,-
2022-07-14T02:00:00,4.717,-,-
2022-07-14T01:45:00,4.719,-,-
2022-07-14T01:30:00,4.723,-,-
2022-07-14T01:15:00,4.726,-,-
2022-07-14T01:00:00,4.731,-,-
2022-07-14T00:45:00,4.732,-,-
2022-07-14T00:30:00,4.737,-,-
2022-07-14T00:15:00,4.741,-,-
2022-07-14T00:00:00,4.746,-,-
2022-07-13T23:45:00,4.750,-,-
2022-07-13T23:30:00,4.756,-,-
2022-07-13T23:15:00,4.763,-,-
2022-07-13T23:00:00,4.770,-,-
2022-07-13T22:45:00,4.777,-,-
2022-07-13T22:30:00,4.786,-,-
2022-07-13T22:15:00,4.795,-,-
2022-07-13T22:00:00,4.808,-,-
2022-07-13T21:45:00,4.823,-,-
2022-07-13T21:30:00,4.841,-,-
2022-07-13T21:15:00,4.860,-,-
2022-07-13T21:00:00,4.881,-,-
2022-07-13T20:45:00,4.903,-,-
2022-07-13T20:30:00,4.926,-,-
2022-07-13T20:15:00,4.948,-,-
2022-07-13T20:00:00,4.968,-,-
2022-07-13T19:45:00,4.981,-,-
2022-07-13T19:30:00,4.991,-,-
2022-07-13T19:15:00,4.993,-,-
2022-07-13T19:00:00,4.992,-,-
2022-07-13T18:45:00,4.987,-,-
2022-07-13T18:30:00,4.983,-,-
2022-07-13T18:15:00,4.981,-,-
2022-07-13T18:00:00,4.976,-,-
2022-07-13T17:45:00,4.974,-,-
2022-07-13T17:30:00,4.968,-,-
2022-07-13T17:15:00,4.966,-,-
2022-07-13T17:00:00,4.964,-,-
2022-07-13T16:45:00,4.960,-,-
2022-07-13T16:30:00,4.958,-,-
2022-07-13T16:15:00,4.955,-,-
2022-07-13T16:00:00,4.951,-,-
2022-07-13T15:45:00,4.950,-,-
2022-07-13T15:30:00,4.948,-,-
2022-07-13T15:15:00,4.946,-,-
2022-07-13T15:00:00,4.945,-,-
2022-07-13T14:45:00,4.939,-,-
2022-07-13T14:30:00,4.933,-,-
2022-07-13T14:15:00,4.926,-,-
2022-07-13T14:00:00,4.916,-,-
2022-07-13T13:45:00,4.903,-,-
2022-07-13T13:30:00,4.886,-,-
2022-07-13T13:15:00,4.871,-,-
2022-07-13T13:00:00,4.848,-,-
2022-07-13T12:45:00,4.822,-,-
2022-07-13T12:30:00,4.793,-,-
2022-07-13T12:15:00,4.763,-,-
2022-07-13T12:00:00,4.735,-,-
2022-07-13T11:45:00,4.714,-,-
2022-07-13T11:30:00,4.700,-,-
2022-07-13T11:15:00,4.691,-,-
2022-07-13T11:00:00,4.689,-,-
2022-07-13T10:45:00,4.688,-,-
2022-07-13T10:30:00,4.685,-,-
2022-07-13T10:15:00,4.684,-,-
2022-07-13T10:00:00,4.684,-,-
2022-07-13T09:45:00,4.683,-,-
2022-07-13T09:30:00,4.682,-,-
2022-07-13T09:15:00,4.682,-,-
2022-07-13T09:00:00,4.678,-,-
2022-07-13T08:45:00,4.675,-,-
2022-07-13T08:30:00,4.675,-,-
2022-07-13T08:15:00,4.674,-,-
2022-07-13T08:00:00,4.673,-,-
2022-07-13T07:45:00,4.672,-,-
2022-07-13T07:30:00,4.673,-,-
2022-07-13T07:15:00,4.672,-,-
2022-07-13T07:00:00,4.671,-,-
2022-07-13T06:45:00,4.671,-,-
2022-07-13T06:30:00,4.671,-,-
2022-07-13T06:15:00,4.671,-,-
2022-07-13T06:00:00,4.669,-,-
2022-07-13T05:45:00,4.669,-,-
2022-07-13T05:30:00,4.669,-,-
2022-07-13T05:15:00,4.668,-,-
2022-07-13T05:00:00,4.667,-,-
2022-07-13T04:45:00,4.667,-,-
2022-07-13T04:30:00,4.666,-,-
2022-07-13T04:15:00,4.666,-,-
2022-07-13T04:00:00,4.665,-,-
2022-07-13T03:45:00,4.664,-,-
2022-07-13T03:30:00,4.664,-,-
2022-07-13T03:15:00,4.663,-,-
2022-07-13T03:00:00,4.663,-,-
2022-07-13T02:45:00,4.661,-,-
2022-07-13T02:30:00,4.662,-,-
2022-07-13T02:15:00,4.661,-,-
2022-07-13T02:00:00,4.661,-,-
2022-07-13T01:45:00,4.661,-,-
2022-07-13T01:30:00,4.659,-,-
2022-07-13T01:15:00,4.658,-,-
2022-07-13T01:00:00,4.658,-,-
2022-07-13T00:45:00,4.656,-,-
2022-07-13T00:30:00,4.656,-,-
2022-07-13T00:15:00,4.654,-,-
2022-07-13T00:00:00,4.654,-,-
2022-07-12T23:45:00,4.653,-,-
2022-07-12T23:30:00,4.653,-,-
2022-07-12T23:15:00,4.652,-,-
2022-07-12T23:00:00,4.650,-,-
2022-07-12T22:45:00,4.650,-,-
2022-07-12T22:30:00,4.650,-,-
2022-07-12T22:15:00,4.648,-,-
2022-07-12T22:00:00,4.647,-,-
2022-07-12T21:45:00,4.645,-,-
2022-07-12T21:30:00,4.643,-,-
2022-07-12T21:15:00,4.642,-,-
2022-07-12T21:00:00,4.640,-,-
2022-07-12T20:45:00,4.640,-,-
2022-07-12T20:30:00,4.639,-,-
2022-07-12T20:15:00,4.636,-,-
2022-07-12T20:00:00,4.635,-,-
2022-07-12T19:45:00,4.634,-,-
2022-07-12T19:30:00,4.633,-,-
2022-07-12T19:15:00,4.630,-,-
2022-07-12T19:00:00,4.630,-,-
2022-07-12T18:45:00,4.627,-,-
2022-07-12T18:30:00,4.624,-,-
2022-07-12T18:15:00,4.623,-,-
2022-07-12T18:00:00,4.621,-,-
2022-07-12T17:45:00,4.622,-,-
2022-07-12T17:30:00,4.620,-,-
2022-07-12T17:15:00,4.620,-,-
2022-07-12T17:00:00,4.619,-,-
2022-07-12T16:45:00,4.620,-,-
2022-07-12T16:30:00,4.618,-,-
2022-07-12T16:15:00,4.617,-,-
2022-07-12T16:00:00,4.616,-,-
2022-07-12T15:45:00,4.616,-,-
2022-07-12T15:30:00,4.616,-,-
2022-07-12T15:15:00,4.615,-,-
2022-07-12T15:00:00,4.614,-,-
2022-07-12T14:45:00,4.615,-,-
2022-07-12T14:30:00,4.614,-,-
2022-07-12T14:15:00,4.614,-,-
2022-07-12T14:00:00,4.613,-,-
2022-07-12T13:45:00,4.613,-,-
2022-07-12T13:30:00,4.613,-,-
2022-07-12T13:15:00,4.612,-,-
2022-07-12T13:00:00,4.611,-,-
2022-07-12T12:45:00,4.610,-,-
2022-07-12T12:30:00,4.610,-,-
2022-07-12T12:15:00,4.608,-,-
2022-07-12T12:00:00,4.606,-,-
2022-07-12T11:45:00,4.605,-,-
2022-07-12T11:30:00,4.606,-,-
2022-07-12T11:15:00,4.606,-,-
2022-07-12T11:00:00,4.605,-,-
2022-07-12T10:45:00,4.606,-,-
2022-07-12T10:30:00,4.605,-,-
2022-07-12T10:15:00,4.606,-,-
2022-07-12T10:00:00,4.606,-,-
2022-07-12T09:45:00,4.607,-,-
2022-07-12T09:30:00,4.606,-,-
2022-07-12T09:15:00,4.607,-,-
2022-07-12T09:00:00,4.608,-,-
2022-07-12T08:45:00,4.608,-,-
2022-07-12T08:30:00,4.610,-,-
2022-07-12T08:15:00,4.609,-,-
2022-07-12T08:00:00,4.609,-,-
2022-07-12T07:45:00,4.608,-,-
2022-07-12T07:30:00,4.611,-,-
2022-07-12T07:15:00,4.611,-,-
2022-07-12T07:00:00,4.610,-,-
2022-07-12T06:45:00,4.611,-,-
2022-07-12T06:30:00,4.611,-,-
2022-07-12T06:15:00,4.611,-,-
2022-07-12T06:00:00,4.611,-,-
2022-07-12T05:45:00,4.609,-,-
2022-07-12T05:30:00,4.610,-,-
2022-07-12T05:15:00,4.611,-,-
2022-07-12T05:00:00,4.610,-,-
2022-07-12T04:45:00,4.613,-,-
2022-07-12T04:30:00,4.613,-,-
2022-07-12T04:15:00,4.618,-,-
2022-07-12T04:00:00,4.618,-,-
2022-07-12T03:45:00,4.621,-,-
2022-07-12T03:30:00,4.622,-,-
2022-07-12T03:15:00,4.623,-,-
2022-07-12T03:00:00,4.625,-,-
2022-07-12T02:45:00,4.626,-,-
2022-07-12T02:30:00,4.627,-,-
2022-07-12T02:15:00,4.626,-,-
2022-07-12T02:00:00,4.626,-,-
2022-07-12T01:45:00,4.624,-,-
2022-07-12T01:30:00,4.619,-,-
2022-07-12T01:15:00,4.612,-,-
2022-07-12T01:00:00,4.605,-,-
2022-07-12T00:45:00,4.593,-,-
2022-07-12T00:30:00,4.578,-,-
2022-07-12T00:15:00,4.561,-,-
2022-07-12T00:00:00,4.547,-,-
2022-07-11T23:45:00,4.527,-,-
2022-07-11T23:30:00,4.507,-,-
2022-07-11T23:15:00,4.485,-,-
2022-07-11T23:00:00,4.468,-,-
2022-07-11T22:45:00,4.453,-,-
2022-07-11T22:30:00,4.441,-,-
2022-07-11T22:15:00,4.432,-,-
2022-07-11T22:00:00,4.426,-,-
2022-07-11T21:45:00,4.419,-,-
2022-07-11T21:30:00,4.413,-,-
2022-07-11T21:15:00,4.407,-,-
2022-07-11T21:00:00,4.401,-,-
2022-07-11T20:45:00,4.396,-,-
2022-07-11T20:30:00,4.388,-,-
2022-07-11T20:15:00,4.385,-,-
2022-07-11T20:00:00,4.384,-,-
2022-07-11T19:45:00,4.383,-,-
2022-07-11T19:30:00,4.384,-,-
2022-07-11T19:15:00,4.385,-,-
2022-07-11T19:00:00,4.386,-,-
2022-07-11T18:45:00,4.389,-,-
2022-07-11T18:30:00,4.391,-,-
2022-07-11T18:15:00,4.393,-,-
2022-07-11T18:00:00,4.396,-,-
2022-07-11T17:45:00,4.399,-,-
2022-07-11T17:30:00,4.404,-,-
2022-07-11T17:15:00,4.407,-,-
2022-07-11T17:00:00,4.412,-,-
2022-07-11T16:45:00,4.419,-,-
2022-07-11T16:30:00,4.427,-,-
2022-07-11T16:15:00,4.435,-,-
2022-07-11T16:00:00,4.445,-,-
2022-07-11T15:45:00,4.455,-,-
2022-07-11T15:30:00,4.463,-,-
2022-07-11T15:15:00,4.472,-,-
2022-07-11T15:00:00,4.478,-,-
2022-07-11T14:45:00,4.486,-,-
2022-07-11T14:30:00,4.493,-,-
2022-07-11T14:15:00,4.497,-,-
2022-07-11T14:00:00,4.500,-,-
2022-07-11T13:45:00,4.500,-,-
2022-07-11T13:30:00,4.498,-,-
2022-07-11T13:15:00,4.494,-,-
2022-07-11T13:00:00,4.488,-,-
2022-07-11T12:45:00,4.482,-,-
2022-07-11T12:30:00,4.477,-,-
2022-07-11T12:15:00,4.475,-,-
2022-07-11T12:00:00,4.477,-,-
2022-07-11T11:45:00,4.481,-,-
2022-07-11T11:30:00,4.485,-,-
2022-07-11T11:15:00,4.489,-,-
2022-07-11T11:00:00,4.494,-,-
2022-07-11T10:45:00,4.498,-,-
2022-07-11T10:30:00,4.503,-,-
2022-07-11T10:15:00,4.507,-,-
2022-07-11T10:00:00,4.513,-,-
2022-07-11T09:45:00,4.517,-,-
2022-07-11T09:30:00,4.521,-,-
2022-07-11T09:15:00,4.527,-,-
2022-07-11T09:00:00,4.531,-,-
2022-07-11T08:45:00,4.535,-,-
2022-07-11T08:30:00,4.540,-,-
2022-07-11T08:15:00,4.543,-,-
2022-07-11T08:00:00,4.549,-,-
2022-07-11T07:45:00,4.553,-,-
2022-07-11T07:30:00,4.557,-,-
2022-07-11T07:15:00,4.562,-,-
2022-07-11T07:00:00,4.566,-,-
2022-07-11T06:45:00,4.571,-,-
2022-07-11T06:30:00,4.577,-,-
2022-07-11T06:15:00,4.584,-,-
2022-07-11T06:00:00,4.591,-,-
2022-07-11T05:45:00,4.597,-,-
2022-07-11T05:30:00,4.606,-,-
2022-07-11T05:15:00,4.612,-,-
2022-07-11T05:00:00,4.621,-,-
2022-07-11T04:45:00,4.627,-,-
2022-07-11T04:30:00,4.637,-,-
2022-07-11T04:15:00,4.644,-,-
2022-07-11T04:00:00,4.653,-,-
2022-07-11T03:45:00,4.660,-,-
2022-07-11T03:30:00,4.669,-,-
2022-07-11T03:15:00,4.676,-,-
2022-07-11T03:00:00,4.684,-,-
2022-07-11T02:45:00,4.693,-,-
2022-07-11T02:30:00,4.702,-,-
2022-07-11T02:15:00,4.711,-,-
2022-07-11T02:00:00,4.719,-,-
2022-07-11T01:45:00,4.728,-,-
2022-07-11T01:30:00,4.737,-,-
2022-07-11T01:15:00,4.746,-,-
2022-07-11T01:00:00,4.755,-,-
2022-07-11T00:45:00,4.765,-,-
2022-07-11T00:30:00,4.773,-,-
2022-07-11T00:15:00,4.784,-,-
2022-07-11T00:00:00,4.793,-,-
2022-07-10T23:45:00,4.804,-,-
2022-07-10T23:30:00,4.815,-,-
2022-07-10T23:15:00,4.827,-,-
2022-07-10T23:00:00,4.838,-,-
2022-07-10T22:45:00,4.849,-,-
2022-07-10T22:30:00,4.863,-,-
2022-07-10T22:15:00,4.876,-,-
2022-07-10T22:00:00,4.893,-,-
2022-07-10T21:45:00,4.910,-,-
2022-07-10T21:30:00,4.929,-,-
2022-07-10T21:15:00,4.952,-,-
2022-07-10T21:00:00,4.975,-,-
2022-07-10T20:45:00,5.002,-,-
2022-07-10T20:30:00,5.026,-,-
2022-07-10T20:15:00,5.049,-,-
2022-07-10T20:00:00,5.073,-,-
2022-07-10T19:45:00,5.091,-,-
2022-07-10T19:30:00,5.103,-,-
2022-07-10T19:15:00,5.110,-,-
2022-07-10T19:00:00,5.113,-,-
2022-07-10T18:45:00,5.114,-,-
2022-07-10T18:30:00,5.114,-,-
2022-07-10T18:15:00,5.113,-,-
2022-07-10T18:00:00,5.110,-,-
2022-07-10T17:45:00,5.109,-,-
2022-07-10T17:30:00,5.107,-,-
2022-07-10T17:15:00,5.104,-,-
2022-07-10T17:00:00,5.103,-,-
2022-07-10T16:45:00,5.101,-,-
2022-07-10T16:30:00,5.097,-,-
2022-07-10T16:15:00,5.093,-,-
2022-07-10T16:00:00,5.092,-,-
2022-07-10T15:45:00,5.089,-,-
2022-07-10T15:30:00,5.087,-,-
2022-07-10T15:15:00,5.083,-,-
2022-07-10T15:00:00,5.080,-,-
2022-07-10T14:45:00,5.076,-,-
2022-07-10T14:30:00,5.071,-,-
2022-07-10T14:15:00,5.064,-,-
2022-07-10T14:00:00,5.058,-,-
2022-07-10T13:45:00,5.048,-,-
2022-07-10T13:30:00,5.037,-,-
2022-07-10T13:15:00,5.023,-,-
2022-07-10T13:00:00,5.004,-,-
2022-07-10T12:45:00,4.982,-,-
2022-07-10T12:30:00,4.960,-,-
2022-07-10T12:15:00,4.936,-,-
2022-07-10T12:00:00,4.914,-,-
2022-07-10T11:45:00,4.897,-,-
2022-07-10T11:30:00,4.885,-,-
2022-07-10T11:15:00,4.883,-,-
2022-07-10T11:00:00,4.883,-,-
2022-07-10T10:45:00,4.885,-,-
2022-07-10T10:30:00,4.885,-,-
2022-07-10T10:15:00,4.887,-,-
2022-07-10T10:00:00,4.889,-,-
2022-07-10T09:45:00,4.890,-,-
2022-07-10T09:30:00,4.891,-,-
2022-07-10T09:15:00,4.893,-,-
2022-07-10T09:00:00,4.895,-,-
2022-07-10T08:45:00,4.893,-,-
2022-07-10T08:30:00,4.898,-,-
2022-07-10T08:15:00,4.897,-,-
2022-07-10T08:00:00,4.898,-,-
2022-07-10T07:45:00,4.900,-,-
2022-07-10T07:30:00,4.902,-,-
2022-07-10T07:15:00,4.903,-,-
2022-07-10T07:00:00,4.906,-,-
2022-07-10T06:45:00,4.907,-,-
2022-07-10T06:30:00,4.908,-,-
2022-07-10T06:15:00,4.907,-,-
2022-07-10T06:00:00,4.910,-,-
2022-07-10T05:45:00,4.908,-,-
2022-07-10T05:30:00,4.907,-,-
2022-07-10T05:15:00,4.906,-,-
2022-07-10T05:00:00,4.904,-,-
2022-07-10T04:45:00,4.904,-,-
2022-07-10T04:30:00,4.901,-,-
2022-07-10T04:15:00,4.899,-,-
2022-07-10T04:00:00,4.896,-,-
2022-07-10T03:45:00,4.896,-,-
2022-07-10T03:30:00,4.894,-,-
2022-07-10T03:15:00,4.892,-,-
2022-07-10T03:00:00,4.890,-,-
2022-07-10T02:45:00,4.888,-,-
2022-07-10T02:30:00,4.888,-,-
2022-07-10T02:15:00,4.886,-,-
2022-07-10T02:00:00,4.885,-,-
2022-07-10T01:45:00,4.883,-,-
2022-07-10T01:30:00,4.880,-,-
2022-07-10T01:15:00,4.877,-,-
2022-07-10T01:00:00,4.875,-,-
2022-07-10T00:45:00,4.870,-,-
2022-07-10T00:30:00,4.865,-,-
2022-07-10T00:15:00,4.862,-,-
2022-07-10T00:00:00,4.857,-,-
2022-07-09T23:45:00,4.854,-,-
2022-07-09T23:30:00,4.850,-,-
2022-07-09T23:15:00,4.849,-,-
2022-07-09T23:00:00,4.850,-,-
2022-07-09T22:45:00,4.852,-,-
2022-07-09T22:30:00,4.857,-,-
2022-07-09T22:15:00,4.863,-,-
2022-07-09T22:00:00,4.869,-,-
2022-07-09T21:45:00,4.872,-,-
2022-07-09T21:30:00,4.880,-,-
2022-07-09T21:15:00,4.887,-,-
2022-07-09T21:00:00,4.895,-,-
2022-07-09T20:45:00,4.906,-,-
2022-07-09T20:30:00,4.918,-,-
2022-07-09T20:15:00,4.928,-,-
2022-07-09T20:00:00,4.936,-,-
2022-07-09T19:45:00,4.944,-,-
2022-07-09T19:30:00,4.946,-,-
2022-07-09T19:15:00,4.943,-,-
2022-07-09T19:00:00,4.935,-,-
2022-07-09T18:45:00,4.925,-,-
2022-07-09T18:30:00,4.918,-,-
2022-07-09T18:15:00,4.907,-,-
2022-07-09T18:00:00,4.886,-,-
2022-07-09T17:45:00,4.862,-,-
2022-07-09T17:30:00,4.819,-,-
2022-07-09T17:15:00,4.799,-,-
2022-07-09T17:00:00,4.789,-,-
2022-07-09T16:45:00,4.779,-,-
2022-07-09T16:30:00,4.769,-,-
2022-07-09T16:15:00,4.763,-,-
2022-07-09T16:00:00,4.758,-,-
2022-07-09T15:45:00,4.749,-,-
2022-07-09T15:30:00,4.740,-,-
2022-07-09T15:15:00,4.733,-,-
2022-07-09T15:00:00,4.723,-,-
2022-07-09T14:45:00,4.713,-,-
2022-07-09T14:30:00,4.697,-,-
2022-07-09T14:15:00,4.679,-,-
2022-07-09T14:00:00,4.659,-,-
2022-07-09T13:45:00,4.631,-,-
2022-07-09T13:30:00,4.599,-,-
2022-07-09T13:15:00,4.563,-,-
2022-07-09T13:00:00,4.525,-,-
2022-07-09T12:45:00,4.486,-,-
2022-07-09T12:30:00,4.456,-,-
2022-07-09T12:15:00,4.437,-,-
2022-07-09T12:00:00,4.428,-,-
2022-07-09T11:45:00,4.425,-,-
2022-07-09T11:30:00,4.423,-,-
2022-07-09T11:15:00,4.421,-,-
2022-07-09T11:00:00,4.420,-,-
2022-07-09T10:45:00,4.419,-,-
2022-07-09T10:30:00,4.417,-,-
2022-07-09T10:15:00,4.416,-,-
2022-07-09T10:00:00,4.415,-,-
2022-07-09T09:45:00,4.414,-,-
2022-07-09T09:30:00,4.412,-,-
2022-07-09T09:15:00,4.411,-,-
2022-07-09T09:00:00,4.408,-,-
2022-07-09T08:45:00,4.406,-,-
2022-07-09T08:30:00,4.403,-,-
2022-07-09T08:15:00,4.400,-,-
2022-07-09T08:00:00,4.398,-,-
2022-07-09T07:45:00,4.395,-,-
2022-07-09T07:30:00,4.393,-,-
2022-07-09T07:15:00,4.390,-,-
2022-07-09T07:00:00,4.387,-,-
2022-07-09T06:45:00,4.383,-,-
2022-07-09T06:30:00,4.379,-,-
2022-07-09T06:15:00,4.376,-,-
2022-07-09T06:00:00,4.371,-,-
2022-07-09T05:45:00,4.368,-,-
2022-07-09T05:30:00,4.365,-,-
2022-07-09T05:15:00,4.362,-,-
2022-07-09T05:00:00,4.356,-,-
2022-07-09T04:45:00,4.352,-,-
2022-07-09T04:30:00,4.348,-,-
2022-07-09T04:15:00,4.341,-,-
2022-07-09T04:00:00,4.335,-,-
2022-07-09T03:45:00,4.330,-,-
2022-07-09T03:30:00,4.321,-,-
2022-07-09T03:15:00,4.313,-,-
2022-07-09T03:00:00,4.303,-,-
2022-07-09T02:45:00,4.294,-,-
2022-07-09T02:30:00,4.287,-,-
2022-07-09T02:15:00,4.277,-,-
2022-07-09T02:00:00,4.269,-,-
2022-07-09T01:45:00,4.261,-,-
2022-07-09T01:30:00,4.253,-,-
2022-07-09T01:15:00,4.245,-,-
2022-07-09T01:00:00,4.238,-,-
2022-07-09T00:45:00,4.232,-,-
2022-07-09T00:30:00,4.225,-,-
2022-07-09T00:15:00,4.218,-,-
2022-07-09T00:00:00,4.209,-,-
2022-07-22T23:45:00,5.229,-,-
2022-07-22T23:30:00,5.235,-,-
2022-07-22T23:15:00,5.242,-,-
2022-07-22T23:00:00,5.250,-,-
2022-07-22T22:45:00,5.252,-,-
2022-07-22T22:30:00,5.262,-,-
2022-07-22T22:15:00,5.263,-,-
2022-07-22T22:00:00,5.271,-,-
2022-07-22T21:45:00,5.275,-,-
2022-07-22T21:30:00,5.278,-,-
2022-07-22T21:15:00,5.280,-,-
2022-07-22T21:00:00,5.283,-,-
2022-07-22T20:45:00,5.285,-,-
2022-07-22T20:30:00,5.289,-,-
2022-07-22T20:15:00,5.285,-,-
2022-07-22T20:00:00,5.286,-,-
2022-07-22T19:45:00,5.285,-,-
2022-07-22T19:30:00,5.283,-,-
2022-07-22T19:15:00,5.277,-,-
2022-07-22T19:00:00,5.275,-,-
2022-07-22T18:45:00,5.269,-,-
2022-07-22T18:30:00,5.259,-,-
2022-07-22T18:15:00,5.253,-,-
2022-07-22T18:00:00,5.245,-,-
2022-07-22T17:45:00,5.231,-,-
2022-07-22T17:30:00,5.232,-,-
2022-07-22T17:15:00,5.224,-,-
2022-07-22T17:00:00,5.220,-,-
2022-07-22T16:45:00,5.220,-,-
2022-07-22T16:30:00,5.214,-,-
2022-07-22T16:15:00,5.209,-,-
2022-07-22T16:00:00,5.201,-,-
2022-07-22T15:45:00,5.193,-,-
2022-07-22T15:30:00,5.191,-,-
2022-07-22T15:15:00,5.189,-,-
2022-07-22T15:00:00,5.189,-,-
2022-07-22T14:45:00,5.182,-,-
2022-07-22T14:30:00,5.185,-,-
2022-07-22T14:15:00,5.184,-,-
2022-07-22T14:00:00,5.190,-,-
2022-07-22T13:45:00,5.199,-,-
2022-07-22T13:30:00,5.207,-,-
2022-07-22T13:15:00,5.212,-,-
2022-07-22T13:00:00,5.217,-,-
2022-07-22T12:45:00,5.228,-,-
2022-07-22T12:30:00,5.242,-,-
2022-07-22T12:15:00,5.252,-,-
2022-07-22T12:00:00,5.265,-,-
2022-07-22T11:45:00,5.278,-,-
2022-07-22T11:30:00,5.291,-,-
2022-07-22T11:15:00,5.306,-,-
2022-07-22T11:00:00,5.323,-,-
2022-07-22T10:45:00,5.338,-,-
2022-07-22T10:30:00,5.351,-,-
2022-07-22T10:15:00,5.370,-,-
2022-07-22T10:00:00,5.384,-,-
2022-07-22T09:45:00,5.398,-,-
2022-07-22T09:30:00,5.420,-,-
2022-07-22T09:15:00,5.432,-,-
2022-07-22T09:00:00,5.450,-,-
2022-07-22T08:45:00,5.456,-,-
2022-07-22T08:30:00,5.462,-,-
2022-07-22T08:15:00,5.462,-,-
2022-07-22T08:00:00,5.457,-,-
2022-07-22T07:45:00,5.441,-,-
2022-07-22T07:30:00,5.415,-,-
2022-07-22T07:15:00,5.389,-,-
2022-07-22T07:00:00,5.344,-,-
2022-07-22T06:45:00,5.294,-,-
2022-07-22T06:30:00,5.247,-,-
2022-07-22T06:15:00,5.209,-,-
2022-07-22T06:00:00,5.180,-,-
2022-07-22T05:45:00,5.169,-,-
2022-07-22T05:30:00,5.168,-,-
2022-07-22T05:15:00,5.164,-,-
2022-07-22T05:00:00,5.172,-,-
2022-07-22T04:45:00,5.170,-,-
2022-07-22T04:30:00,5.175,-,-
2022-07-22T04:15:00,5.179,-,-
2022-07-22T04:00:00,5.188,-,-
2022-07-22T03:45:00,5.189,-,-
2022-07-22T03:30:00,5.199,-,-
2022-07-22T03:15:00,5.209,-,-
2022-07-22T03:00:00,5.216,-,-
2022-07-22T02:45:00,5.220,-,-
2022-07-22T02:30:00,5.235,-,-
2022-07-22T02:15:00,5.241,-,-
2022-07-22T02:00:00,5.251,-,-
2022-07-22T01:45:00,5.259,-,-
2022-07-22T01:30:00,5.265,-,-
2022-07-22T01:15:00,5.277,-,-
2022-07-22T01:00:00,5.287,-,-
2022-07-22T00:45:00,5.292,-,-
2022-07-22T00:30:00,5.299,-,-
2022-07-22T00:15:00,5.305,-,-
2022-07-22T00:00:00,5.314,-,-
2022-07-21T23:45:00,5.321,-,-
2022-07-21T23:30:00,5.325,-,-
2022-07-21T23:15:00,5.327,-,-
2022-07-21T23:00:00,5.333,-,-
2022-07-21T22:45:00,5.334,-,-
2022-07-21T22:30:00,5.337,-,-
2022-07-21T22:15:00,5.336,-,-
2022-07-21T22:00:00,5.333,-,-
2022-07-21T21:45:00,5.331,-,-
2022-07-21T21:30:00,5.325,-,-
2022-07-21T21:15:00,5.321,-,-
2022-07-21T21:00:00,5.312,-,-
2022-07-21T20:45:00,5.297,-,-
2022-07-21T20:30:00,5.285,-,-
2022-07-21T20:15:00,5.266,-,-
2022-07-21T20:00:00,5.252,-,-
2022-07-21T19:45:00,5.234,-,-
2022-07-21T19:30:00,5.218,-,-
2022-07-21T19:15:00,5.202,-,-
2022-07-21T19:00:00,5.191,-,-
2022-07-21T18:45:00,5.174,-,-
2022-07-21T18:30:00,5.155,-,-
2022-07-21T18:15:00,5.134,-,-
2022-07-21T18:00:00,5.111,-,-
2022-07-21T17:45:00,5.086,-,-
2022-07-21T17:30:00,5.067,-,-
2022-07-21T17:15:00,5.045,-,-
2022-07-21T17:00:00,5.033,-,-
2022-07-21T16:45:00,5.016,-,-
2022-07-21T16:30:00,4.999,-,-
2022-07-21T16:15:00,4.989,-,-
2022-07-21T16:00:00,4.984,-,-
2022-07-21T15:45:00,4.983,-,-
2022-07-21T15:30:00,4.984,-,-
2022-07-21T15:15:00,4.986,-,-
2022-07-21T15:00:00,4.990,-,-
2022-07-21T14:45:00,4.993,-,-
2022-07-21T14:30:00,5.001,-,-
2022-07-21T14:15:00,5.006,-,-
2022-07-21T14:00:00,5.014,-,-
2022-07-21T13:45:00,5.025,-,-
2022-07-21T13:30:00,5.031,-,-
2022-07-21T13:15:00,5.038,-,-
2022-07-21T13:00:00,5.048,-,-
2022-07-21T12:45:00,5.052,-,-
2022-07-21T12:30:00,5.061,-,-
2022-07-21T12:15:00,5.066,-,-
2022-07-21T12:00:00,5.077,-,-
2022-07-21T11:45:00,5.083,-,-
2022-07-21T11:30:00,5.095,-,-
2022-07-21T11:15:00,5.101,-,-
2022-07-21T11:00:00,5.108,-,-
2022-07-21T10:45:00,5.121,-,-
2022-07-21T10:30:00,5.129,-,-
2022-07-21T10:15:00,5.139,-,-
2022-07-21T10:00:00,5.152,-,-
2022-07-21T09:45:00,5.161,-,-
2022-07-21T09:30:00,5.170,-,-
2022-07-21T09:15:00,5.182,-,-
2022-07-21T09:00:00,5.191,-,-
2022-07-21T08:45:00,5.203,-,-
2022-07-21T08:30:00,5.217,-,-
2022-07-21T08:15:00,5.232,-,-
2022-07-21T08:00:00,5.238,-,-
2022-07-21T07:45:00,5.248,-,-
2022-07-21T07:30:00,5.261,-,-
2022-07-21T07:15:00,5.276,-,-
2022-07-21T07:00:00,5.287,-,-
2022-07-21T06:45:00,5.303,-,-
2022-07-21T06:30:00,5.311,-,-
2022-07-21T06:15:00,5.327,-,-
2022-07-21T06:00:00,5.338,-,-
2022-07-21T05:45:00,5.349,-,-
2022-07-21T05:30:00,5.365,-,-
2022-07-21T05:15:00,5.375,-,-
2022-07-21T05:00:00,5.391,-,-
2022-07-21T04:45:00,5.406,-,-
2022-07-21T04:30:00,5.417,-,-
2022-07-21T04:15:00,5.430,-,-
2022-07-21T04:00:00,5.439,-,-
2022-07-21T03:45:00,5.456,-,-
2022-07-21T03:30:00,5.457,-,-
2022-07-21T03:15:00,5.465,-,-
2022-07-21T03:00:00,5.464,-,-
2022-07-21T02:45:00,5.464,-,-
2022-07-21T02:30:00,5.459,-,-
2022-07-21T02:15:00,5.457,-,-
2022-07-21T02:00:00,5.446,-,-
2022-07-21T01:45:00,5.425,-,-
2022-07-21T01:30:00,5.408,-,-
2022-07-21T01:15:00,5.383,-,-
2022-07-21T01:00:00,5.350,-,-
2022-07-21T00:45:00,5.314,-,-
2022-07-21T00:30:00,5.267,-,-
2022-07-21T00:15:00,5.217,-,-
2022-07-21T00:00:00,5.164,-,-
2022-07-20T23:45:00,5.110,-,-
2022-07-20T23:30:00,5.049,-,-
2022-07-20T23:15:00,4.996,-,-
2022-07-20T23:00:00,4.948,-,-
2022-07-20T22:45:00,4.910,-,-
2022-07-20T22:30:00,4.888,-,-
2022-07-20T22:15:00,4.878,-,-
2022-07-20T22:00:00,4.875,-,-
2022-07-20T21:45:00,4.871,-,-
2022-07-20T21:30:00,4.873,-,-
2022-07-20T21:15:00,4.876,-,-
2022-07-20T21:00:00,4.879,-,-
2022-07-20T20:45:00,4.882,-,-
2022-07-20T20:30:00,4.893,-,-
2022-07-20T20:15:00,4.903,-,-
2022-07-20T20:00:00,4.909,-,-
2022-07-20T19:45:00,4.917,-,-
2022-07-20T19:30:00,4.926,-,-
2022-07-20T19:15:00,4.939,-,-
2022-07-20T19:00:00,4.946,-,-
2022-07-20T18:45:00,4.949,-,-
2022-07-20T18:30:00,4.959,-,-
2022-07-20T18:15:00,4.973,-,-
2022-07-20T18:00:00,4.983,-,-
2022-07-20T17:45:00,4.995,-,-
2022-07-20T17:30:00,5.004,-,-
2022-07-20T17:15:00,5.018,-,-
2022-07-20T17:00:00,5.032,-,-
2022-07-20T16:45:00,5.042,-,-
2022-07-20T16:30:00,5.059,-,-
2022-07-20T16:15:00,5.073,-,-
2022-07-20T16:00:00,5.085,-,-
2022-07-20T15:45:00,5.098,-,-
2022-07-20T15:30:00,5.116,-,-
2022-07-20T15:15:00,5.126,-,-
2022-07-20T15:00:00,5.145,-,-
2022-07-20T14:45:00,5.159,-,-
2022-07-20T14:30:00,5.174,-,-
2022-07-20T14:15:00,5.189,-,-
2022-07-20T14:00:00,5.204,-,-
2022-07-20T13:45:00,5.223,-,-
2022-07-20T13:30:00,5.240,-,-
2022-07-20T13:15:00,5.258,-,-
2022-07-20T13:00:00,5.277,-,-
2022-07-20T12:45:00,5.295,-,-
2022-07-20T12:30:00,5.314,-,-
2022-07-20T12:15:00,5.340,-,-
2022-07-20T12:00:00,5.357,-,-
2022-07-20T11:45:00,5.380,-,-
2022-07-20T11:30:00,5.402,-,-
2022-07-20T11:15:00,5.427,-,-
2022-07-20T11:00:00,5.456,-,-
2022-07-20T10:45:00,5.489,-,-
2022-07-20T10:30:00,5.517,-,-
2022-07-20T10:15:00,5.555,-,-
2022-07-20T10:00:00,5.596,-,-
2022-07-20T09:45:00,5.635,-,-
2022-07-20T09:30:00,5.672,-,-
2022-07-20T09:15:00,5.718,-,-
2022-07-20T09:00:00,5.769,-,-
2022-07-20T08:45:00,5.814,-,-
2022-07-20T08:30:00,5.866,-,-
2022-07-20T08:15:00,5.908,-,-
2022-07-20T08:00:00,5.957,-,-
2022-07-20T07:45:00,6.013,-,-
2022-07-20T07:30:00,6.064,-,-
2022-07-20T07:15:00,6.105,-,-
2022-07-20T07:00:00,6.160,-,-
2022-07-20T06:45:00,6.214,-,-
2022-07-20T06:30:00,6.255,-,-
2022-07-20T06:15:00,6.300,-,-
2022-07-20T06:00:00,6.329,-,-
2022-07-20T05:45:00,6.363,-,-
2022-07-20T05:30:00,6.394,-,-
2022-07-20T05:15:00,6.417,-,-
2022-07-20T05:00:00,6.446,-,-
2022-07-20T04:45:00,6.470,-,-
2022-07-20T04:30:00,6.499,-,-
2022-07-20T04:15:00,6.516,-,-
2022-07-20T04:00:00,6.555,-,-
2022-07-20T03:45:00,6.597,-,-
2022-07-20T03:30:00,6.643,-,-
2022-07-20T03:15:00,6.693,-,-
2022-07-20T03:00:00,6.728,-,-
2022-07-20T02:45:00,6.765,-,-
2022-07-20T02:30:00,6.783,-,-
2022-07-20T02:15:00,6.791,-,-
2022-07-20T02:00:00,6.781,-,-
2022-07-20T01:45:00,6.754,-,-
2022-07-20T01:30:00,6.691,-,-
2022-07-20T01:15:00,6.596,-,-
2022-07-20T01:00:00,6.475,-,-
2022-07-20T00:45:00,6.301,-,-
2022-07-20T00:30:00,6.077,-,-
2022-07-20T00:15:00,5.790,-,-
2022-07-20T00:00:00,5.429,-,-
2022-07-19T23:45:00,5.030,-,-
2022-07-19T23:30:00,4.696,-,-
2022-07-19T23:15:00,4.533,-,-
2022-07-19T23:00:00,4.459,-,-
2022-07-19T22:45:00,4.417,-,-
2022-07-19T22:30:00,4.392,-,-
2022-07-19T22:15:00,4.376,-,-
2022-07-19T22:00:00,4.366,-,-
2022-07-19T21:45:00,4.357,-,-
2022-07-19T21:30:00,4.351,-,-
2022-07-19T21:15:00,4.349,-,-
2022-07-19T21:00:00,4.349,-,-
2022-07-19T20:45:00,4.348,-,-
2022-07-19T20:30:00,4.349,-,-
2022-07-19T20:15:00,4.349,-,-
2022-07-19T20:00:00,4.350,-,-
2022-07-19T19:45:00,4.349,-,-
2022-07-19T19:30:00,4.349,-,-
2022-07-19T19:15:00,4.349,-,-
2022-07-19T19:00:00,4.350,-,-
2022-07-19T18:45:00,4.350,-,-
2022-07-19T18:30:00,4.350,-,-
2022-07-19T18:15:00,4.350,-,-
2022-07-19T18:00:00,4.350,-,-
2022-07-19T17:45:00,4.350,-,-
2022-07-19T17:30:00,4.351,-,-
2022-07-19T17:15:00,4.351,-,-
2022-07-19T17:00:00,4.351,-,-
2022-07-19T16:45:00,4.352,-,-
2022-07-19T16:30:00,4.352,-,-
2022-07-19T16:15:00,4.352,-,-
2022-07-19T16:00:00,4.352,-,-
2022-07-19T15:45:00,4.353,-,-
2022-07-19T15:30:00,4.354,-,-
2022-07-19T15:15:00,4.354,-,-
2022-07-19T15:00:00,4.355,-,-
2022-07-19T14:45:00,4.355,-,-
2022-07-19T14:30:00,4.355,-,-
2022-07-19T14:15:00,4.355,-,-
2022-07-19T14:00:00,4.354,-,-
2022-07-19T13:45:00,4.354,-,-
2022-07-19T13:30:00,4.355,-,-
2022-07-19T13:15:00,4.355,-,-
2022-07-19T13:00:00,4.356,-,-
2022-07-19T12:45:00,4.356,-,-
2022-07-19T12:30:00,4.356,-,-
2022-07-19T12:15:00,4.357,-,-
2022-07-19T12:00:00,4.356,-,-
2022-07-19T11:45:00,4.356,-,-
2022-07-19T11:30:00,4.356,-,-
2022-07-19T11:15:00,4.356,-,-
2022-07-19T11:00:00,4.356,-,-
2022-07-19T10:45:00,4.357,-,-
2022-07-19T10:30:00,4.356,-,-
2022-07-19T10:15:00,4.356,-,-
2022-07-19T10:00:00,4.357,-,-
2022-07-19T09:45:00,4.357,-,-
2022-07-19T09:30:00,4.357,-,-
2022-07-19T09:15:00,4.357,-,-
2022-07-19T09:00:00,4.358,-,-
2022-07-19T08:45:00,4.358,-,-
2022-07-19T08:30:00,4.358,-,-
2022-07-19T08:15:00,4.359,-,-
2022-07-19T08:00:00,4.359,-,-
2022-07-19T07:45:00,4.359,-,-
2022-07-19T07:30:00,4.359,-,-
2022-07-19T07:15:00,4.359,-,-
2022-07-19T07:00:00,4.359,-,-
2022-07-19T06:45:00,4.360,-,-
2022-07-19T06:30:00,4.359,-,-
2022-07-19T06:15:00,4.359,-,-
2022-07-19T06:00:00,4.359,-,-
2022-07-19T05:45:00,4.359,-,-
2022-07-19T05:30:00,4.360,-,-
2022-07-19T05:15:00,4.360,-,-
2022-07-19T05:00:00,4.360,-,-
2022-07-19T04:45:00,4.360,-,-
2022-07-19T04:30:00,4.360,-,-
2022-07-19T04:15:00,4.360,-,-
2022-07-19T04:00:00,4.360,-,-
2022-07-19T03:45:00,4.360,-,-
2022-07-19T03:30:00,4.360,-,-
2022-07-19T03:15:00,4.361,-,-
2022-07-19T03:00:00,4.360,-,-
2022-07-19T02:45:00,4.360,-,-
2022-07-19T02:30:00,4.360,-,-
2022-07-19T02:15:00,4.360,-,-
2022-07-19T02:00:00,4.360,-,-
2022-07-19T01:45:00,4.360,-,-
2022-07-19T01:30:00,4.360,-,-
2022-07-19T01:15:00,4.360,-,-
2022-07-19T01:00:00,4.360,-,-
2022-07-19T00:45:00,4.360,-,-
2022-07-19T00:30:00,4.360,-,-
2022-07-19T00:15:00,4.360,-,-
2022-07-19T00:00:00,4.360,-,-
2022-07-18T23:45:00,4.359,-,-
2022-07-18T23:30:00,4.360,-,-
2022-07-18T23:15:00,4.360,-,-
2022-07-18T23:00:00,4.361,-,-
2022-07-18T22:45:00,4.360,-,-
2022-07-18T22:30:00,4.360,-,-
2022-07-18T22:15:00,4.360,-,-
2022-07-18T22:00:00,4.359,-,-
2022-07-18T21:45:00,4.359,-,-
2022-07-18T21:30:00,4.359,-,-
2022-07-18T21:15:00,4.360,-,-
2022-07-18T21:00:00,4.360,-,-
2022-07-18T20:45:00,4.361,-,-
2022-07-18T20:30:00,4.360,-,-
2022-07-18T20:15:00,4.359,-,-
2022-07-18T20:00:00,4.359,-,-
2022-07-18T19:45:00,4.359,-,-
2022-07-18T19:30:00,4.359,-,-
2022-07-18T19:15:00,4.358,-,-
2022-07-18T19:00:00,4.359,-,-
2022-07-18T18:45:00,4.359,-,-
2022-07-18T18:30:00,4.359,-,-
2022-07-18T18:15:00,4.359,-,-
2022-07-18T18:00:00,4.359,-,-
2022-07-18T17:45:00,4.359,-,-
2022-07-18T17:30:00,4.358,-,-
2022-07-18T17:15:00,4.359,-,-
2022-07-18T17:00:00,4.359,-,-
2022-07-18T16:45:00,4.359,-,-
2022-07-18T16:30:00,4.359,-,-
2022-07-18T16:15:00,4.358,-,-
2022-07-18T16:00:00,4.359,-,-
2022-07-18T15:45:00,4.358,-,-
2022-07-18T15:30:00,4.359,-,-
2022-07-18T15:15:00,4.359,-,-
2022-07-18T15:00:00,4.359,-,-
2022-07-18T14:45:00,4.359,-,-
2022-07-18T14:30:00,4.359,-,-
2022-07-18T14:15:00,4.359,-,-
2022-07-18T14:00:00,4.359,-,-
2022-07-18T13:45:00,4.359,-,-
2022-07-18T13:30:00,4.359,-,-
2022-07-18T13:15:00,4.359,-,-
2022-07-18T13:00:00,4.359,-,-
2022-07-18T12:45:00,4.358,-,-
2022-07-18T12:30:00,4.358,-,-
2022-07-18T12:15:00,4.357,-,-
2022-07-18T12:00:00,4.356,-,-
2022-07-18T11:45:00,4.357,-,-
2022-07-18T11:30:00,4.358,-,-
2022-07-18T11:15:00,4.357,-,-
2022-07-18T11:00:00,4.359,-,-
2022-07-18T10:45:00,4.356,-,-
2022-07-18T10:30:00,4.353,-,-
2022-07-18T10:15:00,4.351,-,-
2022-07-18T10:00:00,4.348,-,-
2022-07-18T09:45:00,4.350,-,-
2022-07-18T09:30:00,4.352,-,-
2022-07-18T09:15:00,4.356,-,-
2022-07-18T09:00:00,4.357,-,-
2022-07-18T08:45:00,4.361,-,-
2022-07-18T08:30:00,4.364,-,-
2022-07-18T08:15:00,4.366,-,-
2022-07-18T08:00:00,4.369,-,-
2022-07-18T07:45:00,4.371,-,-
2022-07-18T07:30:00,4.374,-,-
2022-07-18T07:15:00,4.378,-,-
2022-07-18T07:00:00,4.382,-,-
2022-07-18T06:45:00,4.386,-,-
2022-07-18T06:30:00,4.390,-,-
2022-07-18T06:15:00,4.393,-,-
2022-07-18T06:00:00,4.397,-,-
2022-07-18T05:45:00,4.401,-,-
2022-07-18T05:30:00,4.404,-,-
2022-07-18T05:15:00,4.408,-,-
2022-07-18T05:00:00,4.411,-,-
2022-07-18T04:45:00,4.414,-,-
2022-07-18T04:30:00,4.417,-,-
2022-07-18T04:15:00,4.421,-,-
2022-07-18T04:00:00,4.425,-,-
2022-07-18T03:45:00,4.429,-,-
2022-07-18T03:30:00,4.432,-,-
2022-07-18T03:15:00,4.436,-,-
2022-07-18T03:00:00,4.440,-,-
2022-07-18T02:45:00,4.444,-,-
2022-07-18T02:30:00,4.449,-,-
2022-07-18T02:15:00,4.453,-,-
2022-07-18T02:00:00,4.458,-,-
2022-07-18T01:45:00,4.462,-,-
2022-07-18T01:30:00,4.466,-,-
2022-07-18T01:15:00,4.469,-,-
2022-07-18T01:00:00,4.474,-,-
2022-07-18T00:45:00,4.479,-,-
2022-07-18T00:30:00,4.484,-,-
2022-07-18T00:15:00,4.489,-,-
2022-07-18T00:00:00,4.493,-,-
2022-07-17T23:45:00,4.499,-,-
2022-07-17T23:30:00,4.505,-,-
2022-07-17T23:15:00,4.512,-,-
2022-07-17T23:00:00,4.520,-,-
2022-07-17T22:45:00,4.529,-,-
2022-07-17T22:30:00,4.538,-,-
2022-07-17T22:15:00,4.548,-,-
2022-07-17T22:00:00,4.559,-,-
2022-07-17T21:45:00,4.575,-,-
2022-07-17T21:30:00,4.592,-,-
2022-07-17T21:15:00,4.611,-,-
2022-07-17T21:00:00,4.633,-,-
2022-07-17T20:45:00,4.656,-,-
2022-07-17T20:30:00,4.678,-,-
2022-07-17T20:15:00,4.697,-,-
2022-07-17T20:00:00,4.716,-,-
2022-07-17T19:45:00,4.730,-,-
2022-07-17T19:30:00,4.740,-,-
2022-07-17T19:15:00,4.743,-,-
2022-07-17T19:00:00,4.745,-,-
2022-07-17T18:45:00,4.743,-,-
2022-07-17T18:30:00,4.742,-,-
2022-07-17T18:15:00,4.738,-,-
2022-07-17T18:00:00,4.736,-,-
2022-07-17T17:45:00,4.734,-,-
2022-07-17T17:30:00,4.732,-,-
2022-07-17T17:15:00,4.731,-,-
2022-07-17T17:00:00,4.729,-,-
2022-07-17T16:45:00,4.729,-,-
2022-07-17T16:30:00,4.724,-,-
2022-07-17T16:15:00,4.722,-,-
2022-07-17T16:00:00,4.721,-,-
2022-07-17T15:45:00,4.719,-,-
2022-07-17T15:30:00,4.716,-,-
2022-07-17T15:15:00,4.715,-,-
2022-07-17T15:00:00,4.714,-,-
2022-07-17T14:45:00,4.710,-,-
2022-07-17T14:30:00,4.707,-,-
2022-07-17T14:15:00,4.706,-,-
2022-07-17T14:00:00,4.703,-,-
2022-07-17T13:45:00,4.699,-,-
2022-07-17T13:30:00,4.695,-,-
2022-07-17T13:15:00,4.691,-,-
2022-07-17T13:00:00,4.684,-,-
2022-07-17T12:45:00,4.676,-,-
2022-07-17T12:30:00,4.665,-,-
2022-07-17T12:15:00,4.653,-,-
2022-07-17T12:00:00,4.632,-,-
2022-07-17T11:45:00,4.612,-,-
2022-07-17T11:30:00,4.585,-,-
2022-07-17T11:15:00,4.555,-,-
2022-07-17T11:00:00,4.523,-,-
2022-07-17T10:45:00,4.491,-,-
2022-07-17T10:30:00,4.466,-,-
2022-07-17T10:15:00,4.452,-,-
2022-07-17T10:00:00,4.446,-,-
2022-07-17T09:45:00,4.447,-,-
2022-07-17T09:30:00,4.450,-,-
2022-07-17T09:15:00,4.452,-,-
2022-07-17T09:00:00,4.455,-,-
2022-07-17T08:45:00,4.457,-,-
2022-07-17T08:30:00,4.459,-,-
2022-07-17T08:15:00,4.462,-,-
2022-07-17T08:00:00,4.464,-,-
2022-07-17T07:45:00,4.466,-,-
2022-07-17T07:30:00,4.470,-,-
2022-07-17T07:15:00,4.472,-,-
2022-07-17T07:00:00,4.474,-,-
2022-07-17T06:45:00,4.476,-,-
2022-07-17T06:30:00,4.479,-,-
2022-07-17T06:15:00,4.482,-,-
2022-07-17T06:00:00,4.484,-,-
2022-07-17T05:45:00,4.487,-,-
2022-07-17T05:30:00,4.489,-,-
2022-07-17T05:15:00,4.493,-,-
2022-07-17T05:00:00,4.496,-,-
2022-07-17T04:45:00,4.499,-,-
2022-07-17T04:30:00,4.502,-,-
2022-07-17T04:15:00,4.505,-,-
2022-07-17T04:00:00,4.509,-,-
2022-07-17T03:45:00,4.513,-,-
2022-07-17T03:30:00,4.517,-,-
2022-07-17T03:15:00,4.519,-,-
2022-07-17T03:00:00,4.523,-,-
2022-07-17T02:45:00,4.526,-,-
2022-07-17T02:30:00,4.530,-,-
2022-07-17T02:15:00,4.534,-,-
2022-07-17T02:00:00,4.538,-,-
2022-07-17T01:45:00,4.542,-,-
2022-07-17T01:30:00,4.545,-,-
2022-07-17T01:15:00,4.546,-,-
2022-07-17T01:00:00,4.548,-,-
2022-07-17T00:45:00,4.551,-,-
2022-07-17T00:30:00,4.555,-,-
2022-07-17T00:15:00,4.559,-,-
2022-07-17T00:00:00,4.565,-,-
2022-07-16T23:45:00,4.571,-,-
2022-07-16T23:30:00,4.577,-,-
2022-07-16T23:15:00,4.582,-,-
2022-07-16T23:00:00,4.587,-,-
2022-07-16T22:45:00,4.593,-,-
2022-07-16T22:30:00,4.602,-,-
2022-07-16T22:15:00,4.612,-,-
2022-07-16T22:00:00,4.623,-,-
2022-07-16T21:45:00,4.638,-,-
2022-07-16T21:30:00,4.655,-,-
2022-07-16T21:15:00,4.672,-,-
2022-07-16T21:00:00,4.691,-,-
2022-07-16T20:45:00,4.712,-,-
2022-07-16T20:30:00,4.733,-,-
2022-07-16T20:15:00,4.754,-,-
2022-07-16T20:00:00,4.773,-,-
2022-07-16T19:45:00,4.785,-,-
2022-07-16T19:30:00,4.795,-,-
2022-07-16T19:15:00,4.797,-,-
2022-07-16T19:00:00,4.797,-,-
2022-07-16T18:45:00,4.796,-,-
2022-07-16T18:30:00,4.794,-,-
2022-07-16T18:15:00,4.793,-,-
2022-07-16T18:00:00,4.791,-,-
2022-07-16T17:45:00,4.788,-,-
2022-07-16T17:30:00,4.785,-,-
2022-07-16T17:15:00,4.784,-,-
2022-07-16T17:00:00,4.782,-,-
2022-07-16T16:45:00,4.780,-,-
2022-07-16T16:30:00,4.779,-,-
2022-07-16T16:15:00,4.777,-,-
2022-07-16T16:00:00,4.772,-,-
2022-07-16T15:45:00,4.773,-,-
2022-07-16T15:30:00,4.770,-,-
2022-07-16T15:15:00,4.768,-,-
2022-07-16T15:00:00,4.766,-,-
2022-07-16T14:45:00,4.767,-,-
2022-07-16T14:30:00,4.764,-,-
2022-07-16T14:15:00,4.763,-,-
2022-07-16T14:00:00,4.759,-,-
2022-07-16T13:45:00,4.757,-,-
2022-07-16T13:30:00,4.753,-,-
2022-07-16T13:15:00,4.749,-,-
2022-07-16T13:00:00,4.744,-,-
2022-07-16T12:45:00,4.739,-,-
2022-07-16T12:30:00,4.730,-,-
2022-07-16T12:15:00,4.723,-,-
2022-07-16T12:00:00,4.710,-,-
2022-07-16T11:45:00,4.697,-,-
2022-07-16T11:30:00,4.682,-,-
2022-07-16T11:15:00,4.660,-,-
2022-07-16T11:00:00,4.636,-,-
2022-07-16T10:45:00,4.606,-,-
2022-07-16T10:30:00,4.574,-,-
2022-07-16T10:15:00,4.543,-,-
2022-07-16T10:00:00,4.520,-,-
2022-07-16T09:45:00,4.505,-,-
2022-07-16T09:30:00,4.501,-,-
2022-07-16T09:15:00,4.501,-,-
2022-07-16T09:00:00,4.504,-,-
2022-07-16T08:45:00,4.509,-,-
2022-07-16T08:30:00,4.513,-,-
2022-07-16T08:15:00,4.517,-,-
2022-07-16T08:00:00,4.520,-,-
2022-07-16T07:45:00,4.524,-,-
2022-07-16T07:30:00,4.528,-,-
2022-07-16T07:15:00,4.532,-,-
2022-07-16T07:00:00,4.535,-,-
2022-07-16T06:45:00,4.539,-,-
2022-07-16T06:30:00,4.542,-,-
2022-07-16T06:15:00,4.545,-,-
2022-07-16T06:00:00,4.548,-,-
2022-07-16T05:45:00,4.552,-,-
2022-07-16T05:30:00,4.555,-,-
2022-07-16T05:15:00,4.559,-,-
2022-07-16T05:00:00,4.563,-,-
2022-07-16T04:45:00,4.567,-,-
2022-07-16T04:30:00,4.571,-,-
2022-07-16T04:15:00,4.574,-,-
2022-07-16T04:00:00,4.578,-,-
2022-07-16T03:45:00,4.582,-,-
2022-07-16T03:30:00,4.586,-,-
2022-07-16T03:15:00,4.590,-,-
2022-07-16T03:00:00,4.593,-,-
2022-07-16T02:45:00,4.597,-,-
2022-07-16T02:30:00,4.602,-,-
2022-07-16T02:15:00,4.605,-,-
2022-07-16T02:00:00,4.609,-,-
2022-07-16T01:45:00,4.614,-,-
2022-07-16T01:30:00,4.618,-,-
2022-07-16T01:15:00,4.622,-,-
2022-07-16T01:00:00,4.626,-,-
2022-07-16T00:45:00,4.631,-,-
2022-07-16T00:30:00,4.636,-,-
2022-07-16T00:15:00,4.641,-,-
2022-07-16T00:00:00,4.646,-,-
2022-07-29T23:45:00,4.513,-,-
2022-07-29T23:30:00,4.518,-,-
2022-07-29T23:15:00,4.523,-,-
2022-07-29T23:00:00,4.529,-,-
2022-07-29T22:45:00,4.535,-,-
2022-07-29T22:30:00,4.543,-,-
2022-07-29T22:15:00,4.550,-,-
2022-07-29T22:00:00,4.560,-,-
2022-07-29T21:45:00,4.572,-,-
2022-07-29T21:30:00,4.586,-,-
2022-07-29T21:15:00,4.604,-,-
2022-07-29T21:00:00,4.623,-,-
2022-07-29T20:45:00,4.645,-,-
2022-07-29T20:30:00,4.669,-,-
2022-07-29T20:15:00,4.694,-,-
2022-07-29T20:00:00,4.712,-,-
2022-07-29T19:45:00,4.734,-,-
2022-07-29T19:30:00,4.747,-,-
2022-07-29T19:15:00,4.757,-,-
2022-07-29T19:00:00,4.761,-,-
2022-07-29T18:45:00,4.761,-,-
2022-07-29T18:30:00,4.762,-,-
2022-07-29T18:15:00,4.763,-,-
2022-07-29T18:00:00,4.760,-,-
2022-07-29T17:45:00,4.764,-,-
2022-07-29T17:30:00,4.763,-,-
2022-07-29T17:15:00,4.761,-,-
2022-07-29T17:00:00,4.760,-,-
2022-07-29T16:45:00,4.761,-,-
2022-07-29T16:30:00,4.763,-,-
2022-07-29T16:15:00,4.759,-,-
2022-07-29T16:00:00,4.759,-,-
2022-07-29T15:45:00,4.761,-,-
2022-07-29T15:30:00,4.757,-,-
2022-07-29T15:15:00,4.758,-,-
2022-07-29T15:00:00,4.757,-,-
2022-07-29T14:45:00,4.756,-,-
2022-07-29T14:30:00,4.752,-,-
2022-07-29T14:15:00,4.750,-,-
2022-07-29T14:00:00,4.745,-,-
2022-07-29T13:45:00,4.736,-,-
2022-07-29T13:30:00,4.728,-,-
2022-07-29T13:15:00,4.716,-,-
2022-07-29T13:00:00,4.700,-,-
2022-07-29T12:45:00,4.680,-,-
2022-07-29T12:30:00,4.656,-,-
2022-07-29T12:15:00,4.630,-,-
2022-07-29T12:00:00,4.607,-,-
2022-07-29T11:45:00,4.586,-,-
2022-07-29T11:30:00,4.578,-,-
2022-07-29T11:15:00,4.574,-,-
2022-07-29T11:00:00,4.575,-,-
2022-07-29T10:45:00,4.579,-,-
2022-07-29T10:30:00,4.583,-,-
2022-07-29T10:15:00,4.584,-,-
2022-07-29T10:00:00,4.588,-,-
2022-07-29T09:45:00,4.590,-,-
2022-07-29T09:30:00,4.596,-,-
2022-07-29T09:15:00,4.599,-,-
2022-07-29T09:00:00,4.601,-,-
2022-07-29T08:45:00,4.607,-,-
2022-07-29T08:30:00,4.611,-,-
2022-07-29T08:15:00,4.613,-,-
2022-07-29T08:00:00,4.618,-,-
2022-07-29T07:45:00,4.621,-,-
2022-07-29T07:30:00,4.626,-,-
2022-07-29T07:15:00,4.628,-,-
2022-07-29T07:00:00,4.632,-,-
2022-07-29T06:45:00,4.638,-,-
2022-07-29T06:30:00,4.642,-,-
2022-07-29T06:15:00,4.646,-,-
2022-07-29T06:00:00,4.648,-,-
2022-07-29T05:45:00,4.654,-,-
2022-07-29T05:30:00,4.657,-,-
2022-07-29T05:15:00,4.661,-,-
2022-07-29T05:00:00,4.665,-,-
2022-07-29T04:45:00,4.670,-,-
2022-07-29T04:30:00,4.672,-,-
2022-07-29T04:15:00,4.678,-,-
2022-07-29T04:00:00,4.680,-,-
2022-07-29T03:45:00,4.685,-,-
2022-07-29T03:30:00,4.689,-,-
2022-07-29T03:15:00,4.694,-,-
2022-07-29T03:00:00,4.697,-,-
2022-07-29T02:45:00,4.702,-,-
2022-07-29T02:30:00,4.707,-,-
2022-07-29T02:15:00,4.711,-,-
2022-07-29T02:00:00,4.716,-,-
2022-07-29T01:45:00,4.720,-,-
2022-07-29T01:30:00,4.725,-,-
2022-07-29T01:15:00,4.728,-,-
2022-07-29T01:00:00,4.731,-,-
2022-07-29T00:45:00,4.734,-,-
2022-07-29T00:30:00,4.739,-,-
2022-07-29T00:15:00,4.740,-,-
2022-07-29T00:00:00,4.745,-,-
2022-07-28T23:45:00,4.744,-,-
2022-07-28T23:30:00,4.746,-,-
2022-07-28T23:15:00,4.747,-,-
2022-07-28T23:00:00,4.748,-,-
2022-07-28T22:45:00,4.750,-,-
2022-07-28T22:30:00,4.753,-,-
2022-07-28T22:15:00,4.757,-,-
2022-07-28T22:00:00,4.763,-,-
2022-07-28T21:45:00,4.773,-,-
2022-07-28T21:30:00,4.785,-,-
2022-07-28T21:15:00,4.799,-,-
2022-07-28T21:00:00,4.815,-,-
2022-07-28T20:45:00,4.836,-,-
2022-07-28T20:30:00,4.857,-,-
2022-07-28T20:15:00,4.878,-,-
2022-07-28T20:00:00,4.900,-,-
2022-07-28T19:45:00,4.914,-,-
2022-07-28T19:30:00,4.930,-,-
2022-07-28T19:15:00,4.935,-,-
2022-07-28T19:00:00,4.938,-,-
2022-07-28T18:45:00,4.935,-,-
2022-07-28T18:30:00,4.941,-,-
2022-07-28T18:15:00,4.939,-,-
2022-07-28T18:00:00,4.939,-,-
2022-07-28T17:45:00,4.939,-,-
2022-07-28T17:30:00,4.938,-,-
2022-07-28T17:15:00,4.943,-,-
2022-07-28T17:00:00,4.937,-,-
2022-07-28T16:45:00,4.940,-,-
2022-07-28T16:30:00,4.940,-,-
2022-07-28T16:15:00,4.941,-,-
2022-07-28T16:00:00,4.938,-,-
2022-07-28T15:45:00,4.941,-,-
2022-07-28T15:30:00,4.938,-,-
2022-07-28T15:15:00,4.939,-,-
2022-07-28T15:00:00,4.937,-,-
2022-07-28T14:45:00,4.933,-,-
2022-07-28T14:30:00,4.934,-,-
2022-07-28T14:15:00,4.928,-,-
2022-07-28T14:00:00,4.923,-,-
2022-07-28T13:45:00,4.917,-,-
2022-07-28T13:30:00,4.911,-,-
2022-07-28T13:15:00,4.897,-,-
2022-07-28T13:00:00,4.886,-,-
2022-07-28T12:45:00,4.870,-,-
2022-07-28T12:30:00,4.848,-,-
2022-07-28T12:15:00,4.827,-,-
2022-07-28T12:00:00,4.804,-,-
2022-07-28T11:45:00,4.788,-,-
2022-07-28T11:30:00,4.780,-,-
2022-07-28T11:15:00,4.776,-,-
2022-07-28T11:00:00,4.777,-,-
2022-07-28T10:45:00,4.781,-,-
2022-07-28T10:30:00,4.782,-,-
2022-07-28T10:15:00,4.787,-,-
2022-07-28T10:00:00,4.789,-,-
2022-07-28T09:45:00,4.794,-,-
2022-07-28T09:30:00,4.796,-,-
2022-07-28T09:15:00,4.801,-,-
2022-07-28T09:00:00,4.802,-,-
2022-07-28T08:45:00,4.809,-,-
2022-07-28T08:30:00,4.812,-,-
2022-07-28T08:15:00,4.816,-,-
2022-07-28T08:00:00,4.820,-,-
2022-07-28T07:45:00,4.822,-,-
2022-07-28T07:30:00,4.828,-,-
2022-07-28T07:15:00,4.832,-,-
2022-07-28T07:00:00,4.836,-,-
2022-07-28T06:45:00,4.839,-,-
2022-07-28T06:30:00,4.845,-,-
2022-07-28T06:15:00,4.845,-,-
2022-07-28T06:00:00,4.853,-,-
2022-07-28T05:45:00,4.857,-,-
2022-07-28T05:30:00,4.863,-,-
2022-07-28T05:15:00,4.866,-,-
2022-07-28T05:00:00,4.869,-,-
2022-07-28T04:45:00,4.876,-,-
2022-07-28T04:30:00,4.881,-,-
2022-07-28T04:15:00,4.885,-,-
2022-07-28T04:00:00,4.891,-,-
2022-07-28T03:45:00,4.899,-,-
2022-07-28T03:30:00,4.901,-,-
2022-07-28T03:15:00,4.907,-,-
2022-07-28T03:00:00,4.912,-,-
2022-07-28T02:45:00,4.917,-,-
2022-07-28T02:30:00,4.923,-,-
2022-07-28T02:15:00,4.926,-,-
2022-07-28T02:00:00,4.931,-,-
2022-07-28T01:45:00,4.935,-,-
2022-07-28T01:30:00,4.937,-,-
2022-07-28T01:15:00,4.942,-,-
2022-07-28T01:00:00,4.944,-,-
2022-07-28T00:45:00,4.945,-,-
2022-07-28T00:30:00,4.942,-,-
2022-07-28T00:15:00,4.934,-,-
2022-07-28T00:00:00,4.932,-,-
2022-07-27T23:45:00,4.922,-,-
2022-07-27T23:30:00,4.917,-,-
2022-07-27T23:15:00,4.907,-,-
2022-07-27T23:00:00,4.902,-,-
2022-07-27T22:45:00,4.895,-,-
2022-07-27T22:30:00,4.881,-,-
2022-07-27T22:15:00,4.874,-,-
2022-07-27T22:00:00,4.862,-,-
2022-07-27T21:45:00,4.850,-,-
2022-07-27T21:30:00,4.836,-,-
2022-07-27T21:15:00,4.820,-,-
2022-07-27T21:00:00,4.801,-,-
2022-07-27T20:45:00,4.787,-,-
2022-07-27T20:30:00,4.770,-,-
2022-07-27T20:15:00,4.758,-,-
2022-07-27T20:00:00,4.747,-,-
2022-07-27T19:45:00,4.737,-,-
2022-07-27T19:30:00,4.732,-,-
2022-07-27T19:15:00,4.728,-,-
2022-07-27T19:00:00,4.725,-,-
2022-07-27T18:45:00,4.724,-,-
2022-07-27T18:30:00,4.728,-,-
2022-07-27T18:15:00,4.726,-,-
2022-07-27T18:00:00,4.725,-,-
2022-07-27T17:45:00,4.727,-,-
2022-07-27T17:30:00,4.725,-,-
2022-07-27T17:15:00,4.722,-,-
2022-07-27T17:00:00,4.717,-,-
2022-07-27T16:45:00,4.708,-,-
2022-07-27T16:30:00,4.703,-,-
2022-07-27T16:15:00,4.695,-,-
2022-07-27T16:00:00,4.690,-,-
2022-07-27T15:45:00,4.689,-,-
2022-07-27T15:30:00,4.689,-,-
2022-07-27T15:15:00,4.691,-,-
2022-07-27T15:00:00,4.695,-,-
2022-07-27T14:45:00,4.700,-,-
2022-07-27T14:30:00,4.703,-,-
2022-07-27T14:15:00,4.709,-,-
2022-07-27T14:00:00,4.713,-,-
2022-07-27T13:45:00,4.719,-,-
2022-07-27T13:30:00,4.725,-,-
2022-07-27T13:15:00,4.730,-,-
2022-07-27T13:00:00,4.734,-,-
2022-07-27T12:45:00,4.741,-,-
2022-07-27T12:30:00,4.746,-,-
2022-07-27T12:15:00,4.749,-,-
2022-07-27T12:00:00,4.754,-,-
2022-07-27T11:45:00,4.759,-,-
2022-07-27T11:30:00,4.765,-,-
2022-07-27T11:15:00,4.771,-,-
2022-07-27T11:00:00,4.777,-,-
2022-07-27T10:45:00,4.782,-,-
2022-07-27T10:30:00,4.786,-,-
2022-07-27T10:15:00,4.790,-,-
2022-07-27T10:00:00,4.794,-,-
2022-07-27T09:45:00,4.797,-,-
2022-07-27T09:30:00,4.803,-,-
2022-07-27T09:15:00,4.808,-,-
2022-07-27T09:00:00,4.813,-,-
2022-07-27T08:45:00,4.817,-,-
2022-07-27T08:30:00,4.821,-,-
2022-07-27T08:15:00,4.825,-,-
2022-07-27T08:00:00,4.829,-,-
2022-07-27T07:45:00,4.833,-,-
2022-07-27T07:30:00,4.836,-,-
2022-07-27T07:15:00,4.840,-,-
2022-07-27T07:00:00,4.845,-,-
2022-07-27T06:45:00,4.846,-,-
2022-07-27T06:30:00,4.849,-,-
2022-07-27T06:15:00,4.852,-,-
2022-07-27T06:00:00,4.855,-,-
2022-07-27T05:45:00,4.856,-,-
2022-07-27T05:30:00,4.858,-,-
2022-07-27T05:15:00,4.859,-,-
2022-07-27T05:00:00,4.862,-,-
2022-07-27T04:45:00,4.862,-,-
2022-07-27T04:30:00,4.864,-,-
2022-07-27T04:15:00,4.867,-,-
2022-07-27T04:00:00,4.868,-,-
2022-07-27T03:45:00,4.869,-,-
2022-07-27T03:30:00,4.873,-,-
2022-07-27T03:15:00,4.873,-,-
2022-07-27T03:00:00,4.874,-,-
2022-07-27T02:45:00,4.879,-,-
2022-07-27T02:30:00,4.878,-,-
2022-07-27T02:15:00,4.880,-,-
2022-07-27T02:00:00,4.883,-,-
2022-07-27T01:45:00,4.884,-,-
2022-07-27T01:30:00,4.885,-,-
2022-07-27T01:15:00,4.887,-,-
2022-07-27T01:00:00,4.886,-,-
2022-07-27T00:45:00,4.887,-,-
2022-07-27T00:30:00,4.890,-,-
2022-07-27T00:15:00,4.890,-,-
2022-07-27T00:00:00,4.890,-,-
2022-07-26T23:45:00,4.888,-,-
2022-07-26T23:30:00,4.890,-,-
2022-07-26T23:15:00,4.890,-,-
2022-07-26T23:00:00,4.888,-,-
2022-07-26T22:45:00,4.889,-,-
2022-07-26T22:30:00,4.886,-,-
2022-07-26T22:15:00,4.882,-,-
2022-07-26T22:00:00,4.875,-,-
2022-07-26T21:45:00,4.862,-,-
2022-07-26T21:30:00,4.853,-,-
2022-07-26T21:15:00,4.840,-,-
2022-07-26T21:00:00,4.823,-,-
2022-07-26T20:45:00,4.809,-,-
2022-07-26T20:30:00,4.795,-,-
2022-07-26T20:15:00,4.787,-,-
2022-07-26T20:00:00,4.779,-,-
2022-07-26T19:45:00,4.774,-,-
2022-07-26T19:30:00,4.765,-,-
2022-07-26T19:15:00,4.756,-,-
2022-07-26T19:00:00,4.747,-,-
2022-07-26T18:45:00,4.738,-,-
2022-07-26T18:30:00,4.726,-,-
2022-07-26T18:15:00,4.716,-,-
2022-07-26T18:00:00,4.710,-,-
2022-07-26T17:45:00,4.701,-,-
2022-07-26T17:30:00,4.695,-,-
2022-07-26T17:15:00,4.689,-,-
2022-07-26T17:00:00,4.687,-,-
2022-07-26T16:45:00,4.683,-,-
2022-07-26T16:30:00,4.683,-,-
2022-07-26T16:15:00,4.685,-,-
2022-07-26T16:00:00,4.685,-,-
2022-07-26T15:45:00,4.686,-,-
2022-07-26T15:30:00,4.689,-,-
2022-07-26T15:15:00,4.688,-,-
2022-07-26T15:00:00,4.689,-,-
2022-07-26T14:45:00,4.686,-,-
2022-07-26T14:30:00,4.683,-,-
2022-07-26T14:15:00,4.677,-,-
2022-07-26T14:00:00,4.672,-,-
2022-07-26T13:45:00,4.669,-,-
2022-07-26T13:30:00,4.672,-,-
2022-07-26T13:15:00,4.672,-,-
2022-07-26T13:00:00,4.673,-,-
2022-07-26T12:45:00,4.675,-,-
2022-07-26T12:30:00,4.676,-,-
2022-07-26T12:15:00,4.676,-,-
2022-07-26T12:00:00,4.678,-,-
2022-07-26T11:45:00,4.679,-,-
2022-07-26T11:30:00,4.681,-,-
2022-07-26T11:15:00,4.682,-,-
2022-07-26T11:00:00,4.684,-,-
2022-07-26T10:45:00,4.685,-,-
2022-07-26T10:30:00,4.685,-,-
2022-07-26T10:15:00,4.686,-,-
2022-07-26T10:00:00,4.689,-,-
2022-07-26T09:45:00,4.689,-,-
2022-07-26T09:30:00,4.691,-,-
2022-07-26T09:15:00,4.692,-,-
2022-07-26T09:00:00,4.693,-,-
2022-07-26T08:45:00,4.696,-,-
2022-07-26T08:30:00,4.698,-,-
2022-07-26T08:15:00,4.700,-,-
2022-07-26T08:00:00,4.700,-,-
2022-07-26T07:45:00,4.701,-,-
2022-07-26T07:30:00,4.703,-,-
2022-07-26T07:15:00,4.705,-,-
2022-07-26T07:00:00,4.706,-,-
2022-07-26T06:45:00,4.707,-,-
2022-07-26T06:30:00,4.708,-,-
2022-07-26T06:15:00,4.708,-,-
2022-07-26T06:00:00,4.710,-,-
2022-07-26T05:45:00,4.711,-,-
2022-07-26T05:30:00,4.711,-,-
2022-07-26T05:15:00,4.713,-,-
2022-07-26T05:00:00,4.714,-,-
2022-07-26T04:45:00,4.716,-,-
2022-07-26T04:30:00,4.717,-,-
2022-07-26T04:15:00,4.719,-,-
2022-07-26T04:00:00,4.718,-,-
2022-07-26T03:45:00,4.720,-,-
2022-07-26T03:30:00,4.720,-,-
2022-07-26T03:15:00,4.723,-,-
2022-07-26T03:00:00,4.722,-,-
2022-07-26T02:45:00,4.724,-,-
2022-07-26T02:30:00,4.725,-,-
2022-07-26T02:15:00,4.726,-,-
2022-07-26T02:00:00,4.727,-,-
2022-07-26T01:45:00,4.728,-,-
2022-07-26T01:30:00,4.729,-,-
2022-07-26T01:15:00,4.729,-,-
2022-07-26T01:00:00,4.731,-,-
2022-07-26T00:45:00,4.731,-,-
2022-07-26T00:30:00,4.732,-,-
2022-07-26T00:15:00,4.734,-,-
2022-07-26T00:00:00,4.733,-,-
2022-07-25T23:45:00,4.735,-,-
2022-07-25T23:30:00,4.736,-,-
2022-07-25T23:15:00,4.736,-,-
2022-07-25T23:00:00,4.737,-,-
2022-07-25T22:45:00,4.739,-,-
2022-07-25T22:30:00,4.738,-,-
2022-07-25T22:15:00,4.738,-,-
2022-07-25T22:00:00,4.738,-,-
2022-07-25T21:45:00,4.738,-,-
2022-07-25T21:30:00,4.739,-,-
2022-07-25T21:15:00,4.738,-,-
2022-07-25T21:00:00,4.737,-,-
2022-07-25T20:45:00,4.738,-,-
2022-07-25T20:30:00,4.738,-,-
2022-07-25T20:15:00,4.738,-,-
2022-07-25T20:00:00,4.739,-,-
2022-07-25T19:45:00,4.738,-,-
2022-07-25T19:30:00,4.737,-,-
2022-07-25T19:15:00,4.739,-,-
2022-07-25T19:00:00,4.740,-,-
2022-07-25T18:45:00,4.740,-,-
2022-07-25T18:30:00,4.740,-,-
2022-07-25T18:15:00,4.739,-,-
2022-07-25T18:00:00,4.737,-,-
2022-07-25T17:45:00,4.737,-,-
2022-07-25T17:30:00,4.735,-,-
2022-07-25T17:15:00,4.735,-,-
2022-07-25T17:00:00,4.732,-,-
2022-07-25T16:45:00,4.731,-,-
2022-07-25T16:30:00,4.729,-,-
2022-07-25T16:15:00,4.728,-,-
2022-07-25T16:00:00,4.727,-,-
2022-07-25T15:45:00,4.725,-,-
2022-07-25T15:30:00,4.725,-,-
2022-07-25T15:15:00,4.725,-,-
2022-07-25T15:00:00,4.721,-,-
2022-07-25T14:45:00,4.722,-,-
2022-07-25T14:30:00,4.721,-,-
2022-07-25T14:15:00,4.720,-,-
2022-07-25T14:00:00,4.718,-,-
2022-07-25T13:45:00,4.718,-,-
2022-07-25T13:30:00,4.717,-,-
2022-07-25T13:15:00,4.718,-,-
2022-07-25T13:00:00,4.719,-,-
2022-07-25T12:45:00,4.719,-,-
2022-07-25T12:30:00,4.719,-,-
2022-07-25T12:15:00,4.718,-,-
2022-07-25T12:00:00,4.718,-,-
2022-07-25T11:45:00,4.718,-,-
2022-07-25T11:30:00,4.719,-,-
2022-07-25T11:15:00,4.718,-,-
2022-07-25T11:00:00,4.722,-,-
2022-07-25T10:45:00,4.725,-,-
2022-07-25T10:30:00,4.728,-,-
2022-07-25T10:15:00,4.735,-,-
2022-07-25T10:00:00,4.741,-,-
2022-07-25T09:45:00,4.747,-,-
2022-07-25T09:30:00,4.753,-,-
2022-07-25T09:15:00,4.760,-,-
2022-07-25T09:00:00,4.767,-,-
2022-07-25T08:45:00,4.772,-,-
2022-07-25T08:30:00,4.778,-,-
2022-07-25T08:15:00,4.784,-,-
2022-07-25T08:00:00,4.790,-,-
2022-07-25T07:45:00,4.795,-,-
2022-07-25T07:30:00,4.803,-,-
2022-07-25T07:15:00,4.809,-,-
2022-07-25T07:00:00,4.816,-,-
2022-07-25T06:45:00,4.823,-,-
2022-07-25T06:30:00,4.830,-,-
2022-07-25T06:15:00,4.836,-,-
2022-07-25T06:00:00,4.842,-,-
2022-07-25T05:45:00,4.850,-,-
2022-07-25T05:30:00,4.858,-,-
2022-07-25T05:15:00,4.865,-,-
2022-07-25T05:00:00,4.871,-,-
2022-07-25T04:45:00,4.877,-,-
2022-07-25T04:30:00,4.886,-,-
2022-07-25T04:15:00,4.890,-,-
2022-07-25T04:00:00,4.898,-,-
2022-07-25T03:45:00,4.903,-,-
2022-07-25T03:30:00,4.908,-,-
2022-07-25T03:15:00,4.914,-,-
2022-07-25T03:00:00,4.919,-,-
2022-07-25T02:45:00,4.925,-,-
2022-07-25T02:30:00,4.928,-,-
2022-07-25T02:15:00,4.935,-,-
2022-07-25T02:00:00,4.940,-,-
2022-07-25T01:45:00,4.942,-,-
2022-07-25T01:30:00,4.946,-,-
2022-07-25T01:15:00,4.951,-,-
2022-07-25T01:00:00,4.955,-,-
2022-07-25T00:45:00,4.958,-,-
2022-07-25T00:30:00,4.964,-,-
2022-07-25T00:15:00,4.969,-,-
2022-07-25T00:00:00,4.977,-,-
2022-07-24T23:45:00,4.982,-,-
2022-07-24T23:30:00,4.988,-,-
2022-07-24T23:15:00,4.993,-,-
2022-07-24T23:00:00,4.999,-,-
2022-07-24T22:45:00,5.005,-,-
2022-07-24T22:30:00,5.014,-,-
2022-07-24T22:15:00,5.020,-,-
2022-07-24T22:00:00,5.029,-,-
2022-07-24T21:45:00,5.038,-,-
2022-07-24T21:30:00,5.051,-,-
2022-07-24T21:15:00,5.065,-,-
2022-07-24T21:00:00,5.079,-,-
2022-07-24T20:45:00,5.097,-,-
2022-07-24T20:30:00,5.112,-,-
2022-07-24T20:15:00,5.127,-,-
2022-07-24T20:00:00,5.135,-,-
2022-07-24T19:45:00,5.150,-,-
2022-07-24T19:30:00,5.156,-,-
2022-07-24T19:15:00,5.159,-,-
2022-07-24T19:00:00,5.158,-,-
2022-07-24T18:45:00,5.155,-,-
2022-07-24T18:30:00,5.150,-,-
2022-07-24T18:15:00,5.148,-,-
2022-07-24T18:00:00,5.137,-,-
2022-07-24T17:45:00,5.132,-,-
2022-07-24T17:30:00,5.127,-,-
2022-07-24T17:15:00,5.120,-,-
2022-07-24T17:00:00,5.114,-,-
2022-07-24T16:45:00,5.107,-,-
2022-07-24T16:30:00,5.104,-,-
2022-07-24T16:15:00,5.098,-,-
2022-07-24T16:00:00,5.094,-,-
2022-07-24T15:45:00,5.087,-,-
2022-07-24T15:30:00,5.082,-,-
2022-07-24T15:15:00,5.075,-,-
2022-07-24T15:00:00,5.066,-,-
2022-07-24T14:45:00,5.061,-,-
2022-07-24T14:30:00,5.051,-,-
2022-07-24T14:15:00,5.047,-,-
2022-07-24T14:00:00,5.037,-,-
2022-07-24T13:45:00,5.027,-,-
2022-07-24T13:30:00,5.019,-,-
2022-07-24T13:15:00,5.002,-,-
2022-07-24T13:00:00,4.987,-,-
2022-07-24T12:45:00,4.967,-,-
2022-07-24T12:30:00,4.942,-,-
2022-07-24T12:15:00,4.917,-,-
2022-07-24T12:00:00,4.892,-,-
2022-07-24T11:45:00,4.870,-,-
2022-07-24T11:30:00,4.854,-,-
2022-07-24T11:15:00,4.844,-,-
2022-07-24T11:00:00,4.844,-,-
2022-07-24T10:45:00,4.842,-,-
2022-07-24T10:30:00,4.840,-,-
2022-07-24T10:15:00,4.838,-,-
2022-07-24T10:00:00,4.835,-,-
2022-07-24T09:45:00,4.832,-,-
2022-07-24T09:30:00,4.831,-,-
2022-07-24T09:15:00,4.829,-,-
2022-07-24T09:00:00,4.828,-,-
2022-07-24T08:45:00,4.826,-,-
2022-07-24T08:30:00,4.823,-,-
2022-07-24T08:15:00,4.820,-,-
2022-07-24T08:00:00,4.819,-,-
2022-07-24T07:45:00,4.816,-,-
2022-07-24T07:30:00,4.812,-,-
2022-07-24T07:15:00,4.809,-,-
2022-07-24T07:00:00,4.808,-,-
2022-07-24T06:45:00,4.807,-,-
2022-07-24T06:30:00,4.806,-,-
2022-07-24T06:15:00,4.805,-,-
2022-07-24T06:00:00,4.804,-,-
2022-07-24T05:45:00,4.801,-,-
2022-07-24T05:30:00,4.801,-,-
2022-07-24T05:15:00,4.799,-,-
2022-07-24T05:00:00,4.799,-,-
2022-07-24T04:45:00,4.799,-,-
2022-07-24T04:30:00,4.801,-,-
2022-07-24T04:15:00,4.807,-,-
2022-07-24T04:00:00,4.809,-,-
2022-07-24T03:45:00,4.814,-,-
2022-07-24T03:30:00,4.817,-,-
2022-07-24T03:15:00,4.825,-,-
2022-07-24T03:00:00,4.829,-,-
2022-07-24T02:45:00,4.833,-,-
2022-07-24T02:30:00,4.838,-,-
2022-07-24T02:15:00,4.843,-,-
2022-07-24T02:00:00,4.848,-,-
2022-07-24T01:45:00,4.851,-,-
2022-07-24T01:30:00,4.854,-,-
2022-07-24T01:15:00,4.861,-,-
2022-07-24T01:00:00,4.865,-,-
2022-07-24T00:45:00,4.871,-,-
2022-07-24T00:30:00,4.877,-,-
2022-07-24T00:15:00,4.880,-,-
2022-07-24T00:00:00,4.887,-,-
2022-07-23T23:45:00,4.893,-,-
2022-07-23T23:30:00,4.899,-,-
2022-07-23T23:15:00,4.904,-,-
2022-07-23T23:00:00,4.908,-,-
2022-07-23T22:45:00,4.915,-,-
2022-07-23T22:30:00,4.923,-,-
2022-07-23T22:15:00,4.931,-,-
2022-07-23T22:00:00,4.942,-,-
2022-07-23T21:45:00,4.954,-,-
2022-07-23T21:30:00,4.965,-,-
2022-07-23T21:15:00,4.982,-,-
2022-07-23T21:00:00,4.999,-,-
2022-07-23T20:45:00,5.018,-,-
2022-07-23T20:30:00,5.043,-,-
2022-07-23T20:15:00,5.062,-,-
2022-07-23T20:00:00,5.088,-,-
2022-07-23T19:45:00,5.107,-,-
2022-07-23T19:30:00,5.125,-,-
2022-07-23T19:15:00,5.142,-,-
2022-07-23T19:00:00,5.148,-,-
2022-07-23T18:45:00,5.152,-,-
2022-07-23T18:30:00,5.153,-,-
2022-07-23T18:15:00,5.154,-,-
2022-07-23T18:00:00,5.157,-,-
2022-07-23T17:45:00,5.158,-,-
2022-07-23T17:30:00,5.160,-,-
2022-07-23T17:15:00,5.163,-,-
2022-07-23T17:00:00,5.158,-,-
2022-07-23T16:45:00,5.166,-,-
2022-07-23T16:30:00,5.166,-,-
2022-07-23T16:15:00,5.168,-,-
2022-07-23T16:00:00,5.168,-,-
2022-07-23T15:45:00,5.168,-,-
2022-07-23T15:30:00,5.169,-,-
2022-07-23T15:15:00,5.168,-,-
2022-07-23T15:00:00,5.167,-,-
2022-07-23T14:45:00,5.167,-,-
2022-07-23T14:30:00,5.161,-,-
2022-07-23T14:15:00,5.159,-,-
2022-07-23T14:00:00,5.157,-,-
2022-07-23T13:45:00,5.153,-,-
2022-07-23T13:30:00,5.146,-,-
2022-07-23T13:15:00,5.138,-,-
2022-07-23T13:00:00,5.132,-,-
2022-07-23T12:45:00,5.114,-,-
2022-07-23T12:30:00,5.099,-,-
2022-07-23T12:15:00,5.082,-,-
2022-07-23T12:00:00,5.059,-,-
2022-07-23T11:45:00,5.041,-,-
2022-07-23T11:30:00,5.023,-,-
2022-07-23T11:15:00,5.013,-,-
2022-07-23T11:00:00,5.010,-,-
2022-07-23T10:45:00,5.011,-,-
2022-07-23T10:30:00,5.016,-,-
2022-07-23T10:15:00,5.017,-,-
2022-07-23T10:00:00,5.024,-,-
2022-07-23T09:45:00,5.026,-,-
2022-07-23T09:30:00,5.032,-,-
2022-07-23T09:15:00,5.035,-,-
2022-07-23T09:00:00,5.035,-,-
2022-07-23T08:45:00,5.039,-,-
2022-07-23T08:30:00,5.045,-,-
2022-07-23T08:15:00,5.051,-,-
2022-07-23T08:00:00,5.054,-,-
2022-07-23T07:45:00,5.058,-,-
2022-07-23T07:30:00,5.061,-,-
2022-07-23T07:15:00,5.067,-,-
2022-07-23T07:00:00,5.071,-,-
2022-07-23T06:45:00,5.076,-,-
2022-07-23T06:30:00,5.080,-,-
2022-07-23T06:15:00,5.085,-,-
2022-07-23T06:00:00,5.087,-,-
2022-07-23T05:45:00,5.091,-,-
2022-07-23T05:30:00,5.093,-,-
2022-07-23T05:15:00,5.097,-,-
2022-07-23T05:00:00,5.104,-,-
2022-07-23T04:45:00,5.107,-,-
2022-07-23T04:30:00,5.113,-,-
2022-07-23T04:15:00,5.119,-,-
2022-07-23T04:00:00,5.123,-,-
2022-07-23T03:45:00,5.131,-,-
2022-07-23T03:30:00,5.134,-,-
2022-07-23T03:15:00,5.139,-,-
2022-07-23T03:00:00,5.144,-,-
2022-07-23T02:45:00,5.153,-,-
2022-07-23T02:30:00,5.158,-,-
2022-07-23T02:15:00,5.161,-,-
2022-07-23T02:00:00,5.169,-,-
2022-07-23T01:45:00,5.176,-,-
2022-07-23T01:30:00,5.181,-,-
2022-07-23T01:15:00,5.184,-,-
2022-07-23T01:00:00,5.197,-,-
2022-07-23T00:45:00,5.203,-,-
2022-07-23T00:30:00,5.205,-,-
2022-07-23T00:15:00,5.215,-,-
2022-07-23T00:00:00,5.219,-,-
2022-08-05T23:45:00,4.794,-,-
2022-08-05T23:30:00,4.797,-,-
2022-08-05T23:15:00,4.799,-,-
2022-08-05T23:00:00,4.801,-,-
2022-08-05T22:45:00,4.806,-,-
2022-08-05T22:30:00,4.809,-,-
2022-08-05T22:15:00,4.812,-,-
2022-08-05T22:00:00,4.816,-,-
2022-08-05T21:45:00,4.817,-,-
2022-08-05T21:30:00,4.820,-,-
2022-08-05T21:15:00,4.822,-,-
2022-08-05T21:00:00,4.827,-,-
2022-08-05T20:45:00,4.830,-,-
2022-08-05T20:30:00,4.832,-,-
2022-08-05T20:15:00,4.834,-,-
2022-08-05T20:00:00,4.838,-,-
2022-08-05T19:45:00,4.841,-,-
2022-08-05T19:30:00,4.844,-,-
2022-08-05T19:15:00,4.848,-,-
2022-08-05T19:00:00,4.854,-,-
2022-08-05T18:45:00,4.857,-,-
2022-08-05T18:30:00,4.860,-,-
2022-08-05T18:15:00,4.865,-,-
2022-08-05T18:00:00,4.868,-,-
2022-08-05T17:45:00,4.871,-,-
2022-08-05T17:30:00,4.879,-,-
2022-08-05T17:15:00,4.882,-,-
2022-08-05T17:00:00,4.885,-,-
2022-08-05T16:45:00,4.889,-,-
2022-08-05T16:30:00,4.896,-,-
2022-08-05T16:15:00,4.899,-,-
2022-08-05T16:00:00,4.904,-,-
2022-08-05T15:45:00,4.909,-,-
2022-08-05T15:30:00,4.911,-,-
2022-08-05T15:15:00,4.917,-,-
2022-08-05T15:00:00,4.921,-,-
2022-08-05T14:45:00,4.926,-,-
2022-08-05T14:30:00,4.929,-,-
2022-08-05T14:15:00,4.934,-,-
2022-08-05T14:00:00,4.942,-,-
2022-08-05T13:45:00,4.944,-,-
2022-08-05T13:30:00,4.948,-,-
2022-08-05T13:15:00,4.955,-,-
2022-08-05T13:00:00,4.959,-,-
2022-08-05T12:45:00,4.964,-,-
2022-08-05T12:30:00,4.969,-,-
2022-08-05T12:15:00,4.975,-,-
2022-08-05T12:00:00,4.982,-,-
2022-08-05T11:45:00,4.983,-,-
2022-08-05T11:30:00,4.991,-,-
2022-08-05T11:15:00,4.993,-,-
2022-08-05T11:00:00,5.003,-,-
2022-08-05T10:45:00,5.007,-,-
2022-08-05T10:30:00,5.012,-,-
2022-08-05T10:15:00,5.015,-,-
2022-08-05T10:00:00,5.023,-,-
2022-08-05T09:45:00,5.025,-,-
2022-08-05T09:30:00,5.034,-,-
2022-08-05T09:15:00,5.038,-,-
2022-08-05T09:00:00,5.045,-,-
2022-08-05T08:45:00,5.050,-,-
2022-08-05T08:30:00,5.055,-,-
2022-08-05T08:15:00,5.061,-,-
2022-08-05T08:00:00,5.069,-,-
2022-08-05T07:45:00,5.079,-,-
2022-08-05T07:30:00,5.083,-,-
2022-08-05T07:15:00,5.092,-,-
2022-08-05T07:00:00,5.101,-,-
2022-08-05T06:45:00,5.108,-,-
2022-08-05T06:30:00,5.114,-,-
2022-08-05T06:15:00,5.120,-,-
2022-08-05T06:00:00,5.124,-,-
2022-08-05T05:45:00,5.128,-,-
2022-08-05T05:30:00,5.126,-,-
2022-08-05T05:15:00,5.130,-,-
2022-08-05T05:00:00,5.135,-,-
2022-08-05T04:45:00,5.133,-,-
2022-08-05T04:30:00,5.132,-,-
2022-08-05T04:15:00,5.137,-,-
2022-08-05T04:00:00,5.135,-,-
2022-08-05T03:45:00,5.136,-,-
2022-08-05T03:30:00,5.133,-,-
2022-08-05T03:15:00,5.133,-,-
2022-08-05T03:00:00,5.132,-,-
2022-08-05T02:45:00,5.132,-,-
2022-08-05T02:30:00,5.130,-,-
2022-08-05T02:15:00,5.126,-,-
2022-08-05T02:00:00,5.127,-,-
2022-08-05T01:45:00,5.123,-,-
2022-08-05T01:30:00,5.121,-,-
2022-08-05T01:15:00,5.118,-,-
2022-08-05T01:00:00,5.114,-,-
2022-08-05T00:45:00,5.112,-,-
2022-08-05T00:30:00,5.108,-,-
2022-08-05T00:15:00,5.106,-,-
2022-08-05T00:00:00,5.106,-,-
2022-08-04T23:45:00,5.104,-,-
2022-08-04T23:30:00,5.102,-,-
2022-08-04T23:15:00,5.100,-,-
2022-08-04T23:00:00,5.100,-,-
2022-08-04T22:45:00,5.097,-,-
2022-08-04T22:30:00,5.101,-,-
2022-08-04T22:15:00,5.100,-,-
2022-08-04T22:00:00,5.098,-,-
2022-08-04T21:45:00,5.097,-,-
2022-08-04T21:30:00,5.099,-,-
2022-08-04T21:15:00,5.101,-,-
2022-08-04T21:00:00,5.101,-,-
2022-08-04T20:45:00,5.106,-,-
2022-08-04T20:30:00,5.106,-,-
2022-08-04T20:15:00,5.111,-,-
2022-08-04T20:00:00,5.117,-,-
2022-08-04T19:45:00,5.122,-,-
2022-08-04T19:30:00,5.122,-,-
2022-08-04T19:15:00,5.132,-,-
2022-08-04T19:00:00,5.132,-,-
2022-08-04T18:45:00,5.137,-,-
2022-08-04T18:30:00,5.146,-,-
2022-08-04T18:15:00,5.150,-,-
2022-08-04T18:00:00,5.156,-,-
2022-08-04T17:45:00,5.166,-,-
2022-08-04T17:30:00,5.170,-,-
2022-08-04T17:15:00,5.174,-,-
2022-08-04T17:00:00,5.183,-,-
2022-08-04T16:45:00,5.188,-,-
2022-08-04T16:30:00,5.194,-,-
2022-08-04T16:15:00,5.200,-,-
2022-08-04T16:00:00,5.212,-,-
2022-08-04T15:45:00,5.221,-,-
2022-08-04T15:30:00,5.225,-,-
2022-08-04T15:15:00,5.235,-,-
2022-08-04T15:00:00,5.246,-,-
2022-08-04T14:45:00,5.250,-,-
2022-08-04T14:30:00,5.259,-,-
2022-08-04T14:15:00,5.266,-,-
2022-08-04T14:00:00,5.271,-,-
2022-08-04T13:45:00,5.276,-,-
2022-08-04T13:30:00,5.285,-,-
2022-08-04T13:15:00,5.288,-,-
2022-08-04T13:00:00,5.296,-,-
2022-08-04T12:45:00,5.305,-,-
2022-08-04T12:30:00,5.312,-,-
2022-08-04T12:15:00,5.319,-,-
2022-08-04T12:00:00,5.327,-,-
2022-08-04T11:45:00,5.333,-,-
2022-08-04T11:30:00,5.337,-,-
2022-08-04T11:15:00,5.348,-,-
2022-08-04T11:00:00,5.358,-,-
2022-08-04T10:45:00,5.361,-,-
2022-08-04T10:30:00,5.367,-,-
2022-08-04T10:15:00,5.376,-,-
2022-08-04T10:00:00,5.383,-,-
2022-08-04T09:45:00,5.388,-,-
2022-08-04T09:30:00,5.395,-,-
2022-08-04T09:15:00,5.402,-,-
2022-08-04T09:00:00,5.406,-,-
2022-08-04T08:45:00,5.416,-,-
2022-08-04T08:30:00,5.414,-,-
2022-08-04T08:15:00,5.413,-,-
2022-08-04T08:00:00,5.416,-,-
2022-08-04T07:45:00,5.417,-,-
2022-08-04T07:30:00,5.410,-,-
2022-08-04T07:15:00,5.409,-,-
2022-08-04T07:00:00,5.404,-,-
2022-08-04T06:45:00,5.393,-,-
2022-08-04T06:30:00,5.381,-,-
2022-08-04T06:15:00,5.361,-,-
2022-08-04T06:00:00,5.350,-,-
2022-08-04T05:45:00,5.333,-,-
2022-08-04T05:30:00,5.308,-,-
2022-08-04T05:15:00,5.293,-,-
2022-08-04T05:00:00,5.273,-,-
2022-08-04T04:45:00,5.252,-,-
2022-08-04T04:30:00,5.227,-,-
2022-08-04T04:15:00,5.201,-,-
2022-08-04T04:00:00,5.172,-,-
2022-08-04T03:45:00,5.136,-,-
2022-08-04T03:30:00,5.095,-,-
2022-08-04T03:15:00,5.058,-,-
2022-08-04T03:00:00,5.021,-,-
2022-08-04T02:45:00,4.996,-,-
2022-08-04T02:30:00,4.974,-,-
2022-08-04T02:15:00,4.960,-,-
2022-08-04T02:00:00,4.958,-,-
2022-08-04T01:45:00,4.954,-,-
2022-08-04T01:30:00,4.955,-,-
2022-08-04T01:15:00,4.958,-,-
2022-08-04T01:00:00,4.959,-,-
2022-08-04T00:45:00,4.959,-,-
2022-08-04T00:30:00,4.961,-,-
2022-08-04T00:15:00,4.962,-,-
2022-08-04T00:00:00,4.964,-,-
2022-08-03T23:45:00,4.966,-,-
2022-08-03T23:30:00,4.969,-,-
2022-08-03T23:15:00,4.973,-,-
2022-08-03T23:00:00,4.979,-,-
2022-08-03T22:45:00,4.984,-,-
2022-08-03T22:30:00,4.993,-,-
2022-08-03T22:15:00,5.001,-,-
2022-08-03T22:00:00,5.004,-,-
2022-08-03T21:45:00,5.011,-,-
2022-08-03T21:30:00,5.019,-,-
2022-08-03T21:15:00,5.026,-,-
2022-08-03T21:00:00,5.032,-,-
2022-08-03T20:45:00,5.040,-,-
2022-08-03T20:30:00,5.047,-,-
2022-08-03T20:15:00,5.053,-,-
2022-08-03T20:00:00,5.059,-,-
2022-08-03T19:45:00,5.067,-,-
2022-08-03T19:30:00,5.079,-,-
2022-08-03T19:15:00,5.085,-,-
2022-08-03T19:00:00,5.096,-,-
2022-08-03T18:45:00,5.102,-,-
2022-08-03T18:30:00,5.110,-,-
2022-08-03T18:15:00,5.125,-,-
2022-08-03T18:00:00,5.136,-,-
2022-08-03T17:45:00,5.146,-,-
2022-08-03T17:30:00,5.158,-,-
2022-08-03T17:15:00,5.167,-,-
2022-08-03T17:00:00,5.181,-,-
2022-08-03T16:45:00,5.191,-,-
2022-08-03T16:30:00,5.203,-,-
2022-08-03T16:15:00,5.214,-,-
2022-08-03T16:00:00,5.224,-,-
2022-08-03T15:45:00,5.236,-,-
2022-08-03T15:30:00,5.254,-,-
2022-08-03T15:15:00,5.263,-,-
2022-08-03T15:00:00,5.278,-,-
2022-08-03T14:45:00,5.288,-,-
2022-08-03T14:30:00,5.308,-,-
2022-08-03T14:15:00,5.320,-,-
2022-08-03T14:00:00,5.341,-,-
2022-08-03T13:45:00,5.356,-,-
2022-08-03T13:30:00,5.366,-,-
2022-08-03T13:15:00,5.383,-,-
2022-08-03T13:00:00,5.401,-,-
2022-08-03T12:45:00,5.416,-,-
2022-08-03T12:30:00,5.432,-,-
2022-08-03T12:15:00,5.450,-,-
2022-08-03T12:00:00,5.470,-,-
2022-08-03T11:45:00,5.490,-,-
2022-08-03T11:30:00,5.507,-,-
2022-08-03T11:15:00,5.529,-,-
2022-08-03T11:00:00,5.545,-,-
2022-08-03T10:45:00,5.566,-,-
2022-08-03T10:30:00,5.586,-,-
2022-08-03T10:15:00,5.605,-,-
2022-08-03T10:00:00,5.628,-,-
2022-08-03T09:45:00,5.650,-,-
2022-08-03T09:30:00,5.675,-,-
2022-08-03T09:15:00,5.694,-,-
2022-08-03T09:00:00,5.718,-,-
2022-08-03T08:45:00,5.740,-,-
2022-08-03T08:30:00,5.768,-,-
2022-08-03T08:15:00,5.789,-,-
2022-08-03T08:00:00,5.812,-,-
2022-08-03T07:45:00,5.831,-,-
2022-08-03T07:30:00,5.853,-,-
2022-08-03T07:15:00,5.871,-,-
2022-08-03T07:00:00,5.885,-,-
2022-08-03T06:45:00,5.895,-,-
2022-08-03T06:30:00,5.900,-,-
2022-08-03T06:15:00,5.906,-,-
2022-08-03T06:00:00,5.911,-,-
2022-08-03T05:45:00,5.913,-,-
2022-08-03T05:30:00,5.910,-,-
2022-08-03T05:15:00,5.904,-,-
2022-08-03T05:00:00,5.904,-,-
2022-08-03T04:45:00,5.899,-,-
2022-08-03T04:30:00,5.894,-,-
2022-08-03T04:15:00,5.880,-,-
2022-08-03T04:00:00,5.866,-,-
2022-08-03T03:45:00,5.851,-,-
2022-08-03T03:30:00,5.832,-,-
2022-08-03T03:15:00,5.809,-,-
2022-08-03T03:00:00,5.785,-,-
2022-08-03T02:45:00,5.752,-,-
2022-08-03T02:30:00,5.725,-,-
2022-08-03T02:15:00,5.686,-,-
2022-08-03T02:00:00,5.651,-,-
2022-08-03T01:45:00,5.609,-,-
2022-08-03T01:30:00,5.579,-,-
2022-08-03T01:15:00,5.539,-,-
2022-08-03T01:00:00,5.495,-,-
2022-08-03T00:45:00,5.450,-,-
2022-08-03T00:30:00,5.398,-,-
2022-08-03T00:15:00,5.355,-,-
2022-08-03T00:00:00,5.314,-,-
2022-08-02T23:45:00,5.283,-,-
2022-08-02T23:30:00,5.254,-,-
2022-08-02T23:15:00,5.230,-,-
2022-08-02T23:00:00,5.209,-,-
2022-08-02T22:45:00,5.188,-,-
2022-08-02T22:30:00,5.175,-,-
2022-08-02T22:15:00,5.164,-,-
2022-08-02T22:00:00,5.150,-,-
2022-08-02T21:45:00,5.146,-,-
2022-08-02T21:30:00,5.141,-,-
2022-08-02T21:15:00,5.129,-,-
2022-08-02T21:00:00,5.131,-,-
2022-08-02T20:45:00,5.127,-,-
2022-08-02T20:30:00,5.131,-,-
2022-08-02T20:15:00,5.137,-,-
2022-08-02T20:00:00,5.129,-,-
2022-08-02T19:45:00,5.139,-,-
2022-08-02T19:30:00,5.136,-,-
2022-08-02T19:15:00,5.132,-,-
2022-08-02T19:00:00,5.132,-,-
2022-08-02T18:45:00,5.130,-,-
2022-08-02T18:30:00,5.115,-,-
2022-08-02T18:15:00,5.100,-,-
2022-08-02T18:00:00,5.074,-,-
2022-08-02T17:45:00,5.039,-,-
2022-08-02T17:30:00,4.991,-,-
2022-08-02T17:15:00,4.924,-,-
2022-08-02T17:00:00,4.851,-,-
2022-08-02T16:45:00,4.768,-,-
2022-08-02T16:30:00,4.688,-,-
2022-08-02T16:15:00,4.625,-,-
2022-08-02T16:00:00,4.590,-,-
2022-08-02T15:45:00,4.578,-,-
2022-08-02T15:30:00,4.574,-,-
2022-08-02T15:15:00,4.575,-,-
2022-08-02T15:00:00,4.575,-,-
2022-08-02T14:45:00,4.574,-,-
2022-08-02T14:30:00,4.573,-,-
2022-08-02T14:15:00,4.573,-,-
2022-08-02T14:00:00,4.572,-,-
2022-08-02T13:45:00,4.572,-,-
2022-08-02T13:30:00,4.573,-,-
2022-08-02T13:15:00,4.572,-,-
2022-08-02T13:00:00,4.570,-,-
2022-08-02T12:45:00,4.569,-,-
2022-08-02T12:30:00,4.568,-,-
2022-08-02T12:15:00,4.571,-,-
2022-08-02T12:00:00,4.573,-,-
2022-08-02T11:45:00,4.574,-,-
2022-08-02T11:30:00,4.578,-,-
2022-08-02T11:15:00,4.582,-,-
2022-08-02T11:00:00,4.585,-,-
2022-08-02T10:45:00,4.589,-,-
2022-08-02T10:30:00,4.593,-,-
2022-08-02T10:15:00,4.597,-,-
2022-08-02T10:00:00,4.602,-,-
2022-08-02T09:45:00,4.606,-,-
2022-08-02T09:30:00,4.611,-,-
2022-08-02T09:15:00,4.616,-,-
2022-08-02T09:00:00,4.620,-,-
2022-08-02T08:45:00,4.625,-,-
2022-08-02T08:30:00,4.629,-,-
2022-08-02T08:15:00,4.634,-,-
2022-08-02T08:00:00,4.641,-,-
2022-08-02T07:45:00,4.645,-,-
2022-08-02T07:30:00,4.650,-,-
2022-08-02T07:15:00,4.655,-,-
2022-08-02T07:00:00,4.661,-,-
2022-08-02T06:45:00,4.665,-,-
2022-08-02T06:30:00,4.669,-,-
2022-08-02T06:15:00,4.672,-,-
2022-08-02T06:00:00,4.673,-,-
2022-08-02T05:45:00,4.676,-,-
2022-08-02T05:30:00,4.678,-,-
2022-08-02T05:15:00,4.681,-,-
2022-08-02T05:00:00,4.683,-,-
2022-08-02T04:45:00,4.685,-,-
2022-08-02T04:30:00,4.688,-,-
2022-08-02T04:15:00,4.691,-,-
2022-08-02T04:00:00,4.695,-,-
2022-08-02T03:45:00,4.697,-,-
2022-08-02T03:30:00,4.702,-,-
2022-08-02T03:15:00,4.703,-,-
2022-08-02T03:00:00,4.706,-,-
2022-08-02T02:45:00,4.709,-,-
2022-08-02T02:30:00,4.712,-,-
2022-08-02T02:15:00,4.715,-,-
2022-08-02T02:00:00,4.717,-,-
2022-08-02T01:45:00,4.721,-,-
2022-08-02T01:30:00,4.722,-,-
2022-08-02T01:15:00,4.725,-,-
2022-08-02T01:00:00,4.725,-,-
2022-08-02T00:45:00,4.728,-,-
2022-08-02T00:30:00,4.729,-,-
2022-08-02T00:15:00,4.730,-,-
2022-08-02T00:00:00,4.732,-,-
2022-08-01T23:45:00,4.732,-,-
2022-08-01T23:30:00,4.733,-,-
2022-08-01T23:15:00,4.735,-,-
2022-08-01T23:00:00,4.735,-,-
2022-08-01T22:45:00,4.736,-,-
2022-08-01T22:30:00,4.737,-,-
2022-08-01T22:15:00,4.737,-,-
2022-08-01T22:00:00,4.738,-,-
2022-08-01T21:45:00,4.739,-,-
2022-08-01T21:30:00,4.738,-,-
2022-08-01T21:15:00,4.736,-,-
2022-08-01T21:00:00,4.735,-,-
2022-08-01T20:45:00,4.730,-,-
2022-08-01T20:30:00,4.728,-,-
2022-08-01T20:15:00,4.718,-,-
2022-08-01T20:00:00,4.711,-,-
2022-08-01T19:45:00,4.696,-,-
2022-08-01T19:30:00,4.684,-,-
2022-08-01T19:15:00,4.672,-,-
2022-08-01T19:00:00,4.661,-,-
2022-08-01T18:45:00,4.653,-,-
2022-08-01T18:30:00,4.650,-,-
2022-08-01T18:15:00,4.649,-,-
2022-08-01T18:00:00,4.649,-,-
2022-08-01T17:45:00,4.647,-,-
2022-08-01T17:30:00,4.647,-,-
2022-08-01T17:15:00,4.646,-,-
2022-08-01T17:00:00,4.646,-,-
2022-08-01T16:45:00,4.645,-,-
2022-08-01T16:30:00,4.643,-,-
2022-08-01T16:15:00,4.643,-,-
2022-08-01T16:00:00,4.643,-,-
2022-08-01T15:45:00,4.645,-,-
2022-08-01T15:30:00,4.645,-,-
2022-08-01T15:15:00,4.645,-,-
2022-08-01T15:00:00,4.644,-,-
2022-08-01T14:45:00,4.645,-,-
2022-08-01T14:30:00,4.644,-,-
2022-08-01T14:15:00,4.644,-,-
2022-08-01T14:00:00,4.642,-,-
2022-08-01T13:45:00,4.641,-,-
2022-08-01T13:30:00,4.639,-,-
2022-08-01T13:15:00,4.641,-,-
2022-08-01T13:00:00,4.640,-,-
2022-08-01T12:45:00,4.640,-,-
2022-08-01T12:30:00,4.641,-,-
2022-08-01T12:15:00,4.639,-,-
2022-08-01T12:00:00,4.640,-,-
2022-08-01T11:45:00,4.639,-,-
2022-08-01T11:30:00,4.639,-,-
2022-08-01T11:15:00,4.639,-,-
2022-08-01T11:00:00,4.639,-,-
2022-08-01T10:45:00,4.638,-,-
2022-08-01T10:30:00,4.639,-,-
2022-08-01T10:15:00,4.638,-,-
2022-08-01T10:00:00,4.639,-,-
2022-08-01T09:45:00,4.637,-,-
2022-08-01T09:30:00,4.638,-,-
2022-08-01T09:15:00,4.637,-,-
2022-08-01T09:00:00,4.637,-,-
2022-08-01T08:45:00,4.638,-,-
2022-08-01T08:30:00,4.638,-,-
2022-08-01T08:15:00,4.639,-,-
2022-08-01T08:00:00,4.639,-,-
2022-08-01T07:45:00,4.641,-,-
2022-08-01T07:30:00,4.639,-,-
2022-08-01T07:15:00,4.639,-,-
2022-08-01T07:00:00,4.639,-,-
2022-08-01T06:45:00,4.643,-,-
2022-08-01T06:30:00,4.648,-,-
2022-08-01T06:15:00,4.649,-,-
2022-08-01T06:00:00,4.653,-,-
2022-08-01T05:45:00,4.656,-,-
2022-08-01T05:30:00,4.660,-,-
2022-08-01T05:15:00,4.662,-,-
2022-08-01T05:00:00,4.667,-,-
2022-08-01T04:45:00,4.672,-,-
2022-08-01T04:30:00,4.674,-,-
2022-08-01T04:15:00,4.679,-,-
2022-08-01T04:00:00,4.681,-,-
2022-08-01T03:45:00,4.683,-,-
2022-08-01T03:30:00,4.687,-,-
2022-08-01T03:15:00,4.688,-,-
2022-08-01T03:00:00,4.692,-,-
2022-08-01T02:45:00,4.697,-,-
2022-08-01T02:30:00,4.699,-,-
2022-08-01T02:15:00,4.706,-,-
2022-08-01T02:00:00,4.713,-,-
2022-08-01T01:45:00,4.719,-,-
2022-08-01T01:30:00,4.727,-,-
2022-08-01T01:15:00,4.735,-,-
2022-08-01T01:00:00,4.743,-,-
2022-08-01T00:45:00,4.752,-,-
2022-08-01T00:30:00,4.760,-,-
2022-08-01T00:15:00,4.767,-,-
2022-08-01T00:00:00,4.777,-,-
2022-07-31T23:45:00,4.787,-,-
2022-07-31T23:30:00,4.796,-,-
2022-07-31T23:15:00,4.806,-,-
2022-07-31T23:00:00,4.817,-,-
2022-07-31T22:45:00,4.828,-,-
2022-07-31T22:30:00,4.839,-,-
2022-07-31T22:15:00,4.851,-,-
2022-07-31T22:00:00,4.864,-,-
2022-07-31T21:45:00,4.878,-,-
2022-07-31T21:30:00,4.891,-,-
2022-07-31T21:15:00,4.907,-,-
2022-07-31T21:00:00,4.921,-,-
2022-07-31T20:45:00,4.935,-,-
2022-07-31T20:30:00,4.955,-,-
2022-07-31T20:15:00,4.969,-,-
2022-07-31T20:00:00,4.982,-,-
2022-07-31T19:45:00,4.996,-,-
2022-07-31T19:30:00,5.000,-,-
2022-07-31T19:15:00,4.997,-,-
2022-07-31T19:00:00,4.998,-,-
2022-07-31T18:45:00,4.992,-,-
2022-07-31T18:30:00,4.989,-,-
2022-07-31T18:15:00,4.981,-,-
2022-07-31T18:00:00,4.970,-,-
2022-07-31T17:45:00,4.964,-,-
2022-07-31T17:30:00,4.950,-,-
2022-07-31T17:15:00,4.934,-,-
2022-07-31T17:00:00,4.926,-,-
2022-07-31T16:45:00,4.915,-,-
2022-07-31T16:30:00,4.913,-,-
2022-07-31T16:15:00,4.911,-,-
2022-07-31T16:00:00,4.910,-,-
2022-07-31T15:45:00,4.908,-,-
2022-07-31T15:30:00,4.905,-,-
2022-07-31T15:15:00,4.905,-,-
2022-07-31T15:00:00,4.900,-,-
2022-07-31T14:45:00,4.900,-,-
2022-07-31T14:30:00,4.897,-,-
2022-07-31T14:15:00,4.889,-,-
2022-07-31T14:00:00,4.883,-,-
2022-07-31T13:45:00,4.875,-,-
2022-07-31T13:30:00,4.862,-,-
2022-07-31T13:15:00,4.847,-,-
2022-07-31T13:00:00,4.827,-,-
2022-07-31T12:45:00,4.800,-,-
2022-07-31T12:30:00,4.775,-,-
2022-07-31T12:15:00,4.745,-,-
2022-07-31T12:00:00,4.716,-,-
2022-07-31T11:45:00,4.692,-,-
2022-07-31T11:30:00,4.676,-,-
2022-07-31T11:15:00,4.666,-,-
2022-07-31T11:00:00,4.659,-,-
2022-07-31T10:45:00,4.653,-,-
2022-07-31T10:30:00,4.647,-,-
2022-07-31T10:15:00,4.640,-,-
2022-07-31T10:00:00,4.630,-,-
2022-07-31T09:45:00,4.620,-,-
2022-07-31T09:30:00,4.607,-,-
2022-07-31T09:15:00,4.592,-,-
2022-07-31T09:00:00,4.576,-,-
2022-07-31T08:45:00,4.559,-,-
2022-07-31T08:30:00,4.547,-,-
2022-07-31T08:15:00,4.536,-,-
2022-07-31T08:00:00,4.528,-,-
2022-07-31T07:45:00,4.523,-,-
2022-07-31T07:30:00,4.518,-,-
2022-07-31T07:15:00,4.513,-,-
2022-07-31T07:00:00,4.510,-,-
2022-07-31T06:45:00,4.509,-,-
2022-07-31T06:30:00,4.503,-,-
2022-07-31T06:15:00,4.494,-,-
2022-07-31T06:00:00,4.490,-,-
2022-07-31T05:45:00,4.473,-,-
2022-07-31T05:30:00,4.470,-,-
2022-07-31T05:15:00,4.471,-,-
2022-07-31T05:00:00,4.472,-,-
2022-07-31T04:45:00,4.473,-,-
2022-07-31T04:30:00,4.475,-,-
2022-07-31T04:15:00,4.476,-,-
2022-07-31T04:00:00,4.477,-,-
2022-07-31T03:45:00,4.478,-,-
2022-07-31T03:30:00,4.480,-,-
2022-07-31T03:15:00,4.481,-,-
2022-07-31T03:00:00,4.483,-,-
2022-07-31T02:45:00,4.485,-,-
2022-07-31T02:30:00,4.485,-,-
2022-07-31T02:15:00,4.487,-,-
2022-07-31T02:00:00,4.488,-,-
2022-07-31T01:45:00,4.489,-,-
2022-07-31T01:30:00,4.491,-,-
2022-07-31T01:15:00,4.493,-,-
2022-07-31T01:00:00,4.494,-,-
2022-07-31T00:45:00,4.496,-,-
2022-07-31T00:30:00,4.497,-,-
2022-07-31T00:15:00,4.499,-,-
2022-07-31T00:00:00,4.502,-,-
2022-07-30T23:45:00,4.503,-,-
2022-07-30T23:30:00,4.506,-,-
2022-07-30T23:15:00,4.508,-,-
2022-07-30T23:00:00,4.511,-,-
2022-07-30T22:45:00,4.515,-,-
2022-07-30T22:30:00,4.520,-,-
2022-07-30T22:15:00,4.526,-,-
2022-07-30T22:00:00,4.534,-,-
2022-07-30T21:45:00,4.543,-,-
2022-07-30T21:30:00,4.554,-,-
2022-07-30T21:15:00,4.569,-,-
2022-07-30T21:00:00,4.585,-,-
2022-07-30T20:45:00,4.605,-,-
2022-07-30T20:30:00,4.629,-,-
2022-07-30T20:15:00,4.651,-,-
2022-07-30T20:00:00,4.668,-,-
2022-07-30T19:45:00,4.682,-,-
2022-07-30T19:30:00,4.694,-,-
2022-07-30T19:15:00,4.697,-,-
2022-07-30T19:00:00,4.699,-,-
2022-07-30T18:45:00,4.697,-,-
2022-07-30T18:30:00,4.695,-,-
2022-07-30T18:15:00,4.694,-,-
2022-07-30T18:00:00,4.690,-,-
2022-07-30T17:45:00,4.688,-,-
2022-07-30T17:30:00,4.685,-,-
2022-07-30T17:15:00,4.682,-,-
2022-07-30T17:00:00,4.682,-,-
2022-07-30T16:45:00,4.677,-,-
2022-07-30T16:30:00,4.675,-,-
2022-07-30T16:15:00,4.676,-,-
2022-07-30T16:00:00,4.674,-,-
2022-07-30T15:45:00,4.672,-,-
2022-07-30T15:30:00,4.669,-,-
2022-07-30T15:15:00,4.668,-,-
2022-07-30T15:00:00,4.665,-,-
2022-07-30T14:45:00,4.661,-,-
2022-07-30T14:30:00,4.658,-,-
2022-07-30T14:15:00,4.651,-,-
2022-07-30T14:00:00,4.645,-,-
2022-07-30T13:45:00,4.633,-,-
2022-07-30T13:30:00,4.620,-,-
2022-07-30T13:15:00,4.603,-,-
2022-07-30T13:00:00,4.581,-,-
2022-07-30T12:45:00,4.555,-,-
2022-07-30T12:30:00,4.526,-,-
2022-07-30T12:15:00,4.492,-,-
2022-07-30T12:00:00,4.462,-,-
2022-07-30T11:45:00,4.440,-,-
2022-07-30T11:30:00,4.430,-,-
2022-07-30T11:15:00,4.426,-,-
2022-07-30T11:00:00,4.426,-,-
2022-07-30T10:45:00,4.427,-,-
2022-07-30T10:30:00,4.427,-,-
2022-07-30T10:15:00,4.427,-,-
2022-07-30T10:00:00,4.429,-,-
2022-07-30T09:45:00,4.429,-,-
2022-07-30T09:30:00,4.431,-,-
2022-07-30T09:15:00,4.431,-,-
2022-07-30T09:00:00,4.432,-,-
2022-07-30T08:45:00,4.435,-,-
2022-07-30T08:30:00,4.435,-,-
2022-07-30T08:15:00,4.436,-,-
2022-07-30T08:00:00,4.441,-,-
2022-07-30T07:45:00,4.444,-,-
2022-07-30T07:30:00,4.445,-,-
2022-07-30T07:15:00,4.448,-,-
2022-07-30T07:00:00,4.451,-,-
2022-07-30T06:45:00,4.452,-,-
2022-07-30T06:30:00,4.454,-,-
2022-07-30T06:15:00,4.457,-,-
2022-07-30T06:00:00,4.461,-,-
2022-07-30T05:45:00,4.463,-,-
2022-07-30T05:30:00,4.466,-,-
2022-07-30T05:15:00,4.469,-,-
2022-07-30T05:00:00,4.473,-,-
2022-07-30T04:45:00,4.476,-,-
2022-07-30T04:30:00,4.480,-,-
2022-07-30T04:15:00,4.485,-,-
2022-07-30T04:00:00,4.490,-,-
2022-07-30T03:45:00,4.495,-,-
2022-07-30T03:30:00,4.499,-,-
2022-07-30T03:15:00,4.504,-,-
2022-07-30T03:00:00,4.511,-,-
2022-07-30T02:45:00,4.516,-,-
2022-07-30T02:30:00,4.520,-,-
2022-07-30T02:15:00,4.524,-,-
2022-07-30T02:00:00,4.525,-,-
2022-07-30T01:45:00,4.525,-,-
2022-07-30T01:30:00,4.522,-,-
2022-07-30T01:15:00,4.518,-,-
2022-07-30T01:00:00,4.514,-,-
2022-07-30T00:45:00,4.510,-,-
2022-07-30T00:30:00,4.508,-,-
2022-07-30T00:15:00,4.508,-,-
2022-07-30T00:00:00,4.509,-,-
2022-08-12T23:45:00,6.125,-,-
2022-08-12T23:30:00,6.118,-,-
2022-08-12T23:15:00,6.108,-,-
2022-08-12T23:00:00,6.110,-,-
2022-08-12T22:45:00,6.098,-,-
2022-08-12T22:30:00,6.092,-,-
2022-08-12T22:15:00,6.086,-,-
2022-08-12T22:00:00,6.088,-,-
2022-08-12T21:45:00,6.076,-,-
2022-08-12T21:30:00,6.070,-,-
2022-08-12T21:15:00,6.067,-,-
2022-08-12T21:00:00,6.058,-,-
2022-08-12T20:45:00,6.055,-,-
2022-08-12T20:30:00,6.043,-,-
2022-08-12T20:15:00,6.028,-,-
2022-08-12T20:00:00,6.014,-,-
2022-08-12T19:45:00,5.994,-,-
2022-08-12T19:30:00,5.967,-,-
2022-08-12T19:15:00,5.946,-,-
2022-08-12T19:00:00,5.913,-,-
2022-08-12T18:45:00,5.892,-,-
2022-08-12T18:30:00,5.871,-,-
2022-08-12T18:15:00,5.856,-,-
2022-08-12T18:00:00,5.845,-,-
2022-08-12T17:45:00,5.821,-,-
2022-08-12T17:30:00,5.819,-,-
2022-08-12T17:15:00,5.801,-,-
2022-08-12T17:00:00,5.782,-,-
2022-08-12T16:45:00,5.765,-,-
2022-08-12T16:30:00,5.759,-,-
2022-08-12T16:15:00,5.744,-,-
2022-08-12T16:00:00,5.739,-,-
2022-08-12T15:45:00,5.727,-,-
2022-08-12T15:30:00,5.716,-,-
2022-08-12T15:15:00,5.710,-,-
2022-08-12T15:00:00,5.711,-,-
2022-08-12T14:45:00,5.707,-,-
2022-08-12T14:30:00,5.707,-,-
2022-08-12T14:15:00,5.711,-,-
2022-08-12T14:00:00,5.712,-,-
2022-08-12T13:45:00,5.710,-,-
2022-08-12T13:30:00,5.711,-,-
2022-08-12T13:15:00,5.714,-,-
2022-08-12T13:00:00,5.717,-,-
2022-08-12T12:45:00,5.721,-,-
2022-08-12T12:30:00,5.720,-,-
2022-08-12T12:15:00,5.731,-,-
2022-08-12T12:00:00,5.733,-,-
2022-08-12T11:45:00,5.736,-,-
2022-08-12T11:30:00,5.739,-,-
2022-08-12T11:15:00,5.741,-,-
2022-08-12T11:00:00,5.739,-,-
2022-08-12T10:45:00,5.741,-,-
2022-08-12T10:30:00,5.736,-,-
2022-08-12T10:15:00,5.732,-,-
2022-08-12T10:00:00,5.724,-,-
2022-08-12T09:45:00,5.718,-,-
2022-08-12T09:30:00,5.713,-,-
2022-08-12T09:15:00,5.704,-,-
2022-08-12T09:00:00,5.699,-,-
2022-08-12T08:45:00,5.704,-,-
2022-08-12T08:30:00,5.702,-,-
2022-08-12T08:15:00,5.711,-,-
2022-08-12T08:00:00,5.713,-,-
2022-08-12T07:45:00,5.727,-,-
2022-08-12T07:30:00,5.736,-,-
2022-08-12T07:15:00,5.743,-,-
2022-08-12T07:00:00,5.743,-,-
2022-08-12T06:45:00,5.753,-,-
2022-08-12T06:30:00,5.757,-,-
2022-08-12T06:15:00,5.761,-,-
2022-08-12T06:00:00,5.763,-,-
2022-08-12T05:45:00,5.761,-,-
2022-08-12T05:30:00,5.765,-,-
2022-08-12T05:15:00,5.757,-,-
2022-08-12T05:00:00,5.749,-,-
2022-08-12T04:45:00,5.726,-,-
2022-08-12T04:30:00,5.710,-,-
2022-08-12T04:15:00,5.675,-,-
2022-08-12T04:00:00,5.627,-,-
2022-08-12T03:45:00,5.566,-,-
2022-08-12T03:30:00,5.493,-,-
2022-08-12T03:15:00,5.410,-,-
2022-08-12T03:00:00,5.328,-,-
2022-08-12T02:45:00,5.264,-,-
2022-08-12T02:30:00,5.216,-,-
2022-08-12T02:15:00,5.186,-,-
2022-08-12T02:00:00,5.173,-,-
2022-08-12T01:45:00,5.172,-,-
2022-08-12T01:30:00,5.166,-,-
2022-08-12T01:15:00,5.171,-,-
2022-08-12T01:00:00,5.172,-,-
2022-08-12T00:45:00,5.171,-,-
2022-08-12T00:30:00,5.169,-,-
2022-08-12T00:15:00,5.171,-,-
2022-08-12T00:00:00,5.167,-,-
2022-08-11T23:45:00,5.169,-,-
2022-08-11T23:30:00,5.171,-,-
2022-08-11T23:15:00,5.167,-,-
2022-08-11T23:00:00,5.167,-,-
2022-08-11T22:45:00,5.163,-,-
2022-08-11T22:30:00,5.162,-,-
2022-08-11T22:15:00,5.160,-,-
2022-08-11T22:00:00,5.160,-,-
2022-08-11T21:45:00,5.163,-,-
2022-08-11T21:30:00,5.164,-,-
2022-08-11T21:15:00,5.169,-,-
2022-08-11T21:00:00,5.175,-,-
2022-08-11T20:45:00,5.179,-,-
2022-08-11T20:30:00,5.183,-,-
2022-08-11T20:15:00,5.189,-,-
2022-08-11T20:00:00,5.192,-,-
2022-08-11T19:45:00,5.195,-,-
2022-08-11T19:30:00,5.201,-,-
2022-08-11T19:15:00,5.203,-,-
2022-08-11T19:00:00,5.212,-,-
2022-08-11T18:45:00,5.215,-,-
2022-08-11T18:30:00,5.218,-,-
2022-08-11T18:15:00,5.227,-,-
2022-08-11T18:00:00,5.229,-,-
2022-08-11T17:45:00,5.235,-,-
2022-08-11T17:30:00,5.238,-,-
2022-08-11T17:15:00,5.247,-,-
2022-08-11T17:00:00,5.249,-,-
2022-08-11T16:45:00,5.258,-,-
2022-08-11T16:30:00,5.263,-,-
2022-08-11T16:15:00,5.266,-,-
2022-08-11T16:00:00,5.277,-,-
2022-08-11T15:45:00,5.282,-,-
2022-08-11T15:30:00,5.289,-,-
2022-08-11T15:15:00,5.297,-,-
2022-08-11T15:00:00,5.297,-,-
2022-08-11T14:45:00,5.304,-,-
2022-08-11T14:30:00,5.312,-,-
2022-08-11T14:15:00,5.319,-,-
2022-08-11T14:00:00,5.322,-,-
2022-08-11T13:45:00,5.330,-,-
2022-08-11T13:30:00,5.333,-,-
2022-08-11T13:15:00,5.338,-,-
2022-08-11T13:00:00,5.338,-,-
2022-08-11T12:45:00,5.343,-,-
2022-08-11T12:30:00,5.346,-,-
2022-08-11T12:15:00,5.347,-,-
2022-08-11T12:00:00,5.349,-,-
2022-08-11T11:45:00,5.351,-,-
2022-08-11T11:30:00,5.355,-,-
2022-08-11T11:15:00,5.362,-,-
2022-08-11T11:00:00,5.367,-,-
2022-08-11T10:45:00,5.368,-,-
2022-08-11T10:30:00,5.372,-,-
2022-08-11T10:15:00,5.377,-,-
2022-08-11T10:00:00,5.385,-,-
2022-08-11T09:45:00,5.387,-,-
2022-08-11T09:30:00,5.393,-,-
2022-08-11T09:15:00,5.406,-,-
2022-08-11T09:00:00,5.409,-,-
2022-08-11T08:45:00,5.421,-,-
2022-08-11T08:30:00,5.427,-,-
2022-08-11T08:15:00,5.441,-,-
2022-08-11T08:00:00,5.456,-,-
2022-08-11T07:45:00,5.462,-,-
2022-08-11T07:30:00,5.476,-,-
2022-08-11T07:15:00,5.488,-,-
2022-08-11T07:00:00,5.506,-,-
2022-08-11T06:45:00,5.511,-,-
2022-08-11T06:30:00,5.515,-,-
2022-08-11T06:15:00,5.525,-,-
2022-08-11T06:00:00,5.523,-,-
2022-08-11T05:45:00,5.529,-,-
2022-08-11T05:30:00,5.524,-,-
2022-08-11T05:15:00,5.521,-,-
2022-08-11T05:00:00,5.525,-,-
2022-08-11T04:45:00,5.514,-,-
2022-08-11T04:30:00,5.509,-,-
2022-08-11T04:15:00,5.496,-,-
2022-08-11T04:00:00,5.481,-,-
2022-08-11T03:45:00,5.469,-,-
2022-08-11T03:30:00,5.458,-,-
2022-08-11T03:15:00,5.444,-,-
2022-08-11T03:00:00,5.439,-,-
2022-08-11T02:45:00,5.427,-,-
2022-08-11T02:30:00,5.417,-,-
2022-08-11T02:15:00,5.415,-,-
2022-08-11T02:00:00,5.415,-,-
2022-08-11T01:45:00,5.414,-,-
2022-08-11T01:30:00,5.416,-,-
2022-08-11T01:15:00,5.423,-,-
2022-08-11T01:00:00,5.422,-,-
2022-08-11T00:45:00,5.428,-,-
2022-08-11T00:30:00,5.440,-,-
2022-08-11T00:15:00,5.450,-,-
2022-08-11T00:00:00,5.455,-,-
2022-08-10T23:45:00,5.461,-,-
2022-08-10T23:30:00,5.471,-,-
2022-08-10T23:15:00,5.482,-,-
2022-08-10T23:00:00,5.489,-,-
2022-08-10T22:45:00,5.499,-,-
2022-08-10T22:30:00,5.504,-,-
2022-08-10T22:15:00,5.515,-,-
2022-08-10T22:00:00,5.524,-,-
2022-08-10T21:45:00,5.530,-,-
2022-08-10T21:30:00,5.536,-,-
2022-08-10T21:15:00,5.542,-,-
2022-08-10T21:00:00,5.552,-,-
2022-08-10T20:45:00,5.565,-,-
2022-08-10T20:30:00,5.569,-,-
2022-08-10T20:15:00,5.582,-,-
2022-08-10T20:00:00,5.590,-,-
2022-08-10T19:45:00,5.597,-,-
2022-08-10T19:30:00,5.603,-,-
2022-08-10T19:15:00,5.614,-,-
2022-08-10T19:00:00,5.618,-,-
2022-08-10T18:45:00,5.622,-,-
2022-08-10T18:30:00,5.625,-,-
2022-08-10T18:15:00,5.629,-,-
2022-08-10T18:00:00,5.626,-,-
2022-08-10T17:45:00,5.622,-,-
2022-08-10T17:30:00,5.623,-,-
2022-08-10T17:15:00,5.624,-,-
2022-08-10T17:00:00,5.624,-,-
2022-08-10T16:45:00,5.628,-,-
2022-08-10T16:30:00,5.634,-,-
2022-08-10T16:15:00,5.639,-,-
2022-08-10T16:00:00,5.654,-,-
2022-08-10T15:45:00,5.661,-,-
2022-08-10T15:30:00,5.665,-,-
2022-08-10T15:15:00,5.682,-,-
2022-08-10T15:00:00,5.689,-,-
2022-08-10T14:45:00,5.698,-,-
2022-08-10T14:30:00,5.711,-,-
2022-08-10T14:15:00,5.722,-,-
2022-08-10T14:00:00,5.732,-,-
2022-08-10T13:45:00,5.745,-,-
2022-08-10T13:30:00,5.755,-,-
2022-08-10T13:15:00,5.763,-,-
2022-08-10T13:00:00,5.774,-,-
2022-08-10T12:45:00,5.786,-,-
2022-08-10T12:30:00,5.795,-,-
2022-08-10T12:15:00,5.805,-,-
2022-08-10T12:00:00,5.818,-,-
2022-08-10T11:45:00,5.835,-,-
2022-08-10T11:30:00,5.840,-,-
2022-08-10T11:15:00,5.858,-,-
2022-08-10T11:00:00,5.865,-,-
2022-08-10T10:45:00,5.878,-,-
2022-08-10T10:30:00,5.884,-,-
2022-08-10T10:15:00,5.896,-,-
2022-08-10T10:00:00,5.908,-,-
2022-08-10T09:45:00,5.919,-,-
2022-08-10T09:30:00,5.935,-,-
2022-08-10T09:15:00,5.951,-,-
2022-08-10T09:00:00,5.961,-,-
2022-08-10T08:45:00,5.978,-,-
2022-08-10T08:30:00,5.991,-,-
2022-08-10T08:15:00,6.002,-,-
2022-08-10T08:00:00,6.017,-,-
2022-08-10T07:45:00,6.034,-,-
2022-08-10T07:30:00,6.045,-,-
2022-08-10T07:15:00,6.058,-,-
2022-08-10T07:00:00,6.072,-,-
2022-08-10T06:45:00,6.086,-,-
2022-08-10T06:30:00,6.105,-,-
2022-08-10T06:15:00,6.114,-,-
2022-08-10T06:00:00,6.141,-,-
2022-08-10T05:45:00,6.156,-,-
2022-08-10T05:30:00,6.167,-,-
2022-08-10T05:15:00,6.187,-,-
2022-08-10T05:00:00,6.205,-,-
2022-08-10T04:45:00,6.221,-,-
2022-08-10T04:30:00,6.239,-,-
2022-08-10T04:15:00,6.258,-,-
2022-08-10T04:00:00,6.280,-,-
2022-08-10T03:45:00,6.292,-,-
2022-08-10T03:30:00,6.317,-,-
2022-08-10T03:15:00,6.335,-,-
2022-08-10T03:00:00,6.355,-,-
2022-08-10T02:45:00,6.376,-,-
2022-08-10T02:30:00,6.397,-,-
2022-08-10T02:15:00,6.413,-,-
2022-08-10T02:00:00,6.435,-,-
2022-08-10T01:45:00,6.458,-,-
2022-08-10T01:30:00,6.480,-,-
2022-08-10T01:15:00,6.503,-,-
2022-08-10T01:00:00,6.523,-,-
2022-08-10T00:45:00,6.544,-,-
2022-08-10T00:30:00,6.568,-,-
2022-08-10T00:15:00,6.592,-,-
2022-08-10T00:00:00,6.615,-,-
2022-08-09T23:45:00,6.644,-,-
2022-08-09T23:30:00,6.664,-,-
2022-08-09T23:15:00,6.691,-,-
2022-08-09T23:00:00,6.717,-,-
2022-08-09T22:45:00,6.745,-,-
2022-08-09T22:30:00,6.768,-,-
2022-08-09T22:15:00,6.795,-,-
2022-08-09T22:00:00,6.826,-,-
2022-08-09T21:45:00,6.856,-,-
2022-08-09T21:30:00,6.883,-,-
2022-08-09T21:15:00,6.908,-,-
2022-08-09T21:00:00,6.937,-,-
2022-08-09T20:45:00,6.967,-,-
2022-08-09T20:30:00,6.994,-,-
2022-08-09T20:15:00,7.031,-,-
2022-08-09T20:00:00,7.060,-,-
2022-08-09T19:45:00,7.090,-,-
2022-08-09T19:30:00,7.126,-,-
2022-08-09T19:15:00,7.147,-,-
2022-08-09T19:00:00,7.181,-,-
2022-08-09T18:45:00,7.207,-,-
2022-08-09T18:30:00,7.237,-,-
2022-08-09T18:15:00,7.266,-,-
2022-08-09T18:00:00,7.292,-,-
2022-08-09T17:45:00,7.331,-,-
2022-08-09T17:30:00,7.351,-,-
2022-08-09T17:15:00,7.391,-,-
2022-08-09T17:00:00,7.420,-,-
2022-08-09T16:45:00,7.448,-,-
2022-08-09T16:30:00,7.474,-,-
2022-08-09T16:15:00,7.506,-,-
2022-08-09T16:00:00,7.531,-,-
2022-08-09T15:45:00,7.562,-,-
2022-08-09T15:30:00,7.593,-,-
2022-08-09T15:15:00,7.614,-,-
2022-08-09T15:00:00,7.643,-,-
2022-08-09T14:45:00,7.666,-,-
2022-08-09T14:30:00,7.704,-,-
2022-08-09T14:15:00,7.723,-,-
2022-08-09T14:00:00,7.751,-,-
2022-08-09T13:45:00,7.782,-,-
2022-08-09T13:30:00,7.805,-,-
2022-08-09T13:15:00,7.835,-,-
2022-08-09T13:00:00,7.853,-,-
2022-08-09T12:45:00,7.879,-,-
2022-08-09T12:30:00,7.914,-,-
2022-08-09T12:15:00,7.929,-,-
2022-08-09T12:00:00,7.952,-,-
2022-08-09T11:45:00,7.970,-,-
2022-08-09T11:30:00,7.991,-,-
2022-08-09T11:15:00,8.007,-,-
2022-08-09T11:00:00,8.023,-,-
2022-08-09T10:45:00,8.034,-,-
2022-08-09T10:30:00,8.051,-,-
2022-08-09T10:15:00,8.055,-,-
2022-08-09T10:00:00,8.070,-,-
2022-08-09T09:45:00,8.086,-,-
2022-08-09T09:30:00,8.095,-,-
2022-08-09T09:15:00,8.106,-,-
2022-08-09T09:00:00,8.113,-,-
2022-08-09T08:45:00,8.116,-,-
2022-08-09T08:30:00,8.120,-,-
2022-08-09T08:15:00,8.111,-,-
2022-08-09T08:00:00,8.114,-,-
2022-08-09T07:45:00,8.115,-,-
2022-08-09T07:30:00,8.107,-,-
2022-08-09T07:15:00,8.091,-,-
2022-08-09T07:00:00,8.089,-,-
2022-08-09T06:45:00,8.071,-,-
2022-08-09T06:30:00,8.056,-,-
2022-08-09T06:15:00,8.029,-,-
2022-08-09T06:00:00,8.024,-,-
2022-08-09T05:45:00,7.996,-,-
2022-08-09T05:30:00,7.974,-,-
2022-08-09T05:15:00,7.954,-,-
2022-08-09T05:00:00,7.926,-,-
2022-08-09T04:45:00,7.901,-,-
2022-08-09T04:30:00,7.874,-,-
2022-08-09T04:15:00,7.840,-,-
2022-08-09T04:00:00,7.804,-,-
2022-08-09T03:45:00,7.780,-,-
2022-08-09T03:30:00,7.737,-,-
2022-08-09T03:15:00,7.702,-,-
2022-08-09T03:00:00,7.663,-,-
2022-08-09T02:45:00,7.626,-,-
2022-08-09T02:30:00,7.577,-,-
2022-08-09T02:15:00,7.545,-,-
2022-08-09T02:00:00,7.502,-,-
2022-08-09T01:45:00,7.445,-,-
2022-08-09T01:30:00,7.380,-,-
2022-08-09T01:15:00,7.310,-,-
2022-08-09T01:00:00,7.225,-,-
2022-08-09T00:45:00,7.139,-,-
2022-08-09T00:30:00,7.027,-,-
2022-08-09T00:15:00,6.917,-,-
2022-08-09T00:00:00,6.786,-,-
2022-08-08T23:45:00,6.632,-,-
2022-08-08T23:30:00,6.482,-,-
2022-08-08T23:15:00,6.334,-,-
2022-08-08T23:00:00,6.204,-,-
2022-08-08T22:45:00,6.093,-,-
2022-08-08T22:30:00,6.015,-,-
2022-08-08T22:15:00,5.960,-,-
2022-08-08T22:00:00,5.903,-,-
2022-08-08T21:45:00,5.877,-,-
2022-08-08T21:30:00,5.843,-,-
2022-08-08T21:15:00,5.810,-,-
2022-08-08T21:00:00,5.778,-,-
2022-08-08T20:45:00,5.752,-,-
2022-08-08T20:30:00,5.732,-,-
2022-08-08T20:15:00,5.722,-,-
2022-08-08T20:00:00,5.705,-,-
2022-08-08T19:45:00,5.698,-,-
2022-08-08T19:30:00,5.677,-,-
2022-08-08T19:15:00,5.670,-,-
2022-08-08T19:00:00,5.663,-,-
2022-08-08T18:45:00,5.648,-,-
2022-08-08T18:30:00,5.628,-,-
2022-08-08T18:15:00,5.616,-,-
2022-08-08T18:00:00,5.608,-,-
2022-08-08T17:45:00,5.587,-,-
2022-08-08T17:30:00,5.578,-,-
2022-08-08T17:15:00,5.559,-,-
2022-08-08T17:00:00,5.540,-,-
2022-08-08T16:45:00,5.530,-,-
2022-08-08T16:30:00,5.514,-,-
2022-08-08T16:15:00,5.499,-,-
2022-08-08T16:00:00,5.486,-,-
2022-08-08T15:45:00,5.480,-,-
2022-08-08T15:30:00,5.465,-,-
2022-08-08T15:15:00,5.458,-,-
2022-08-08T15:00:00,5.447,-,-
2022-08-08T14:45:00,5.440,-,-
2022-08-08T14:30:00,5.433,-,-
2022-08-08T14:15:00,5.425,-,-
2022-08-08T14:00:00,5.418,-,-
2022-08-08T13:45:00,5.415,-,-
2022-08-08T13:30:00,5.412,-,-
2022-08-08T13:15:00,5.406,-,-
2022-08-08T13:00:00,5.405,-,-
2022-08-08T12:45:00,5.401,-,-
2022-08-08T12:30:00,5.402,-,-
2022-08-08T12:15:00,5.401,-,-
2022-08-08T12:00:00,5.397,-,-
2022-08-08T11:45:00,5.386,-,-
2022-08-08T11:30:00,5.389,-,-
2022-08-08T11:15:00,5.391,-,-
2022-08-08T11:00:00,5.397,-,-
2022-08-08T10:45:00,5.405,-,-
2022-08-08T10:30:00,5.404,-,-
2022-08-08T10:15:00,5.406,-,-
2022-08-08T10:00:00,5.415,-,-
2022-08-08T09:45:00,5.415,-,-
2022-08-08T09:30:00,5.423,-,-
2022-08-08T09:15:00,5.428,-,-
2022-08-08T09:00:00,5.432,-,-
2022-08-08T08:45:00,5.435,-,-
2022-08-08T08:30:00,5.434,-,-
2022-08-08T08:15:00,5.442,-,-
2022-08-08T08:00:00,5.435,-,-
2022-08-08T07:45:00,5.446,-,-
2022-08-08T07:30:00,5.446,-,-
2022-08-08T07:15:00,5.444,-,-
2022-08-08T07:00:00,5.449,-,-
2022-08-08T06:45:00,5.450,-,-
2022-08-08T06:30:00,5.457,-,-
2022-08-08T06:15:00,5.463,-,-
2022-08-08T06:00:00,5.470,-,-
2022-08-08T05:45:00,5.477,-,-
2022-08-08T05:30:00,5.483,-,-
2022-08-08T05:15:00,5.490,-,-
2022-08-08T05:00:00,5.496,-,-
2022-08-08T04:45:00,5.501,-,-
2022-08-08T04:30:00,5.505,-,-
2022-08-08T04:15:00,5.509,-,-
2022-08-08T04:00:00,5.517,-,-
2022-08-08T03:45:00,5.517,-,-
2022-08-08T03:30:00,5.523,-,-
2022-08-08T03:15:00,5.524,-,-
2022-08-08T03:00:00,5.527,-,-
2022-08-08T02:45:00,5.526,-,-
2022-08-08T02:30:00,5.539,-,-
2022-08-08T02:15:00,5.542,-,-
2022-08-08T02:00:00,5.547,-,-
2022-08-08T01:45:00,5.552,-,-
2022-08-08T01:30:00,5.559,-,-
2022-08-08T01:15:00,5.568,-,-
2022-08-08T01:00:00,5.568,-,-
2022-08-08T00:45:00,5.577,-,-
2022-08-08T00:30:00,5.582,-,-
2022-08-08T00:15:00,5.584,-,-
2022-08-08T00:00:00,5.593,-,-
2022-08-07T23:45:00,5.598,-,-
2022-08-07T23:30:00,5.606,-,-
2022-08-07T23:15:00,5.611,-,-
2022-08-07T23:00:00,5.622,-,-
2022-08-07T22:45:00,5.635,-,-
2022-08-07T22:30:00,5.645,-,-
2022-08-07T22:15:00,5.649,-,-
2022-08-07T22:00:00,5.661,-,-
2022-08-07T21:45:00,5.674,-,-
2022-08-07T21:30:00,5.687,-,-
2022-08-07T21:15:00,5.698,-,-
2022-08-07T21:00:00,5.715,-,-
2022-08-07T20:45:00,5.733,-,-
2022-08-07T20:30:00,5.745,-,-
2022-08-07T20:15:00,5.762,-,-
2022-08-07T20:00:00,5.775,-,-
2022-08-07T19:45:00,5.794,-,-
2022-08-07T19:30:00,5.814,-,-
2022-08-07T19:15:00,5.824,-,-
2022-08-07T19:00:00,5.827,-,-
2022-08-07T18:45:00,5.835,-,-
2022-08-07T18:30:00,5.838,-,-
2022-08-07T18:15:00,5.830,-,-
2022-08-07T18:00:00,5.825,-,-
2022-08-07T17:45:00,5.822,-,-
2022-08-07T17:30:00,5.819,-,-
2022-08-07T17:15:00,5.813,-,-
2022-08-07T17:00:00,5.799,-,-
2022-08-07T16:45:00,5.788,-,-
2022-08-07T16:30:00,5.775,-,-
2022-08-07T16:15:00,5.765,-,-
2022-08-07T16:00:00,5.751,-,-
2022-08-07T15:45:00,5.742,-,-
2022-08-07T15:30:00,5.733,-,-
2022-08-07T15:15:00,5.722,-,-
2022-08-07T15:00:00,5.712,-,-
2022-08-07T14:45:00,5.699,-,-
2022-08-07T14:30:00,5.695,-,-
2022-08-07T14:15:00,5.680,-,-
2022-08-07T14:00:00,5.675,-,-
2022-08-07T13:45:00,5.675,-,-
2022-08-07T13:30:00,5.677,-,-
2022-08-07T13:15:00,5.666,-,-
2022-08-07T13:00:00,5.663,-,-
2022-08-07T12:45:00,5.664,-,-
2022-08-07T12:30:00,5.661,-,-
2022-08-07T12:15:00,5.643,-,-
2022-08-07T12:00:00,5.636,-,-
2022-08-07T11:45:00,5.635,-,-
2022-08-07T11:30:00,5.638,-,-
2022-08-07T11:15:00,5.641,-,-
2022-08-07T11:00:00,5.646,-,-
2022-08-07T10:45:00,5.655,-,-
2022-08-07T10:30:00,5.666,-,-
2022-08-07T10:15:00,5.684,-,-
2022-08-07T10:00:00,5.698,-,-
2022-08-07T09:45:00,5.715,-,-
2022-08-07T09:30:00,5.733,-,-
2022-08-07T09:15:00,5.756,-,-
2022-08-07T09:00:00,5.769,-,-
2022-08-07T08:45:00,5.779,-,-
2022-08-07T08:30:00,5.802,-,-
2022-08-07T08:15:00,5.813,-,-
2022-08-07T08:00:00,5.835,-,-
2022-08-07T07:45:00,5.849,-,-
2022-08-07T07:30:00,5.868,-,-
2022-08-07T07:15:00,5.885,-,-
2022-08-07T07:00:00,5.895,-,-
2022-08-07T06:45:00,5.909,-,-
2022-08-07T06:30:00,5.922,-,-
2022-08-07T06:15:00,5.932,-,-
2022-08-07T06:00:00,5.938,-,-
2022-08-07T05:45:00,5.945,-,-
2022-08-07T05:30:00,5.955,-,-
2022-08-07T05:15:00,5.959,-,-
2022-08-07T05:00:00,5.962,-,-
2022-08-07T04:45:00,5.958,-,-
2022-08-07T04:30:00,5.964,-,-
2022-08-07T04:15:00,5.965,-,-
2022-08-07T04:00:00,5.963,-,-
2022-08-07T03:45:00,5.956,-,-
2022-08-07T03:30:00,5.947,-,-
2022-08-07T03:15:00,5.940,-,-
2022-08-07T03:00:00,5.921,-,-
2022-08-07T02:45:00,5.914,-,-
2022-08-07T02:30:00,5.899,-,-
2022-08-07T02:15:00,5.861,-,-
2022-08-07T02:00:00,5.826,-,-
2022-08-07T01:45:00,5.777,-,-
2022-08-07T01:30:00,5.699,-,-
2022-08-07T01:15:00,5.599,-,-
2022-08-07T01:00:00,5.449,-,-
2022-08-07T00:45:00,5.283,-,-
2022-08-07T00:30:00,5.098,-,-
2022-08-07T00:15:00,4.948,-,-
2022-08-07T00:00:00,4.854,-,-
2022-08-06T23:45:00,4.813,-,-
2022-08-06T23:30:00,4.799,-,-
2022-08-06T23:15:00,4.795,-,-
2022-08-06T23:00:00,4.796,-,-
2022-08-06T22:45:00,4.798,-,-
2022-08-06T22:30:00,4.803,-,-
2022-08-06T22:15:00,4.808,-,-
2022-08-06T22:00:00,4.818,-,-
2022-08-06T21:45:00,4.826,-,-
2022-08-06T21:30:00,4.839,-,-
2022-08-06T21:15:00,4.851,-,-
2022-08-06T21:00:00,4.867,-,-
2022-08-06T20:45:00,4.885,-,-
2022-08-06T20:30:00,4.905,-,-
2022-08-06T20:15:00,4.927,-,-
2022-08-06T20:00:00,4.951,-,-
2022-08-06T19:45:00,4.973,-,-
2022-08-06T19:30:00,4.992,-,-
2022-08-06T19:15:00,5.006,-,-
2022-08-06T19:00:00,5.014,-,-
2022-08-06T18:45:00,5.018,-,-
2022-08-06T18:30:00,5.011,-,-
2022-08-06T18:15:00,5.009,-,-
2022-08-06T18:00:00,5.000,-,-
2022-08-06T17:45:00,4.990,-,-
2022-08-06T17:30:00,4.983,-,-
2022-08-06T17:15:00,4.967,-,-
2022-08-06T17:00:00,4.956,-,-
2022-08-06T16:45:00,4.946,-,-
2022-08-06T16:30:00,4.943,-,-
2022-08-06T16:15:00,4.939,-,-
2022-08-06T16:00:00,4.939,-,-
2022-08-06T15:45:00,4.935,-,-
2022-08-06T15:30:00,4.934,-,-
2022-08-06T15:15:00,4.928,-,-
2022-08-06T15:00:00,4.927,-,-
2022-08-06T14:45:00,4.922,-,-
2022-08-06T14:30:00,4.918,-,-
2022-08-06T14:15:00,4.916,-,-
2022-08-06T14:00:00,4.908,-,-
2022-08-06T13:45:00,4.902,-,-
2022-08-06T13:30:00,4.891,-,-
2022-08-06T13:15:00,4.876,-,-
2022-08-06T13:00:00,4.863,-,-
2022-08-06T12:45:00,4.846,-,-
2022-08-06T12:30:00,4.820,-,-
2022-08-06T12:15:00,4.794,-,-
2022-08-06T12:00:00,4.766,-,-
2022-08-06T11:45:00,4.741,-,-
2022-08-06T11:30:00,4.723,-,-
2022-08-06T11:15:00,4.710,-,-
2022-08-06T11:00:00,4.705,-,-
2022-08-06T10:45:00,4.704,-,-
2022-08-06T10:30:00,4.702,-,-
2022-08-06T10:15:00,4.705,-,-
2022-08-06T10:00:00,4.704,-,-
2022-08-06T09:45:00,4.706,-,-
2022-08-06T09:30:00,4.705,-,-
2022-08-06T09:15:00,4.703,-,-
2022-08-06T09:00:00,4.705,-,-
2022-08-06T08:45:00,4.705,-,-
2022-08-06T08:30:00,4.708,-,-
2022-08-06T08:15:00,4.707,-,-
2022-08-06T08:00:00,4.707,-,-
2022-08-06T07:45:00,4.711,-,-
2022-08-06T07:30:00,4.712,-,-
2022-08-06T07:15:00,4.715,-,-
2022-08-06T07:00:00,4.715,-,-
2022-08-06T06:45:00,4.718,-,-
2022-08-06T06:30:00,4.719,-,-
2022-08-06T06:15:00,4.720,-,-
2022-08-06T06:00:00,4.724,-,-
2022-08-06T05:45:00,4.724,-,-
2022-08-06T05:30:00,4.729,-,-
2022-08-06T05:15:00,4.730,-,-
2022-08-06T05:00:00,4.733,-,-
2022-08-06T04:45:00,4.738,-,-
2022-08-06T04:30:00,4.740,-,-
2022-08-06T04:15:00,4.742,-,-
2022-08-06T04:00:00,4.741,-,-
2022-08-06T03:45:00,4.746,-,-
2022-08-06T03:30:00,4.752,-,-
2022-08-06T03:15:00,4.754,-,-
2022-08-06T03:00:00,4.756,-,-
2022-08-06T02:45:00,4.760,-,-
2022-08-06T02:30:00,4.760,-,-
2022-08-06T02:15:00,4.766,-,-
2022-08-06T02:00:00,4.768,-,-
2022-08-06T01:45:00,4.770,-,-
2022-08-06T01:30:00,4.775,-,-
2022-08-06T01:15:00,4.777,-,-
2022-08-06T01:00:00,4.781,-,-
2022-08-06T00:45:00,4.783,-,-
2022-08-06T00:30:00,4.785,-,-
2022-08-06T00:15:00,4.788,-,-
2022-08-06T00:00:00,4.789,-,-
2022-08-19T23:45:00,5.399,-,-
2022-08-19T23:30:00,5.397,-,-
2022-08-19T23:15:00,5.396,-,-
2022-08-19T23:00:00,5.396,-,-
2022-08-19T22:45:00,5.398,-,-
2022-08-19T22:30:00,5.391,-,-
2022-08-19T22:15:00,5.390,-,-
2022-08-19T22:00:00,5.391,-,-
2022-08-19T21:45:00,5.388,-,-
2022-08-19T21:30:00,5.383,-,-
2022-08-19T21:15:00,5.388,-,-
2022-08-19T21:00:00,5.393,-,-
2022-08-19T20:45:00,5.393,-,-
2022-08-19T20:30:00,5.397,-,-
2022-08-19T20:15:00,5.395,-,-
2022-08-19T20:00:00,5.390,-,-
2022-08-19T19:45:00,5.394,-,-
2022-08-19T19:30:00,5.399,-,-
2022-08-19T19:15:00,5.406,-,-
2022-08-19T19:00:00,5.406,-,-
2022-08-19T18:45:00,5.411,-,-
2022-08-19T18:30:00,5.414,-,-
2022-08-19T18:15:00,5.417,-,-
2022-08-19T18:00:00,5.422,-,-
2022-08-19T17:45:00,5.427,-,-
2022-08-19T17:30:00,5.428,-,-
2022-08-19T17:15:00,5.432,-,-
2022-08-19T17:00:00,5.435,-,-
2022-08-19T16:45:00,5.440,-,-
2022-08-19T16:30:00,5.446,-,-
2022-08-19T16:15:00,5.443,-,-
2022-08-19T16:00:00,5.449,-,-
2022-08-19T15:45:00,5.458,-,-
2022-08-19T15:30:00,5.455,-,-
2022-08-19T15:15:00,5.468,-,-
2022-08-19T15:00:00,5.465,-,-
2022-08-19T14:45:00,5.473,-,-
2022-08-19T14:30:00,5.475,-,-
2022-08-19T14:15:00,5.473,-,-
2022-08-19T14:00:00,5.483,-,-
2022-08-19T13:45:00,5.485,-,-
2022-08-19T13:30:00,5.488,-,-
2022-08-19T13:15:00,5.497,-,-
2022-08-19T13:00:00,5.494,-,-
2022-08-19T12:45:00,5.498,-,-
2022-08-19T12:30:00,5.506,-,-
2022-08-19T12:15:00,5.509,-,-
2022-08-19T12:00:00,5.511,-,-
2022-08-19T11:45:00,5.516,-,-
2022-08-19T11:30:00,5.514,-,-
2022-08-19T11:15:00,5.525,-,-
2022-08-19T11:00:00,5.524,-,-
2022-08-19T10:45:00,5.530,-,-
2022-08-19T10:30:00,5.538,-,-
2022-08-19T10:15:00,5.536,-,-
2022-08-19T10:00:00,5.541,-,-
2022-08-19T09:45:00,5.545,-,-
2022-08-19T09:30:00,5.552,-,-
2022-08-19T09:15:00,5.556,-,-
2022-08-19T09:00:00,5.559,-,-
2022-08-19T08:45:00,5.564,-,-
2022-08-19T08:30:00,5.569,-,-
2022-08-19T08:15:00,5.571,-,-
2022-08-19T08:00:00,5.572,-,-
2022-08-19T07:45:00,5.577,-,-
2022-08-19T07:30:00,5.583,-,-
2022-08-19T07:15:00,5.588,-,-
2022-08-19T07:00:00,5.593,-,-
2022-08-19T06:45:00,5.598,-,-
2022-08-19T06:30:00,5.602,-,-
2022-08-19T06:15:00,5.602,-,-
2022-08-19T06:00:00,5.607,-,-
2022-08-19T05:45:00,5.613,-,-
2022-08-19T05:30:00,5.613,-,-
2022-08-19T05:15:00,5.616,-,-
2022-08-19T05:00:00,5.627,-,-
2022-08-19T04:45:00,5.626,-,-
2022-08-19T04:30:00,5.625,-,-
2022-08-19T04:15:00,5.637,-,-
2022-08-19T04:00:00,5.640,-,-
2022-08-19T03:45:00,5.641,-,-
2022-08-19T03:30:00,5.644,-,-
2022-08-19T03:15:00,5.652,-,-
2022-08-19T03:00:00,5.655,-,-
2022-08-19T02:45:00,5.656,-,-
2022-08-19T02:30:00,5.652,-,-
2022-08-19T02:15:00,5.667,-,-
2022-08-19T02:00:00,5.666,-,-
2022-08-19T01:45:00,5.667,-,-
2022-08-19T01:30:00,5.668,-,-
2022-08-19T01:15:00,5.678,-,-
2022-08-19T01:00:00,5.682,-,-
2022-08-19T00:45:00,5.684,-,-
2022-08-19T00:30:00,5.691,-,-
2022-08-19T00:15:00,5.696,-,-
2022-08-19T00:00:00,5.700,-,-
2022-08-18T23:45:00,5.699,-,-
2022-08-18T23:30:00,5.705,-,-
2022-08-18T23:15:00,5.709,-,-
2022-08-18T23:00:00,5.708,-,-
2022-08-18T22:45:00,5.714,-,-
2022-08-18T22:30:00,5.721,-,-
2022-08-18T22:15:00,5.724,-,-
2022-08-18T22:00:00,5.718,-,-
2022-08-18T21:45:00,5.725,-,-
2022-08-18T21:30:00,5.729,-,-
2022-08-18T21:15:00,5.732,-,-
2022-08-18T21:00:00,5.735,-,-
2022-08-18T20:45:00,5.735,-,-
2022-08-18T20:30:00,5.739,-,-
2022-08-18T20:15:00,5.744,-,-
2022-08-18T20:00:00,5.744,-,-
2022-08-18T19:45:00,5.747,-,-
2022-08-18T19:30:00,5.746,-,-
2022-08-18T19:15:00,5.749,-,-
2022-08-18T19:00:00,5.753,-,-
2022-08-18T18:45:00,5.754,-,-
2022-08-18T18:30:00,5.763,-,-
2022-08-18T18:15:00,5.767,-,-
2022-08-18T18:00:00,5.768,-,-
2022-08-18T17:45:00,5.769,-,-
2022-08-18T17:30:00,5.775,-,-
2022-08-18T17:15:00,5.773,-,-
2022-08-18T17:00:00,5.778,-,-
2022-08-18T16:45:00,5.781,-,-
2022-08-18T16:30:00,5.784,-,-
2022-08-18T16:15:00,5.784,-,-
2022-08-18T16:00:00,5.789,-,-
2022-08-18T15:45:00,5.786,-,-
2022-08-18T15:30:00,5.788,-,-
2022-08-18T15:15:00,5.793,-,-
2022-08-18T15:00:00,5.795,-,-
2022-08-18T14:45:00,5.795,-,-
2022-08-18T14:30:00,5.794,-,-
2022-08-18T14:15:00,5.790,-,-
2022-08-18T14:00:00,5.797,-,-
2022-08-18T13:45:00,5.792,-,-
2022-08-18T13:30:00,5.789,-,-
2022-08-18T13:15:00,5.789,-,-
2022-08-18T13:00:00,5.785,-,-
2022-08-18T12:45:00,5.785,-,-
2022-08-18T12:30:00,5.788,-,-
2022-08-18T12:15:00,5.787,-,-
2022-08-18T12:00:00,5.792,-,-
2022-08-18T11:45:00,5.800,-,-
2022-08-18T11:30:00,5.810,-,-
2022-08-18T11:15:00,5.818,-,-
2022-08-18T11:00:00,5.820,-,-
2022-08-18T10:45:00,5.836,-,-
2022-08-18T10:30:00,5.843,-,-
2022-08-18T10:15:00,5.856,-,-
2022-08-18T10:00:00,5.859,-,-
2022-08-18T09:45:00,5.871,-,-
2022-08-18T09:30:00,5.883,-,-
2022-08-18T09:15:00,5.892,-,-
2022-08-18T09:00:00,5.900,-,-
2022-08-18T08:45:00,5.908,-,-
2022-08-18T08:30:00,5.909,-,-
2022-08-18T08:15:00,5.921,-,-
2022-08-18T08:00:00,5.925,-,-
2022-08-18T07:45:00,5.934,-,-
2022-08-18T07:30:00,5.940,-,-
2022-08-18T07:15:00,5.942,-,-
2022-08-18T07:00:00,5.943,-,-
2022-08-18T06:45:00,5.949,-,-
2022-08-18T06:30:00,5.946,-,-
2022-08-18T06:15:00,5.949,-,-
2022-08-18T06:00:00,5.945,-,-
2022-08-18T05:45:00,5.954,-,-
2022-08-18T05:30:00,5.947,-,-
2022-08-18T05:15:00,5.946,-,-
2022-08-18T05:00:00,5.944,-,-
2022-08-18T04:45:00,5.942,-,-
2022-08-18T04:30:00,5.936,-,-
2022-08-18T04:15:00,5.928,-,-
2022-08-18T04:00:00,5.922,-,-
2022-08-18T03:45:00,5.922,-,-
2022-08-18T03:30:00,5.916,-,-
2022-08-18T03:15:00,5.913,-,-
2022-08-18T03:00:00,5.916,-,-
2022-08-18T02:45:00,5.915,-,-
2022-08-18T02:30:00,5.916,-,-
2022-08-18T02:15:00,5.917,-,-
2022-08-18T02:00:00,5.917,-,-
2022-08-18T01:45:00,5.923,-,-
2022-08-18T01:30:00,5.930,-,-
2022-08-18T01:15:00,5.934,-,-
2022-08-18T01:00:00,5.939,-,-
2022-08-18T00:45:00,5.941,-,-
2022-08-18T00:30:00,5.942,-,-
2022-08-18T00:15:00,5.952,-,-
2022-08-18T00:00:00,5.962,-,-
2022-08-17T23:45:00,5.966,-,-
2022-08-17T23:30:00,5.974,-,-
2022-08-17T23:15:00,5.990,-,-
2022-08-17T23:00:00,5.995,-,-
2022-08-17T22:45:00,6.001,-,-
2022-08-17T22:30:00,6.009,-,-
2022-08-17T22:15:00,6.019,-,-
2022-08-17T22:00:00,6.025,-,-
2022-08-17T21:45:00,6.033,-,-
2022-08-17T21:30:00,6.039,-,-
2022-08-17T21:15:00,6.047,-,-
2022-08-17T21:00:00,6.059,-,-
2022-08-17T20:45:00,6.065,-,-
2022-08-17T20:30:00,6.069,-,-
2022-08-17T20:15:00,6.079,-,-
2022-08-17T20:00:00,6.083,-,-
2022-08-17T19:45:00,6.086,-,-
2022-08-17T19:30:00,6.087,-,-
2022-08-17T19:15:00,6.091,-,-
2022-08-17T19:00:00,6.092,-,-
2022-08-17T18:45:00,6.100,-,-
2022-08-17T18:30:00,6.101,-,-
2022-08-17T18:15:00,6.108,-,-
2022-08-17T18:00:00,6.113,-,-
2022-08-17T17:45:00,6.124,-,-
2022-08-17T17:30:00,6.126,-,-
2022-08-17T17:15:00,6.140,-,-
2022-08-17T17:00:00,6.152,-,-
2022-08-17T16:45:00,6.159,-,-
2022-08-17T16:30:00,6.164,-,-
2022-08-17T16:15:00,6.171,-,-
2022-08-17T16:00:00,6.184,-,-
2022-08-17T15:45:00,6.190,-,-
2022-08-17T15:30:00,6.203,-,-
2022-08-17T15:15:00,6.207,-,-
2022-08-17T15:00:00,6.214,-,-
2022-08-17T14:45:00,6.231,-,-
2022-08-17T14:30:00,6.236,-,-
2022-08-17T14:15:00,6.248,-,-
2022-08-17T14:00:00,6.256,-,-
2022-08-17T13:45:00,6.265,-,-
2022-08-17T13:30:00,6.276,-,-
2022-08-17T13:15:00,6.284,-,-
2022-08-17T13:00:00,6.291,-,-
2022-08-17T12:45:00,6.296,-,-
2022-08-17T12:30:00,6.303,-,-
2022-08-17T12:15:00,6.307,-,-
2022-08-17T12:00:00,6.308,-,-
2022-08-17T11:45:00,6.317,-,-
2022-08-17T11:30:00,6.323,-,-
2022-08-17T11:15:00,6.344,-,-
2022-08-17T11:00:00,6.350,-,-
2022-08-17T10:45:00,6.360,-,-
2022-08-17T10:30:00,6.372,-,-
2022-08-17T10:15:00,6.377,-,-
2022-08-17T10:00:00,6.389,-,-
2022-08-17T09:45:00,6.395,-,-
2022-08-17T09:30:00,6.402,-,-
2022-08-17T09:15:00,6.404,-,-
2022-08-17T09:00:00,6.412,-,-
2022-08-17T08:45:00,6.413,-,-
2022-08-17T08:30:00,6.424,-,-
2022-08-17T08:15:00,6.444,-,-
2022-08-17T08:00:00,6.462,-,-
2022-08-17T07:45:00,6.494,-,-
2022-08-17T07:30:00,6.514,-,-
2022-08-17T07:15:00,6.543,-,-
2022-08-17T07:00:00,6.571,-,-
2022-08-17T06:45:00,6.598,-,-
2022-08-17T06:30:00,6.619,-,-
2022-08-17T06:15:00,6.642,-,-
2022-08-17T06:00:00,6.663,-,-
2022-08-17T05:45:00,6.688,-,-
2022-08-17T05:30:00,6.700,-,-
2022-08-17T05:15:00,6.725,-,-
2022-08-17T05:00:00,6.735,-,-
2022-08-17T04:45:00,6.747,-,-
2022-08-17T04:30:00,6.757,-,-
2022-08-17T04:15:00,6.759,-,-
2022-08-17T04:00:00,6.771,-,-
2022-08-17T03:45:00,6.774,-,-
2022-08-17T03:30:00,6.770,-,-
2022-08-17T03:15:00,6.772,-,-
2022-08-17T03:00:00,6.768,-,-
2022-08-17T02:45:00,6.769,-,-
2022-08-17T02:30:00,6.765,-,-
2022-08-17T02:15:00,6.756,-,-
2022-08-17T02:00:00,6.742,-,-
2022-08-17T01:45:00,6.719,-,-
2022-08-17T01:30:00,6.705,-,-
2022-08-17T01:15:00,6.664,-,-
2022-08-17T01:00:00,6.610,-,-
2022-08-17T00:45:00,6.550,-,-
2022-08-17T00:30:00,6.479,-,-
2022-08-17T00:15:00,6.378,-,-
2022-08-17T00:00:00,6.250,-,-
2022-08-16T23:45:00,6.122,-,-
2022-08-16T23:30:00,5.959,-,-
2022-08-16T23:15:00,5.813,-,-
2022-08-16T23:00:00,5.687,-,-
2022-08-16T22:45:00,5.603,-,-
2022-08-16T22:30:00,5.562,-,-
2022-08-16T22:15:00,5.531,-,-
2022-08-16T22:00:00,5.507,-,-
2022-08-16T21:45:00,5.483,-,-
2022-08-16T21:30:00,5.465,-,-
2022-08-16T21:15:00,5.448,-,-
2022-08-16T21:00:00,5.432,-,-
2022-08-16T20:45:00,5.420,-,-
2022-08-16T20:30:00,5.417,-,-
2022-08-16T20:15:00,5.420,-,-
2022-08-16T20:00:00,5.423,-,-
2022-08-16T19:45:00,5.424,-,-
2022-08-16T19:30:00,5.433,-,-
2022-08-16T19:15:00,5.437,-,-
2022-08-16T19:00:00,5.439,-,-
2022-08-16T18:45:00,5.449,-,-
2022-08-16T18:30:00,5.456,-,-
2022-08-16T18:15:00,5.463,-,-
2022-08-16T18:00:00,5.473,-,-
2022-08-16T17:45:00,5.487,-,-
2022-08-16T17:30:00,5.493,-,-
2022-08-16T17:15:00,5.500,-,-
2022-08-16T17:00:00,5.509,-,-
2022-08-16T16:45:00,5.519,-,-
2022-08-16T16:30:00,5.526,-,-
2022-08-16T16:15:00,5.529,-,-
2022-08-16T16:00:00,5.541,-,-
2022-08-16T15:45:00,5.547,-,-
2022-08-16T15:30:00,5.556,-,-
2022-08-16T15:15:00,5.569,-,-
2022-08-16T15:00:00,5.580,-,-
2022-08-16T14:45:00,5.582,-,-
2022-08-16T14:30:00,5.590,-,-
2022-08-16T14:15:00,5.602,-,-
2022-08-16T14:00:00,5.608,-,-
2022-08-16T13:45:00,5.620,-,-
2022-08-16T13:30:00,5.626,-,-
2022-08-16T13:15:00,5.626,-,-
2022-08-16T13:00:00,5.638,-,-
2022-08-16T12:45:00,5.647,-,-
2022-08-16T12:30:00,5.656,-,-
2022-08-16T12:15:00,5.658,-,-
2022-08-16T12:00:00,5.670,-,-
2022-08-16T11:45:00,5.681,-,-
2022-08-16T11:30:00,5.684,-,-
2022-08-16T11:15:00,5.685,-,-
2022-08-16T11:00:00,5.695,-,-
2022-08-16T10:45:00,5.696,-,-
2022-08-16T10:30:00,5.702,-,-
2022-08-16T10:15:00,5.706,-,-
2022-08-16T10:00:00,5.708,-,-
2022-08-16T09:45:00,5.706,-,-
2022-08-16T09:30:00,5.711,-,-
2022-08-16T09:15:00,5.706,-,-
2022-08-16T09:00:00,5.707,-,-
2022-08-16T08:45:00,5.708,-,-
2022-08-16T08:30:00,5.701,-,-
2022-08-16T08:15:00,5.699,-,-
2022-08-16T08:00:00,5.688,-,-
2022-08-16T07:45:00,5.685,-,-
2022-08-16T07:30:00,5.665,-,-
2022-08-16T07:15:00,5.652,-,-
2022-08-16T07:00:00,5.624,-,-
2022-08-16T06:45:00,5.595,-,-
2022-08-16T06:30:00,5.563,-,-
2022-08-16T06:15:00,5.530,-,-
2022-08-16T06:00:00,5.481,-,-
2022-08-16T05:45:00,5.433,-,-
2022-08-16T05:30:00,5.387,-,-
2022-08-16T05:15:00,5.343,-,-
2022-08-16T05:00:00,5.304,-,-
2022-08-16T04:45:00,5.268,-,-
2022-08-16T04:30:00,5.237,-,-
2022-08-16T04:15:00,5.214,-,-
2022-08-16T04:00:00,5.191,-,-
2022-08-16T03:45:00,5.164,-,-
2022-08-16T03:30:00,5.148,-,-
2022-08-16T03:15:00,5.130,-,-
2022-08-16T03:00:00,5.109,-,-
2022-08-16T02:45:00,5.093,-,-
2022-08-16T02:30:00,5.078,-,-
2022-08-16T02:15:00,5.061,-,-
2022-08-16T02:00:00,5.045,-,-
2022-08-16T01:45:00,5.030,-,-
2022-08-16T01:30:00,5.004,-,-
2022-08-16T01:15:00,4.994,-,-
2022-08-16T01:00:00,4.983,-,-
2022-08-16T00:45:00,4.979,-,-
2022-08-16T00:30:00,4.978,-,-
2022-08-16T00:15:00,4.974,-,-
2022-08-16T00:00:00,4.976,-,-
2022-08-15T23:45:00,4.973,-,-
2022-08-15T23:30:00,4.972,-,-
2022-08-15T23:15:00,4.966,-,-
2022-08-15T23:00:00,4.956,-,-
2022-08-15T22:45:00,4.946,-,-
2022-08-15T22:30:00,4.933,-,-
2022-08-15T22:15:00,4.923,-,-
2022-08-15T22:00:00,4.912,-,-
2022-08-15T21:45:00,4.902,-,-
2022-08-15T21:30:00,4.897,-,-
2022-08-15T21:15:00,4.889,-,-
2022-08-15T21:00:00,4.880,-,-
2022-08-15T20:45:00,4.875,-,-
2022-08-15T20:30:00,4.870,-,-
2022-08-15T20:15:00,4.858,-,-
2022-08-15T20:00:00,4.851,-,-
2022-08-15T19:45:00,4.849,-,-
2022-08-15T19:30:00,4.849,-,-
2022-08-15T19:15:00,4.847,-,-
2022-08-15T19:00:00,4.851,-,-
2022-08-15T18:45:00,4.846,-,-
2022-08-15T18:30:00,4.845,-,-
2022-08-15T18:15:00,4.845,-,-
2022-08-15T18:00:00,4.844,-,-
2022-08-15T17:45:00,4.845,-,-
2022-08-15T17:30:00,4.844,-,-
2022-08-15T17:15:00,4.841,-,-
2022-08-15T17:00:00,4.845,-,-
2022-08-15T16:45:00,4.842,-,-
2022-08-15T16:30:00,4.843,-,-
2022-08-15T16:15:00,4.843,-,-
2022-08-15T16:00:00,4.841,-,-
2022-08-15T15:45:00,4.841,-,-
2022-08-15T15:30:00,4.841,-,-
2022-08-15T15:15:00,4.843,-,-
2022-08-15T15:00:00,4.843,-,-
2022-08-15T14:45:00,4.843,-,-
2022-08-15T14:30:00,4.842,-,-
2022-08-15T14:15:00,4.845,-,-
2022-08-15T14:00:00,4.844,-,-
2022-08-15T13:45:00,4.847,-,-
2022-08-15T13:30:00,4.850,-,-
2022-08-15T13:15:00,4.854,-,-
2022-08-15T13:00:00,4.857,-,-
2022-08-15T12:45:00,4.860,-,-
2022-08-15T12:30:00,4.861,-,-
2022-08-15T12:15:00,4.864,-,-
2022-08-15T12:00:00,4.870,-,-
2022-08-15T11:45:00,4.872,-,-
2022-08-15T11:30:00,4.877,-,-
2022-08-15T11:15:00,4.875,-,-
2022-08-15T11:00:00,4.882,-,-
2022-08-15T10:45:00,4.887,-,-
2022-08-15T10:30:00,4.893,-,-
2022-08-15T10:15:00,4.897,-,-
2022-08-15T10:00:00,4.900,-,-
2022-08-15T09:45:00,4.902,-,-
2022-08-15T09:30:00,4.897,-,-
2022-08-15T09:15:00,4.894,-,-
2022-08-15T09:00:00,4.884,-,-
2022-08-15T08:45:00,4.888,-,-
2022-08-15T08:30:00,4.889,-,-
2022-08-15T08:15:00,4.891,-,-
2022-08-15T08:00:00,4.900,-,-
2022-08-15T07:45:00,4.901,-,-
2022-08-15T07:30:00,4.903,-,-
2022-08-15T07:15:00,4.907,-,-
2022-08-15T07:00:00,4.912,-,-
2022-08-15T06:45:00,4.915,-,-
2022-08-15T06:30:00,4.920,-,-
2022-08-15T06:15:00,4.922,-,-
2022-08-15T06:00:00,4.928,-,-
2022-08-15T05:45:00,4.928,-,-
2022-08-15T05:30:00,4.938,-,-
2022-08-15T05:15:00,4.943,-,-
2022-08-15T05:00:00,4.950,-,-
2022-08-15T04:45:00,4.955,-,-
2022-08-15T04:30:00,4.956,-,-
2022-08-15T04:15:00,4.967,-,-
2022-08-15T04:00:00,4.973,-,-
2022-08-15T03:45:00,4.976,-,-
2022-08-15T03:30:00,4.985,-,-
2022-08-15T03:15:00,4.989,-,-
2022-08-15T03:00:00,4.997,-,-
2022-08-15T02:45:00,5.005,-,-
2022-08-15T02:30:00,5.012,-,-
2022-08-15T02:15:00,5.018,-,-
2022-08-15T02:00:00,5.027,-,-
2022-08-15T01:45:00,5.032,-,-
2022-08-15T01:30:00,5.040,-,-
2022-08-15T01:15:00,5.047,-,-
2022-08-15T01:00:00,5.058,-,-
2022-08-15T00:45:00,5.062,-,-
2022-08-15T00:30:00,5.072,-,-
2022-08-15T00:15:00,5.080,-,-
2022-08-15T00:00:00,5.089,-,-
2022-08-14T23:45:00,5.096,-,-
2022-08-14T23:30:00,5.109,-,-
2022-08-14T23:15:00,5.119,-,-
2022-08-14T23:00:00,5.130,-,-
2022-08-14T22:45:00,5.144,-,-
2022-08-14T22:30:00,5.151,-,-
2022-08-14T22:15:00,5.165,-,-
2022-08-14T22:00:00,5.179,-,-
2022-08-14T21:45:00,5.192,-,-
2022-08-14T21:30:00,5.212,-,-
2022-08-14T21:15:00,5.229,-,-
2022-08-14T21:00:00,5.251,-,-
2022-08-14T20:45:00,5.271,-,-
2022-08-14T20:30:00,5.291,-,-
2022-08-14T20:15:00,5.312,-,-
2022-08-14T20:00:00,5.333,-,-
2022-08-14T19:45:00,5.354,-,-
2022-08-14T19:30:00,5.363,-,-
2022-08-14T19:15:00,5.375,-,-
2022-08-14T19:00:00,5.384,-,-
2022-08-14T18:45:00,5.389,-,-
2022-08-14T18:30:00,5.394,-,-
2022-08-14T18:15:00,5.385,-,-
2022-08-14T18:00:00,5.390,-,-
2022-08-14T17:45:00,5.390,-,-
2022-08-14T17:30:00,5.389,-,-
2022-08-14T17:15:00,5.385,-,-
2022-08-14T17:00:00,5.385,-,-
2022-08-14T16:45:00,5.387,-,-
2022-08-14T16:30:00,5.380,-,-
2022-08-14T16:15:00,5.378,-,-
2022-08-14T16:00:00,5.377,-,-
2022-08-14T15:45:00,5.373,-,-
2022-08-14T15:30:00,5.377,-,-
2022-08-14T15:15:00,5.373,-,-
2022-08-14T15:00:00,5.368,-,-
2022-08-14T14:45:00,5.364,-,-
2022-08-14T14:30:00,5.360,-,-
2022-08-14T14:15:00,5.358,-,-
2022-08-14T14:00:00,5.348,-,-
2022-08-14T13:45:00,5.339,-,-
2022-08-14T13:30:00,5.335,-,-
2022-08-14T13:15:00,5.321,-,-
2022-08-14T13:00:00,5.312,-,-
2022-08-14T12:45:00,5.295,-,-
2022-08-14T12:30:00,5.274,-,-
2022-08-14T12:15:00,5.249,-,-
2022-08-14T12:00:00,5.227,-,-
2022-08-14T11:45:00,5.202,-,-
2022-08-14T11:30:00,5.178,-,-
2022-08-14T11:15:00,5.159,-,-
2022-08-14T11:00:00,5.145,-,-
2022-08-14T10:45:00,5.138,-,-
2022-08-14T10:30:00,5.136,-,-
2022-08-14T10:15:00,5.139,-,-
2022-08-14T10:00:00,5.139,-,-
2022-08-14T09:45:00,5.141,-,-
2022-08-14T09:30:00,5.144,-,-
2022-08-14T09:15:00,5.145,-,-
2022-08-14T09:00:00,5.150,-,-
2022-08-14T08:45:00,5.147,-,-
2022-08-14T08:30:00,5.149,-,-
2022-08-14T08:15:00,5.150,-,-
2022-08-14T08:00:00,5.151,-,-
2022-08-14T07:45:00,5.150,-,-
2022-08-14T07:30:00,5.153,-,-
2022-08-14T07:15:00,5.154,-,-
2022-08-14T07:00:00,5.160,-,-
2022-08-14T06:45:00,5.162,-,-
2022-08-14T06:30:00,5.163,-,-
2022-08-14T06:15:00,5.170,-,-
2022-08-14T06:00:00,5.174,-,-
2022-08-14T05:45:00,5.178,-,-
2022-08-14T05:30:00,5.183,-,-
2022-08-14T05:15:00,5.191,-,-
2022-08-14T05:00:00,5.200,-,-
2022-08-14T04:45:00,5.206,-,-
2022-08-14T04:30:00,5.212,-,-
2022-08-14T04:15:00,5.219,-,-
2022-08-14T04:00:00,5.227,-,-
2022-08-14T03:45:00,5.237,-,-
2022-08-14T03:30:00,5.242,-,-
2022-08-14T03:15:00,5.247,-,-
2022-08-14T03:00:00,5.258,-,-
2022-08-14T02:45:00,5.269,-,-
2022-08-14T02:30:00,5.278,-,-
2022-08-14T02:15:00,5.283,-,-
2022-08-14T02:00:00,5.294,-,-
2022-08-14T01:45:00,5.301,-,-
2022-08-14T01:30:00,5.312,-,-
2022-08-14T01:15:00,5.319,-,-
2022-08-14T01:00:00,5.328,-,-
2022-08-14T00:45:00,5.339,-,-
2022-08-14T00:30:00,5.349,-,-
2022-08-14T00:15:00,5.359,-,-
2022-08-14T00:00:00,5.369,-,-
2022-08-13T23:45:00,5.382,-,-
2022-08-13T23:30:00,5.393,-,-
2022-08-13T23:15:00,5.403,-,-
2022-08-13T23:00:00,5.414,-,-
2022-08-13T22:45:00,5.429,-,-
2022-08-13T22:30:00,5.447,-,-
2022-08-13T22:15:00,5.461,-,-
2022-08-13T22:00:00,5.481,-,-
2022-08-13T21:45:00,5.499,-,-
2022-08-13T21:30:00,5.521,-,-
2022-08-13T21:15:00,5.541,-,-
2022-08-13T21:00:00,5.564,-,-
2022-08-13T20:45:00,5.589,-,-
2022-08-13T20:30:00,5.617,-,-
2022-08-13T20:15:00,5.641,-,-
2022-08-13T20:00:00,5.667,-,-
2022-08-13T19:45:00,5.690,-,-
2022-08-13T19:30:00,5.707,-,-
2022-08-13T19:15:00,5.722,-,-
2022-08-13T19:00:00,5.735,-,-
2022-08-13T18:45:00,5.749,-,-
2022-08-13T18:30:00,5.755,-,-
2022-08-13T18:15:00,5.758,-,-
2022-08-13T18:00:00,5.766,-,-
2022-08-13T17:45:00,5.773,-,-
2022-08-13T17:30:00,5.778,-,-
2022-08-13T17:15:00,5.782,-,-
2022-08-13T17:00:00,5.787,-,-
2022-08-13T16:45:00,5.793,-,-
2022-08-13T16:30:00,5.797,-,-
2022-08-13T16:15:00,5.799,-,-
2022-08-13T16:00:00,5.810,-,-
2022-08-13T15:45:00,5.805,-,-
2022-08-13T15:30:00,5.819,-,-
2022-08-13T15:15:00,5.822,-,-
2022-08-13T15:00:00,5.824,-,-
2022-08-13T14:45:00,5.832,-,-
2022-08-13T14:30:00,5.835,-,-
2022-08-13T14:15:00,5.834,-,-
2022-08-13T14:00:00,5.844,-,-
2022-08-13T13:45:00,5.843,-,-
2022-08-13T13:30:00,5.847,-,-
2022-08-13T13:15:00,5.844,-,-
2022-08-13T13:00:00,5.846,-,-
2022-08-13T12:45:00,5.849,-,-
2022-08-13T12:30:00,5.840,-,-
2022-08-13T12:15:00,5.837,-,-
2022-08-13T12:00:00,5.835,-,-
2022-08-13T11:45:00,5.828,-,-
2022-08-13T11:30:00,5.824,-,-
2022-08-13T11:15:00,5.819,-,-
2022-08-13T11:00:00,5.827,-,-
2022-08-13T10:45:00,5.826,-,-
2022-08-13T10:30:00,5.838,-,-
2022-08-13T10:15:00,5.841,-,-
2022-08-13T10:00:00,5.847,-,-
2022-08-13T09:45:00,5.845,-,-
2022-08-13T09:30:00,5.851,-,-
2022-08-13T09:15:00,5.852,-,-
2022-08-13T09:00:00,5.853,-,-
2022-08-13T08:45:00,5.859,-,-
2022-08-13T08:30:00,5.859,-,-
2022-08-13T08:15:00,5.859,-,-
2022-08-13T08:00:00,5.871,-,-
2022-08-13T07:45:00,5.874,-,-
2022-08-13T07:30:00,5.892,-,-
2022-08-13T07:15:00,5.901,-,-
2022-08-13T07:00:00,5.917,-,-
2022-08-13T06:45:00,5.924,-,-
2022-08-13T06:30:00,5.937,-,-
2022-08-13T06:15:00,5.953,-,-
2022-08-13T06:00:00,5.966,-,-
2022-08-13T05:45:00,5.977,-,-
2022-08-13T05:30:00,5.985,-,-
2022-08-13T05:15:00,5.998,-,-
2022-08-13T05:00:00,6.011,-,-
2022-08-13T04:45:00,6.023,-,-
2022-08-13T04:30:00,6.033,-,-
2022-08-13T04:15:00,6.043,-,-
2022-08-13T04:00:00,6.051,-,-
2022-08-13T03:45:00,6.061,-,-
2022-08-13T03:30:00,6.072,-,-
2022-08-13T03:15:00,6.080,-,-
2022-08-13T03:00:00,6.093,-,-
2022-08-13T02:45:00,6.098,-,-
2022-08-13T02:30:00,6.109,-,-
2022-08-13T02:15:00,6.112,-,-
2022-08-13T02:00:00,6.124,-,-
2022-08-13T01:45:00,6.128,-,-
2022-08-13T01:30:00,6.128,-,-
2022-08-13T01:15:00,6.131,-,-
2022-08-13T01:00:00,6.127,-,-
2022-08-13T00:45:00,6.132,-,-
2022-08-13T00:30:00,6.132,-,-
2022-08-13T00:15:00,6.129,-,-
2022-08-13T00:00:00,6.131,-,-
2022-08-26T23:45:00,8.826,-,-
2022-08-26T23:30:00,8.827,-,-
2022-08-26T23:15:00,8.819,-,-
2022-08-26T23:00:00,8.813,-,-
2022-08-26T22:45:00,8.808,-,-
2022-08-26T22:30:00,8.798,-,-
2022-08-26T22:15:00,8.781,-,-
2022-08-26T22:00:00,8.757,-,-
2022-08-26T21:45:00,8.730,-,-
2022-08-26T21:30:00,8.712,-,-
2022-08-26T21:15:00,8.676,-,-
2022-08-26T21:00:00,8.656,-,-
2022-08-26T20:45:00,8.607,-,-
2022-08-26T20:30:00,8.571,-,-
2022-08-26T20:15:00,8.512,-,-
2022-08-26T20:00:00,8.462,-,-
2022-08-26T19:45:00,8.403,-,-
2022-08-26T19:30:00,8.338,-,-
2022-08-26T19:15:00,8.279,-,-
2022-08-26T19:00:00,8.196,-,-
2022-08-26T18:45:00,8.112,-,-
2022-08-26T18:30:00,8.037,-,-
2022-08-26T18:15:00,7.975,-,-
2022-08-26T18:00:00,7.903,-,-
2022-08-26T17:45:00,7.830,-,-
2022-08-26T17:30:00,7.759,-,-
2022-08-26T17:15:00,7.684,-,-
2022-08-26T17:00:00,7.611,-,-
2022-08-26T16:45:00,7.530,-,-
2022-08-26T16:30:00,7.470,-,-
2022-08-26T16:15:00,7.387,-,-
2022-08-26T16:00:00,7.343,-,-
2022-08-26T15:45:00,7.308,-,-
2022-08-26T15:30:00,7.309,-,-
2022-08-26T15:15:00,7.322,-,-
2022-08-26T15:00:00,7.341,-,-
2022-08-26T14:45:00,7.360,-,-
2022-08-26T14:30:00,7.389,-,-
2022-08-26T14:15:00,7.403,-,-
2022-08-26T14:00:00,7.431,-,-
2022-08-26T13:45:00,7.447,-,-
2022-08-26T13:30:00,7.483,-,-
2022-08-26T13:15:00,7.507,-,-
2022-08-26T13:00:00,7.539,-,-
2022-08-26T12:45:00,7.570,-,-
2022-08-26T12:30:00,7.599,-,-
2022-08-26T12:15:00,7.639,-,-
2022-08-26T12:00:00,7.667,-,-
2022-08-26T11:45:00,7.702,-,-
2022-08-26T11:30:00,7.735,-,-
2022-08-26T11:15:00,7.773,-,-
2022-08-26T11:00:00,7.809,-,-
2022-08-26T10:45:00,7.849,-,-
2022-08-26T10:30:00,7.878,-,-
2022-08-26T10:15:00,7.911,-,-
2022-08-26T10:00:00,7.945,-,-
2022-08-26T09:45:00,7.982,-,-
2022-08-26T09:30:00,8.009,-,-
2022-08-26T09:15:00,8.038,-,-
2022-08-26T09:00:00,8.068,-,-
2022-08-26T08:45:00,8.099,-,-
2022-08-26T08:30:00,8.129,-,-
2022-08-26T08:15:00,8.150,-,-
2022-08-26T08:00:00,8.169,-,-
2022-08-26T07:45:00,8.191,-,-
2022-08-26T07:30:00,8.211,-,-
2022-08-26T07:15:00,8.230,-,-
2022-08-26T07:00:00,8.241,-,-
2022-08-26T06:45:00,8.244,-,-
2022-08-26T06:30:00,8.248,-,-
2022-08-26T06:15:00,8.255,-,-
2022-08-26T06:00:00,8.260,-,-
2022-08-26T05:45:00,8.262,-,-
2022-08-26T05:30:00,8.259,-,-
2022-08-26T05:15:00,8.251,-,-
2022-08-26T05:00:00,8.248,-,-
2022-08-26T04:45:00,8.226,-,-
2022-08-26T04:30:00,8.212,-,-
2022-08-26T04:15:00,8.199,-,-
2022-08-26T04:00:00,8.165,-,-
2022-08-26T03:45:00,8.138,-,-
2022-08-26T03:30:00,8.103,-,-
2022-08-26T03:15:00,8.049,-,-
2022-08-26T03:00:00,8.014,-,-
2022-08-26T02:45:00,7.953,-,-
2022-08-26T02:30:00,7.893,-,-
2022-08-26T02:15:00,7.830,-,-
2022-08-26T02:00:00,7.745,-,-
2022-08-26T01:45:00,7.671,-,-
2022-08-26T01:30:00,7.588,-,-
2022-08-26T01:15:00,7.492,-,-
2022-08-26T01:00:00,7.406,-,-
2022-08-26T00:45:00,7.319,-,-
2022-08-26T00:30:00,7.240,-,-
2022-08-26T00:15:00,7.201,-,-
2022-08-26T00:00:00,7.195,-,-
2022-08-25T23:45:00,7.213,-,-
2022-08-25T23:30:00,7.239,-,-
2022-08-25T23:15:00,7.272,-,-
2022-08-25T23:00:00,7.305,-,-
2022-08-25T22:45:00,7.339,-,-
2022-08-25T22:30:00,7.376,-,-
2022-08-25T22:15:00,7.412,-,-
2022-08-25T22:00:00,7.457,-,-
2022-08-25T21:45:00,7.510,-,-
2022-08-25T21:30:00,7.567,-,-
2022-08-25T21:15:00,7.624,-,-
2022-08-25T21:00:00,7.674,-,-
2022-08-25T20:45:00,7.731,-,-
2022-08-25T20:30:00,7.786,-,-
2022-08-25T20:15:00,7.847,-,-
2022-08-25T20:00:00,7.907,-,-
2022-08-25T19:45:00,7.964,-,-
2022-08-25T19:30:00,8.021,-,-
2022-08-25T19:15:00,8.085,-,-
2022-08-25T19:00:00,8.142,-,-
2022-08-25T18:45:00,8.200,-,-
2022-08-25T18:30:00,8.264,-,-
2022-08-25T18:15:00,8.319,-,-
2022-08-25T18:00:00,8.385,-,-
2022-08-25T17:45:00,8.436,-,-
2022-08-25T17:30:00,8.493,-,-
2022-08-25T17:15:00,8.546,-,-
2022-08-25T17:00:00,8.593,-,-
2022-08-25T16:45:00,8.648,-,-
2022-08-25T16:30:00,8.696,-,-
2022-08-25T16:15:00,8.734,-,-
2022-08-25T16:00:00,8.784,-,-
2022-08-25T15:45:00,8.821,-,-
2022-08-25T15:30:00,8.855,-,-
2022-08-25T15:15:00,8.886,-,-
2022-08-25T15:00:00,8.922,-,-
2022-08-25T14:45:00,8.941,-,-
2022-08-25T14:30:00,8.969,-,-
2022-08-25T14:15:00,8.984,-,-
2022-08-25T14:00:00,9.001,-,-
2022-08-25T13:45:00,9.019,-,-
2022-08-25T13:30:00,9.022,-,-
2022-08-25T13:15:00,9.021,-,-
2022-08-25T13:00:00,9.004,-,-
2022-08-25T12:45:00,9.005,-,-
2022-08-25T12:30:00,8.984,-,-
2022-08-25T12:15:00,8.958,-,-
2022-08-25T12:00:00,8.928,-,-
2022-08-25T11:45:00,8.877,-,-
2022-08-25T11:30:00,8.827,-,-
2022-08-25T11:15:00,8.748,-,-
2022-08-25T11:00:00,8.666,-,-
2022-08-25T10:45:00,8.571,-,-
2022-08-25T10:30:00,8.472,-,-
2022-08-25T10:15:00,8.376,-,-
2022-08-25T10:00:00,8.235,-,-
2022-08-25T09:45:00,8.103,-,-
2022-08-25T09:30:00,7.951,-,-
2022-08-25T09:15:00,7.792,-,-
2022-08-25T09:00:00,7.628,-,-
2022-08-25T08:45:00,7.465,-,-
2022-08-25T08:30:00,7.311,-,-
2022-08-25T08:15:00,7.122,-,-
2022-08-25T08:00:00,6.953,-,-
2022-08-25T07:45:00,6.749,-,-
2022-08-25T07:30:00,6.513,-,-
2022-08-25T07:15:00,6.265,-,-
2022-08-25T07:00:00,5.981,-,-
2022-08-25T06:45:00,5.682,-,-
2022-08-25T06:30:00,5.410,-,-
2022-08-25T06:15:00,5.158,-,-
2022-08-25T06:00:00,4.941,-,-
2022-08-25T05:45:00,4.768,-,-
2022-08-25T05:30:00,4.672,-,-
2022-08-25T05:15:00,4.628,-,-
2022-08-25T05:00:00,4.604,-,-
2022-08-25T04:45:00,4.591,-,-
2022-08-25T04:30:00,4.576,-,-
2022-08-25T04:15:00,4.567,-,-
2022-08-25T04:00:00,4.563,-,-
2022-08-25T03:45:00,4.562,-,-
2022-08-25T03:30:00,4.560,-,-
2022-08-25T03:15:00,4.561,-,-
2022-08-25T03:00:00,4.560,-,-
2022-08-25T02:45:00,4.560,-,-
2022-08-25T02:30:00,4.563,-,-
2022-08-25T02:15:00,4.563,-,-
2022-08-25T02:00:00,4.566,-,-
2022-08-25T01:45:00,4.567,-,-
2022-08-25T01:30:00,4.567,-,-
2022-08-25T01:15:00,4.567,-,-
2022-08-25T01:00:00,4.568,-,-
2022-08-25T00:45:00,4.569,-,-
2022-08-25T00:30:00,4.573,-,-
2022-08-25T00:15:00,4.573,-,-
2022-08-25T00:00:00,4.573,-,-
2022-08-24T23:45:00,4.577,-,-
2022-08-24T23:30:00,4.577,-,-
2022-08-24T23:15:00,4.578,-,-
2022-08-24T23:00:00,4.579,-,-
2022-08-24T22:45:00,4.583,-,-
2022-08-24T22:30:00,4.585,-,-
2022-08-24T22:15:00,4.585,-,-
2022-08-24T22:00:00,4.585,-,-
2022-08-24T21:45:00,4.586,-,-
2022-08-24T21:30:00,4.591,-,-
2022-08-24T21:15:00,4.589,-,-
2022-08-24T21:00:00,4.592,-,-
2022-08-24T20:45:00,4.591,-,-
2022-08-24T20:30:00,4.595,-,-
2022-08-24T20:15:00,4.597,-,-
2022-08-24T20:00:00,4.597,-,-
2022-08-24T19:45:00,4.600,-,-
2022-08-24T19:30:00,4.599,-,-
2022-08-24T19:15:00,4.601,-,-
2022-08-24T19:00:00,4.603,-,-
2022-08-24T18:45:00,4.607,-,-
2022-08-24T18:30:00,4.609,-,-
2022-08-24T18:15:00,4.608,-,-
2022-08-24T18:00:00,4.609,-,-
2022-08-24T17:45:00,4.613,-,-
2022-08-24T17:30:00,4.613,-,-
2022-08-24T17:15:00,4.615,-,-
2022-08-24T17:00:00,4.618,-,-
2022-08-24T16:45:00,4.619,-,-
2022-08-24T16:30:00,4.622,-,-
2022-08-24T16:15:00,4.624,-,-
2022-08-24T16:00:00,4.627,-,-
2022-08-24T15:45:00,4.630,-,-
2022-08-24T15:30:00,4.635,-,-
2022-08-24T15:15:00,4.635,-,-
2022-08-24T15:00:00,4.641,-,-
2022-08-24T14:45:00,4.644,-,-
2022-08-24T14:30:00,4.648,-,-
2022-08-24T14:15:00,4.652,-,-
2022-08-24T14:00:00,4.655,-,-
2022-08-24T13:45:00,4.658,-,-
2022-08-24T13:30:00,4.662,-,-
2022-08-24T13:15:00,4.668,-,-
2022-08-24T13:00:00,4.669,-,-
2022-08-24T12:45:00,4.676,-,-
2022-08-24T12:30:00,4.679,-,-
2022-08-24T12:15:00,4.683,-,-
2022-08-24T12:00:00,4.688,-,-
2022-08-24T11:45:00,4.693,-,-
2022-08-24T11:30:00,4.700,-,-
2022-08-24T11:15:00,4.706,-,-
2022-08-24T11:00:00,4.712,-,-
2022-08-24T10:45:00,4.720,-,-
2022-08-24T10:30:00,4.729,-,-
2022-08-24T10:15:00,4.739,-,-
2022-08-24T10:00:00,4.755,-,-
2022-08-24T09:45:00,4.771,-,-
2022-08-24T09:30:00,4.791,-,-
2022-08-24T09:15:00,4.805,-,-
2022-08-24T09:00:00,4.828,-,-
2022-08-24T08:45:00,4.850,-,-
2022-08-24T08:30:00,4.864,-,-
2022-08-24T08:15:00,4.880,-,-
2022-08-24T08:00:00,4.893,-,-
2022-08-24T07:45:00,4.896,-,-
2022-08-24T07:30:00,4.899,-,-
2022-08-24T07:15:00,4.903,-,-
2022-08-24T07:00:00,4.907,-,-
2022-08-24T06:45:00,4.911,-,-
2022-08-24T06:30:00,4.913,-,-
2022-08-24T06:15:00,4.915,-,-
2022-08-24T06:00:00,4.918,-,-
2022-08-24T05:45:00,4.918,-,-
2022-08-24T05:30:00,4.918,-,-
2022-08-24T05:15:00,4.916,-,-
2022-08-24T05:00:00,4.921,-,-
2022-08-24T04:45:00,4.920,-,-
2022-08-24T04:30:00,4.925,-,-
2022-08-24T04:15:00,4.925,-,-
2022-08-24T04:00:00,4.923,-,-
2022-08-24T03:45:00,4.923,-,-
2022-08-24T03:30:00,4.927,-,-
2022-08-24T03:15:00,4.928,-,-
2022-08-24T03:00:00,4.927,-,-
2022-08-24T02:45:00,4.930,-,-
2022-08-24T02:30:00,4.929,-,-
2022-08-24T02:15:00,4.932,-,-
2022-08-24T02:00:00,4.931,-,-
2022-08-24T01:45:00,4.932,-,-
2022-08-24T01:30:00,4.933,-,-
2022-08-24T01:15:00,4.932,-,-
2022-08-24T01:00:00,4.936,-,-
2022-08-24T00:45:00,4.935,-,-
2022-08-24T00:30:00,4.936,-,-
2022-08-24T00:15:00,4.938,-,-
2022-08-24T00:00:00,4.938,-,-
2022-08-23T23:45:00,4.939,-,-
2022-08-23T23:30:00,4.941,-,-
2022-08-23T23:15:00,4.942,-,-
2022-08-23T23:00:00,4.944,-,-
2022-08-23T22:45:00,4.943,-,-
2022-08-23T22:30:00,4.947,-,-
2022-08-23T22:15:00,4.945,-,-
2022-08-23T22:00:00,4.949,-,-
2022-08-23T21:45:00,4.947,-,-
2022-08-23T21:30:00,4.949,-,-
2022-08-23T21:15:00,4.950,-,-
2022-08-23T21:00:00,4.950,-,-
2022-08-23T20:45:00,4.951,-,-
2022-08-23T20:30:00,4.950,-,-
2022-08-23T20:15:00,4.951,-,-
2022-08-23T20:00:00,4.951,-,-
2022-08-23T19:45:00,4.952,-,-
2022-08-23T19:30:00,4.954,-,-
2022-08-23T19:15:00,4.954,-,-
2022-08-23T19:00:00,4.955,-,-
2022-08-23T18:45:00,4.959,-,-
2022-08-23T18:30:00,4.957,-,-
2022-08-23T18:15:00,4.962,-,-
2022-08-23T18:00:00,4.963,-,-
2022-08-23T17:45:00,4.963,-,-
2022-08-23T17:30:00,4.967,-,-
2022-08-23T17:15:00,4.969,-,-
2022-08-23T17:00:00,4.971,-,-
2022-08-23T16:45:00,4.974,-,-
2022-08-23T16:30:00,4.976,-,-
2022-08-23T16:15:00,4.977,-,-
2022-08-23T16:00:00,4.980,-,-
2022-08-23T15:45:00,4.984,-,-
2022-08-23T15:30:00,4.987,-,-
2022-08-23T15:15:00,4.987,-,-
2022-08-23T15:00:00,4.995,-,-
2022-08-23T14:45:00,4.995,-,-
2022-08-23T14:30:00,4.996,-,-
2022-08-23T14:15:00,4.996,-,-
2022-08-23T14:00:00,5.000,-,-
2022-08-23T13:45:00,5.005,-,-
2022-08-23T13:30:00,5.011,-,-
2022-08-23T13:15:00,5.010,-,-
2022-08-23T13:00:00,5.013,-,-
2022-08-23T12:45:00,5.019,-,-
2022-08-23T12:30:00,5.023,-,-
2022-08-23T12:15:00,5.024,-,-
2022-08-23T12:00:00,5.024,-,-
2022-08-23T11:45:00,5.028,-,-
2022-08-23T11:30:00,5.028,-,-
2022-08-23T11:15:00,5.030,-,-
2022-08-23T11:00:00,5.032,-,-
2022-08-23T10:45:00,5.034,-,-
2022-08-23T10:30:00,5.036,-,-
2022-08-23T10:15:00,5.035,-,-
2022-08-23T10:00:00,5.036,-,-
2022-08-23T09:45:00,5.043,-,-
2022-08-23T09:30:00,5.040,-,-
2022-08-23T09:15:00,5.040,-,-
2022-08-23T09:00:00,5.044,-,-
2022-08-23T08:45:00,5.045,-,-
2022-08-23T08:30:00,5.043,-,-
2022-08-23T08:15:00,5.043,-,-
2022-08-23T08:00:00,5.045,-,-
2022-08-23T07:45:00,5.041,-,-
2022-08-23T07:30:00,5.041,-,-
2022-08-23T07:15:00,5.041,-,-
2022-08-23T07:00:00,5.041,-,-
2022-08-23T06:45:00,5.039,-,-
2022-08-23T06:30:00,5.045,-,-
2022-08-23T06:15:00,5.040,-,-
2022-08-23T06:00:00,5.041,-,-
2022-08-23T05:45:00,5.043,-,-
2022-08-23T05:30:00,5.043,-,-
2022-08-23T05:15:00,5.041,-,-
2022-08-23T05:00:00,5.043,-,-
2022-08-23T04:45:00,5.045,-,-
2022-08-23T04:30:00,5.045,-,-
2022-08-23T04:15:00,5.043,-,-
2022-08-23T04:00:00,5.046,-,-
2022-08-23T03:45:00,5.053,-,-
2022-08-23T03:30:00,5.054,-,-
2022-08-23T03:15:00,5.055,-,-
2022-08-23T03:00:00,5.059,-,-
2022-08-23T02:45:00,5.059,-,-
2022-08-23T02:30:00,5.062,-,-
2022-08-23T02:15:00,5.065,-,-
2022-08-23T02:00:00,5.067,-,-
2022-08-23T01:45:00,5.066,-,-
2022-08-23T01:30:00,5.068,-,-
2022-08-23T01:15:00,5.067,-,-
2022-08-23T01:00:00,5.071,-,-
2022-08-23T00:45:00,5.069,-,-
2022-08-23T00:30:00,5.071,-,-
2022-08-23T00:15:00,5.070,-,-
2022-08-23T00:00:00,5.064,-,-
2022-08-22T23:45:00,5.059,-,-
2022-08-22T23:30:00,5.060,-,-
2022-08-22T23:15:00,5.053,-,-
2022-08-22T23:00:00,5.049,-,-
2022-08-22T22:45:00,5.043,-,-
2022-08-22T22:30:00,5.039,-,-
2022-08-22T22:15:00,5.032,-,-
2022-08-22T22:00:00,5.028,-,-
2022-08-22T21:45:00,5.027,-,-
2022-08-22T21:30:00,5.025,-,-
2022-08-22T21:15:00,5.021,-,-
2022-08-22T21:00:00,5.015,-,-
2022-08-22T20:45:00,5.010,-,-
2022-08-22T20:30:00,5.003,-,-
2022-08-22T20:15:00,4.990,-,-
2022-08-22T20:00:00,4.976,-,-
2022-08-22T19:45:00,4.967,-,-
2022-08-22T19:30:00,4.962,-,-
2022-08-22T19:15:00,4.958,-,-
2022-08-22T19:00:00,4.957,-,-
2022-08-22T18:45:00,4.956,-,-
2022-08-22T18:30:00,4.953,-,-
2022-08-22T18:15:00,4.954,-,-
2022-08-22T18:00:00,4.958,-,-
2022-08-22T17:45:00,4.960,-,-
2022-08-22T17:30:00,4.961,-,-
2022-08-22T17:15:00,4.968,-,-
2022-08-22T17:00:00,4.967,-,-
2022-08-22T16:45:00,4.969,-,-
2022-08-22T16:30:00,4.973,-,-
2022-08-22T16:15:00,4.975,-,-
2022-08-22T16:00:00,4.975,-,-
2022-08-22T15:45:00,4.976,-,-
2022-08-22T15:30:00,4.978,-,-
2022-08-22T15:15:00,4.981,-,-
2022-08-22T15:00:00,4.992,-,-
2022-08-22T14:45:00,4.990,-,-
2022-08-22T14:30:00,4.999,-,-
2022-08-22T14:15:00,4.998,-,-
2022-08-22T14:00:00,5.001,-,-
2022-08-22T13:45:00,5.007,-,-
2022-08-22T13:30:00,5.012,-,-
2022-08-22T13:15:00,5.015,-,-
2022-08-22T13:00:00,5.016,-,-
2022-08-22T12:45:00,5.024,-,-
2022-08-22T12:30:00,5.027,-,-
2022-08-22T12:15:00,5.028,-,-
2022-08-22T12:00:00,5.038,-,-
2022-08-22T11:45:00,5.037,-,-
2022-08-22T11:30:00,5.040,-,-
2022-08-22T11:15:00,5.046,-,-
2022-08-22T11:00:00,5.047,-,-
2022-08-22T10:45:00,5.052,-,-
2022-08-22T10:30:00,5.054,-,-
2022-08-22T10:15:00,5.059,-,-
2022-08-22T10:00:00,5.066,-,-
2022-08-22T09:45:00,5.071,-,-
2022-08-22T09:30:00,5.072,-,-
2022-08-22T09:15:00,5.080,-,-
2022-08-22T09:00:00,5.086,-,-
2022-08-22T08:45:00,5.090,-,-
2022-08-22T08:30:00,5.097,-,-
2022-08-22T08:15:00,5.100,-,-
2022-08-22T08:00:00,5.107,-,-
2022-08-22T07:45:00,5.111,-,-
2022-08-22T07:30:00,5.122,-,-
2022-08-22T07:15:00,5.129,-,-
2022-08-22T07:00:00,5.139,-,-
2022-08-22T06:45:00,5.147,-,-
2022-08-22T06:30:00,5.157,-,-
2022-08-22T06:15:00,5.159,-,-
2022-08-22T06:00:00,5.173,-,-
2022-08-22T05:45:00,5.180,-,-
2022-08-22T05:30:00,5.193,-,-
2022-08-22T05:15:00,5.199,-,-
2022-08-22T05:00:00,5.207,-,-
2022-08-22T04:45:00,5.216,-,-
2022-08-22T04:30:00,5.223,-,-
2022-08-22T04:15:00,5.229,-,-
2022-08-22T04:00:00,5.243,-,-
2022-08-22T03:45:00,5.247,-,-
2022-08-22T03:30:00,5.253,-,-
2022-08-22T03:15:00,5.250,-,-
2022-08-22T03:00:00,5.259,-,-
2022-08-22T02:45:00,5.266,-,-
2022-08-22T02:30:00,5.267,-,-
2022-08-22T02:15:00,5.265,-,-
2022-08-22T02:00:00,5.266,-,-
2022-08-22T01:45:00,5.265,-,-
2022-08-22T01:30:00,5.255,-,-
2022-08-22T01:15:00,5.251,-,-
2022-08-22T01:00:00,5.248,-,-
2022-08-22T00:45:00,5.240,-,-
2022-08-22T00:30:00,5.235,-,-
2022-08-22T00:15:00,5.232,-,-
2022-08-22T00:00:00,5.221,-,-
2022-08-21T23:45:00,5.224,-,-
2022-08-21T23:30:00,5.214,-,-
2022-08-21T23:15:00,5.205,-,-
2022-08-21T23:00:00,5.190,-,-
2022-08-21T22:45:00,5.169,-,-
2022-08-21T22:30:00,5.141,-,-
2022-08-21T22:15:00,5.101,-,-
2022-08-21T22:00:00,5.061,-,-
2022-08-21T21:45:00,5.009,-,-
2022-08-21T21:30:00,4.966,-,-
2022-08-21T21:15:00,4.920,-,-
2022-08-21T21:00:00,4.891,-,-
2022-08-21T20:45:00,4.874,-,-
2022-08-21T20:30:00,4.872,-,-
2022-08-21T20:15:00,4.872,-,-
2022-08-21T20:00:00,4.871,-,-
2022-08-21T19:45:00,4.874,-,-
2022-08-21T19:30:00,4.873,-,-
2022-08-21T19:15:00,4.877,-,-
2022-08-21T19:00:00,4.878,-,-
2022-08-21T18:45:00,4.884,-,-
2022-08-21T18:30:00,4.885,-,-
2022-08-21T18:15:00,4.889,-,-
2022-08-21T18:00:00,4.891,-,-
2022-08-21T17:45:00,4.894,-,-
2022-08-21T17:30:00,4.897,-,-
2022-08-21T17:15:00,4.899,-,-
2022-08-21T17:00:00,4.902,-,-
2022-08-21T16:45:00,4.904,-,-
2022-08-21T16:30:00,4.906,-,-
2022-08-21T16:15:00,4.910,-,-
2022-08-21T16:00:00,4.907,-,-
2022-08-21T15:45:00,4.916,-,-
2022-08-21T15:30:00,4.917,-,-
2022-08-21T15:15:00,4.920,-,-
2022-08-21T15:00:00,4.922,-,-
2022-08-21T14:45:00,4.926,-,-
2022-08-21T14:30:00,4.929,-,-
2022-08-21T14:15:00,4.931,-,-
2022-08-21T14:00:00,4.937,-,-
2022-08-21T13:45:00,4.938,-,-
2022-08-21T13:30:00,4.945,-,-
2022-08-21T13:15:00,4.944,-,-
2022-08-21T13:00:00,4.948,-,-
2022-08-21T12:45:00,4.953,-,-
2022-08-21T12:30:00,4.959,-,-
2022-08-21T12:15:00,4.962,-,-
2022-08-21T12:00:00,4.969,-,-
2022-08-21T11:45:00,4.971,-,-
2022-08-21T11:30:00,4.981,-,-
2022-08-21T11:15:00,4.985,-,-
2022-08-21T11:00:00,4.996,-,-
2022-08-21T10:45:00,5.007,-,-
2022-08-21T10:30:00,5.019,-,-
2022-08-21T10:15:00,5.036,-,-
2022-08-21T10:00:00,5.045,-,-
2022-08-21T09:45:00,5.061,-,-
2022-08-21T09:30:00,5.080,-,-
2022-08-21T09:15:00,5.094,-,-
2022-08-21T09:00:00,5.107,-,-
2022-08-21T08:45:00,5.113,-,-
2022-08-21T08:30:00,5.111,-,-
2022-08-21T08:15:00,5.114,-,-
2022-08-21T08:00:00,5.114,-,-
2022-08-21T07:45:00,5.119,-,-
2022-08-21T07:30:00,5.118,-,-
2022-08-21T07:15:00,5.116,-,-
2022-08-21T07:00:00,5.123,-,-
2022-08-21T06:45:00,5.117,-,-
2022-08-21T06:30:00,5.121,-,-
2022-08-21T06:15:00,5.120,-,-
2022-08-21T06:00:00,5.122,-,-
2022-08-21T05:45:00,5.122,-,-
2022-08-21T05:30:00,5.127,-,-
2022-08-21T05:15:00,5.129,-,-
2022-08-21T05:00:00,5.133,-,-
2022-08-21T04:45:00,5.133,-,-
2022-08-21T04:30:00,5.136,-,-
2022-08-21T04:15:00,5.141,-,-
2022-08-21T04:00:00,5.134,-,-
2022-08-21T03:45:00,5.139,-,-
2022-08-21T03:30:00,5.146,-,-
2022-08-21T03:15:00,5.147,-,-
2022-08-21T03:00:00,5.150,-,-
2022-08-21T02:45:00,5.154,-,-
2022-08-21T02:30:00,5.156,-,-
2022-08-21T02:15:00,5.157,-,-
2022-08-21T02:00:00,5.161,-,-
2022-08-21T01:45:00,5.165,-,-
2022-08-21T01:30:00,5.161,-,-
2022-08-21T01:15:00,5.166,-,-
2022-08-21T01:00:00,5.165,-,-
2022-08-21T00:45:00,5.169,-,-
2022-08-21T00:30:00,5.172,-,-
2022-08-21T00:15:00,5.171,-,-
2022-08-21T00:00:00,5.176,-,-
2022-08-20T23:45:00,5.176,-,-
2022-08-20T23:30:00,5.182,-,-
2022-08-20T23:15:00,5.184,-,-
2022-08-20T23:00:00,5.183,-,-
2022-08-20T22:45:00,5.187,-,-
2022-08-20T22:30:00,5.191,-,-
2022-08-20T22:15:00,5.191,-,-
2022-08-20T22:00:00,5.195,-,-
2022-08-20T21:45:00,5.195,-,-
2022-08-20T21:30:00,5.197,-,-
2022-08-20T21:15:00,5.200,-,-
2022-08-20T21:00:00,5.205,-,-
2022-08-20T20:45:00,5.206,-,-
2022-08-20T20:30:00,5.215,-,-
2022-08-20T20:15:00,5.213,-,-
2022-08-20T20:00:00,5.218,-,-
2022-08-20T19:45:00,5.219,-,-
2022-08-20T19:30:00,5.224,-,-
2022-08-20T19:15:00,5.223,-,-
2022-08-20T19:00:00,5.229,-,-
2022-08-20T18:45:00,5.231,-,-
2022-08-20T18:30:00,5.232,-,-
2022-08-20T18:15:00,5.240,-,-
2022-08-20T18:00:00,5.239,-,-
2022-08-20T17:45:00,5.247,-,-
2022-08-20T17:30:00,5.248,-,-
2022-08-20T17:15:00,5.252,-,-
2022-08-20T17:00:00,5.249,-,-
2022-08-20T16:45:00,5.260,-,-
2022-08-20T16:30:00,5.264,-,-
2022-08-20T16:15:00,5.267,-,-
2022-08-20T16:00:00,5.268,-,-
2022-08-20T15:45:00,5.274,-,-
2022-08-20T15:30:00,5.279,-,-
2022-08-20T15:15:00,5.283,-,-
2022-08-20T15:00:00,5.288,-,-
2022-08-20T14:45:00,5.293,-,-
2022-08-20T14:30:00,5.297,-,-
2022-08-20T14:15:00,5.304,-,-
2022-08-20T14:00:00,5.307,-,-
2022-08-20T13:45:00,5.311,-,-
2022-08-20T13:30:00,5.322,-,-
2022-08-20T13:15:00,5.326,-,-
2022-08-20T13:00:00,5.333,-,-
2022-08-20T12:45:00,5.341,-,-
2022-08-20T12:30:00,5.351,-,-
2022-08-20T12:15:00,5.363,-,-
2022-08-20T12:00:00,5.366,-,-
2022-08-20T11:45:00,5.386,-,-
2022-08-20T11:30:00,5.398,-,-
2022-08-20T11:15:00,5.406,-,-
2022-08-20T11:00:00,5.420,-,-
2022-08-20T10:45:00,5.433,-,-
2022-08-20T10:30:00,5.446,-,-
2022-08-20T10:15:00,5.451,-,-
2022-08-20T10:00:00,5.453,-,-
2022-08-20T09:45:00,5.463,-,-
2022-08-20T09:30:00,5.461,-,-
2022-08-20T09:15:00,5.468,-,-
2022-08-20T09:00:00,5.474,-,-
2022-08-20T08:45:00,5.482,-,-
2022-08-20T08:30:00,5.480,-,-
2022-08-20T08:15:00,5.482,-,-
2022-08-20T08:00:00,5.487,-,-
2022-08-20T07:45:00,5.486,-,-
2022-08-20T07:30:00,5.489,-,-
2022-08-20T07:15:00,5.485,-,-
2022-08-20T07:00:00,5.488,-,-
2022-08-20T06:45:00,5.485,-,-
2022-08-20T06:30:00,5.489,-,-
2022-08-20T06:15:00,5.491,-,-
2022-08-20T06:00:00,5.491,-,-
2022-08-20T05:45:00,5.492,-,-
2022-08-20T05:30:00,5.494,-,-
2022-08-20T05:15:00,5.498,-,-
2022-08-20T05:00:00,5.501,-,-
2022-08-20T04:45:00,5.499,-,-
2022-08-20T04:30:00,5.499,-,-
2022-08-20T04:15:00,5.499,-,-
2022-08-20T04:00:00,5.501,-,-
2022-08-20T03:45:00,5.499,-,-
2022-08-20T03:30:00,5.498,-,-
2022-08-20T03:15:00,5.495,-,-
2022-08-20T03:00:00,5.490,-,-
2022-08-20T02:45:00,5.487,-,-
2022-08-20T02:30:00,5.484,-,-
2022-08-20T02:15:00,5.472,-,-
2022-08-20T02:00:00,5.455,-,-
2022-08-20T01:45:00,5.448,-,-
2022-08-20T01:30:00,5.439,-,-
2022-08-20T01:15:00,5.429,-,-
2022-08-20T01:00:00,5.421,-,-
2022-08-20T00:45:00,5.412,-,-
2022-08-20T00:30:00,5.407,-,-
2022-08-20T00:15:00,5.406,-,-
2022-08-20T00:00:00,5.403,-,-
2022-09-02T23:45:00,5.052,-,-
2022-09-02T23:30:00,5.061,-,-
2022-09-02T23:15:00,5.065,-,-
2022-09-02T23:00:00,5.074,-,-
2022-09-02T22:45:00,5.082,-,-
2022-09-02T22:30:00,5.091,-,-
2022-09-02T22:15:00,5.101,-,-
2022-09-02T22:00:00,5.110,-,-
2022-09-02T21:45:00,5.117,-,-
2022-09-02T21:30:00,5.126,-,-
2022-09-02T21:15:00,5.133,-,-
2022-09-02T21:00:00,5.143,-,-
2022-09-02T20:45:00,5.149,-,-
2022-09-02T20:30:00,5.153,-,-
2022-09-02T20:15:00,5.163,-,-
2022-09-02T20:00:00,5.163,-,-
2022-09-02T19:45:00,5.166,-,-
2022-09-02T19:30:00,5.164,-,-
2022-09-02T19:15:00,5.166,-,-
2022-09-02T19:00:00,5.168,-,-
2022-09-02T18:45:00,5.166,-,-
2022-09-02T18:30:00,5.164,-,-
2022-09-02T18:15:00,5.157,-,-
2022-09-02T18:00:00,5.153,-,-
2022-09-02T17:45:00,5.143,-,-
2022-09-02T17:30:00,5.124,-,-
2022-09-02T17:15:00,5.103,-,-
2022-09-02T17:00:00,5.078,-,-
2022-09-02T16:45:00,5.053,-,-
2022-09-02T16:30:00,5.034,-,-
2022-09-02T16:15:00,5.015,-,-
2022-09-02T16:00:00,4.987,-,-
2022-09-02T15:45:00,4.949,-,-
2022-09-02T15:30:00,4.905,-,-
2022-09-02T15:15:00,4.863,-,-
2022-09-02T15:00:00,4.835,-,-
2022-09-02T14:45:00,4.816,-,-
2022-09-02T14:30:00,4.806,-,-
2022-09-02T14:15:00,4.802,-,-
2022-09-02T14:00:00,4.803,-,-
2022-09-02T13:45:00,4.801,-,-
2022-09-02T13:30:00,4.799,-,-
2022-09-02T13:15:00,4.799,-,-
2022-09-02T13:00:00,4.798,-,-
2022-09-02T12:45:00,4.799,-,-
2022-09-02T12:30:00,4.802,-,-
2022-09-02T12:15:00,4.804,-,-
2022-09-02T12:00:00,4.805,-,-
2022-09-02T11:45:00,4.807,-,-
2022-09-02T11:30:00,4.810,-,-
2022-09-02T11:15:00,4.812,-,-
2022-09-02T11:00:00,4.814,-,-
2022-09-02T10:45:00,4.819,-,-
2022-09-02T10:30:00,4.821,-,-
2022-09-02T10:15:00,4.824,-,-
2022-09-02T10:00:00,4.825,-,-
2022-09-02T09:45:00,4.827,-,-
2022-09-02T09:30:00,4.829,-,-
2022-09-02T09:15:00,4.838,-,-
2022-09-02T09:00:00,4.841,-,-
2022-09-02T08:45:00,4.846,-,-
2022-09-02T08:30:00,4.849,-,-
2022-09-02T08:15:00,4.851,-,-
2022-09-02T08:00:00,4.850,-,-
2022-09-02T07:45:00,4.854,-,-
2022-09-02T07:30:00,4.859,-,-
2022-09-02T07:15:00,4.863,-,-
2022-09-02T07:00:00,4.866,-,-
2022-09-02T06:45:00,4.872,-,-
2022-09-02T06:30:00,4.874,-,-
2022-09-02T06:15:00,4.871,-,-
2022-09-02T06:00:00,4.878,-,-
2022-09-02T05:45:00,4.880,-,-
2022-09-02T05:30:00,4.883,-,-
2022-09-02T05:15:00,4.886,-,-
2022-09-02T05:00:00,4.884,-,-
2022-09-02T04:45:00,4.889,-,-
2022-09-02T04:30:00,4.891,-,-
2022-09-02T04:15:00,4.892,-,-
2022-09-02T04:00:00,4.893,-,-
2022-09-02T03:45:00,4.896,-,-
2022-09-02T03:30:00,4.899,-,-
2022-09-02T03:15:00,4.901,-,-
2022-09-02T03:00:00,4.907,-,-
2022-09-02T02:45:00,4.910,-,-
2022-09-02T02:30:00,4.910,-,-
2022-09-02T02:15:00,4.911,-,-
2022-09-02T02:00:00,4.916,-,-
2022-09-02T01:45:00,4.921,-,-
2022-09-02T01:30:00,4.921,-,-
2022-09-02T01:15:00,4.928,-,-
2022-09-02T01:00:00,4.931,-,-
2022-09-02T00:45:00,4.933,-,-
2022-09-02T00:30:00,4.932,-,-
2022-09-02T00:15:00,4.941,-,-
2022-09-02T00:00:00,4.944,-,-
2022-09-01T23:45:00,4.945,-,-
2022-09-01T23:30:00,4.951,-,-
2022-09-01T23:15:00,4.954,-,-
2022-09-01T23:00:00,4.957,-,-
2022-09-01T22:45:00,4.964,-,-
2022-09-01T22:30:00,4.965,-,-
2022-09-01T22:15:00,4.967,-,-
2022-09-01T22:00:00,4.973,-,-
2022-09-01T21:45:00,4.970,-,-
2022-09-01T21:30:00,4.971,-,-
2022-09-01T21:15:00,4.967,-,-
2022-09-01T21:00:00,4.958,-,-
2022-09-01T20:45:00,4.962,-,-
2022-09-01T20:30:00,4.963,-,-
2022-09-01T20:15:00,4.959,-,-
2022-09-01T20:00:00,4.962,-,-
2022-09-01T19:45:00,4.966,-,-
2022-09-01T19:30:00,4.959,-,-
2022-09-01T19:15:00,4.955,-,-
2022-09-01T19:00:00,4.949,-,-
2022-09-01T18:45:00,4.943,-,-
2022-09-01T18:30:00,4.935,-,-
2022-09-01T18:15:00,4.930,-,-
2022-09-01T18:00:00,4.927,-,-
2022-09-01T17:45:00,4.924,-,-
2022-09-01T17:30:00,4.922,-,-
2022-09-01T17:15:00,4.921,-,-
2022-09-01T17:00:00,4.922,-,-
2022-09-01T16:45:00,4.922,-,-
2022-09-01T16:30:00,4.928,-,-
2022-09-01T16:15:00,4.931,-,-
2022-09-01T16:00:00,4.933,-,-
2022-09-01T15:45:00,4.939,-,-
2022-09-01T15:30:00,4.947,-,-
2022-09-01T15:15:00,4.956,-,-
2022-09-01T15:00:00,4.964,-,-
2022-09-01T14:45:00,4.968,-,-
2022-09-01T14:30:00,4.975,-,-
2022-09-01T14:15:00,4.966,-,-
2022-09-01T14:00:00,4.964,-,-
2022-09-01T13:45:00,4.954,-,-
2022-09-01T13:30:00,4.951,-,-
2022-09-01T13:15:00,4.946,-,-
2022-09-01T13:00:00,4.947,-,-
2022-09-01T12:45:00,4.956,-,-
2022-09-01T12:30:00,4.959,-,-
2022-09-01T12:15:00,4.963,-,-
2022-09-01T12:00:00,4.966,-,-
2022-09-01T11:45:00,4.969,-,-
2022-09-01T11:30:00,4.969,-,-
2022-09-01T11:15:00,4.972,-,-
2022-09-01T11:00:00,4.978,-,-
2022-09-01T10:45:00,4.979,-,-
2022-09-01T10:30:00,4.986,-,-
2022-09-01T10:15:00,4.987,-,-
2022-09-01T10:00:00,4.989,-,-
2022-09-01T09:45:00,4.995,-,-
2022-09-01T09:30:00,4.995,-,-
2022-09-01T09:15:00,5.003,-,-
2022-09-01T09:00:00,5.011,-,-
2022-09-01T08:45:00,5.011,-,-
2022-09-01T08:30:00,5.017,-,-
2022-09-01T08:15:00,5.015,-,-
2022-09-01T08:00:00,5.022,-,-
2022-09-01T07:45:00,5.028,-,-
2022-09-01T07:30:00,5.029,-,-
2022-09-01T07:15:00,5.032,-,-
2022-09-01T07:00:00,5.039,-,-
2022-09-01T06:45:00,5.040,-,-
2022-09-01T06:30:00,5.043,-,-
2022-09-01T06:15:00,5.048,-,-
2022-09-01T06:00:00,5.051,-,-
2022-09-01T05:45:00,5.052,-,-
2022-09-01T05:30:00,5.054,-,-
2022-09-01T05:15:00,5.062,-,-
2022-09-01T05:00:00,5.068,-,-
2022-09-01T04:45:00,5.068,-,-
2022-09-01T04:30:00,5.072,-,-
2022-09-01T04:15:00,5.083,-,-
2022-09-01T04:00:00,5.082,-,-
2022-09-01T03:45:00,5.087,-,-
2022-09-01T03:30:00,5.095,-,-
2022-09-01T03:15:00,5.097,-,-
2022-09-01T03:00:00,5.098,-,-
2022-09-01T02:45:00,5.103,-,-
2022-09-01T02:30:00,5.109,-,-
2022-09-01T02:15:00,5.113,-,-
2022-09-01T02:00:00,5.118,-,-
2022-09-01T01:45:00,5.121,-,-
2022-09-01T01:30:00,5.125,-,-
2022-09-01T01:15:00,5.128,-,-
2022-09-01T01:00:00,5.138,-,-
2022-09-01T00:45:00,5.138,-,-
2022-09-01T00:30:00,5.145,-,-
2022-09-01T00:15:00,5.146,-,-
2022-09-01T00:00:00,5.151,-,-
2022-08-31T23:45:00,5.157,-,-
2022-08-31T23:30:00,5.159,-,-
2022-08-31T23:15:00,5.164,-,-
2022-08-31T23:00:00,5.166,-,-
2022-08-31T22:45:00,5.170,-,-
2022-08-31T22:30:00,5.176,-,-
2022-08-31T22:15:00,5.178,-,-
2022-08-31T22:00:00,5.182,-,-
2022-08-31T21:45:00,5.187,-,-
2022-08-31T21:30:00,5.191,-,-
2022-08-31T21:15:00,5.190,-,-
2022-08-31T21:00:00,5.193,-,-
2022-08-31T20:45:00,5.201,-,-
2022-08-31T20:30:00,5.200,-,-
2022-08-31T20:15:00,5.201,-,-
2022-08-31T20:00:00,5.200,-,-
2022-08-31T19:45:00,5.206,-,-
2022-08-31T19:30:00,5.201,-,-
2022-08-31T19:15:00,5.205,-,-
2022-08-31T19:00:00,5.202,-,-
2022-08-31T18:45:00,5.195,-,-
2022-08-31T18:30:00,5.197,-,-
2022-08-31T18:15:00,5.195,-,-
2022-08-31T18:00:00,5.190,-,-
2022-08-31T17:45:00,5.190,-,-
2022-08-31T17:30:00,5.185,-,-
2022-08-31T17:15:00,5.187,-,-
2022-08-31T17:00:00,5.185,-,-
2022-08-31T16:45:00,5.187,-,-
2022-08-31T16:30:00,5.187,-,-
2022-08-31T16:15:00,5.188,-,-
2022-08-31T16:00:00,5.194,-,-
2022-08-31T15:45:00,5.190,-,-
2022-08-31T15:30:00,5.194,-,-
2022-08-31T15:15:00,5.188,-,-
2022-08-31T15:00:00,5.186,-,-
2022-08-31T14:45:00,5.180,-,-
2022-08-31T14:30:00,5.168,-,-
2022-08-31T14:15:00,5.158,-,-
2022-08-31T14:00:00,5.147,-,-
2022-08-31T13:45:00,5.132,-,-
2022-08-31T13:30:00,5.120,-,-
2022-08-31T13:15:00,5.116,-,-
2022-08-31T13:00:00,5.108,-,-
2022-08-31T12:45:00,5.107,-,-
2022-08-31T12:30:00,5.095,-,-
2022-08-31T12:15:00,5.094,-,-
2022-08-31T12:00:00,5.095,-,-
2022-08-31T11:45:00,5.097,-,-
2022-08-31T11:30:00,5.102,-,-
2022-08-31T11:15:00,5.107,-,-
2022-08-31T11:00:00,5.112,-,-
2022-08-31T10:45:00,5.116,-,-
2022-08-31T10:30:00,5.122,-,-
2022-08-31T10:15:00,5.125,-,-
2022-08-31T10:00:00,5.125,-,-
2022-08-31T09:45:00,5.127,-,-
2022-08-31T09:30:00,5.129,-,-
2022-08-31T09:15:00,5.134,-,-
2022-08-31T09:00:00,5.141,-,-
2022-08-31T08:45:00,5.145,-,-
2022-08-31T08:30:00,5.147,-,-
2022-08-31T08:15:00,5.152,-,-
2022-08-31T08:00:00,5.156,-,-
2022-08-31T07:45:00,5.159,-,-
2022-08-31T07:30:00,5.162,-,-
2022-08-31T07:15:00,5.168,-,-
2022-08-31T07:00:00,5.170,-,-
2022-08-31T06:45:00,5.173,-,-
2022-08-31T06:30:00,5.173,-,-
2022-08-31T06:15:00,5.178,-,-
2022-08-31T06:00:00,5.183,-,-
2022-08-31T05:45:00,5.187,-,-
2022-08-31T05:30:00,5.190,-,-
2022-08-31T05:15:00,5.195,-,-
2022-08-31T05:00:00,5.195,-,-
2022-08-31T04:45:00,5.199,-,-
2022-08-31T04:30:00,5.202,-,-
2022-08-31T04:15:00,5.212,-,-
2022-08-31T04:00:00,5.213,-,-
2022-08-31T03:45:00,5.219,-,-
2022-08-31T03:30:00,5.227,-,-
2022-08-31T03:15:00,5.225,-,-
2022-08-31T03:00:00,5.233,-,-
2022-08-31T02:45:00,5.235,-,-
2022-08-31T02:30:00,5.242,-,-
2022-08-31T02:15:00,5.243,-,-
2022-08-31T02:00:00,5.251,-,-
2022-08-31T01:45:00,5.253,-,-
2022-08-31T01:30:00,5.256,-,-
2022-08-31T01:15:00,5.263,-,-
2022-08-31T01:00:00,5.265,-,-
2022-08-31T00:45:00,5.269,-,-
2022-08-31T00:30:00,5.272,-,-
2022-08-31T00:15:00,5.278,-,-
2022-08-31T00:00:00,5.282,-,-
2022-08-30T23:45:00,5.283,-,-
2022-08-30T23:30:00,5.289,-,-
2022-08-30T23:15:00,5.290,-,-
2022-08-30T23:00:00,5.295,-,-
2022-08-30T22:45:00,5.299,-,-
2022-08-30T22:30:00,5.300,-,-
2022-08-30T22:15:00,5.302,-,-
2022-08-30T22:00:00,5.304,-,-
2022-08-30T21:45:00,5.304,-,-
2022-08-30T21:30:00,5.308,-,-
2022-08-30T21:15:00,5.308,-,-
2022-08-30T21:00:00,5.312,-,-
2022-08-30T20:45:00,5.319,-,-
2022-08-30T20:30:00,5.319,-,-
2022-08-30T20:15:00,5.325,-,-
2022-08-30T20:00:00,5.329,-,-
2022-08-30T19:45:00,5.334,-,-
2022-08-30T19:30:00,5.336,-,-
2022-08-30T19:15:00,5.345,-,-
2022-08-30T19:00:00,5.350,-,-
2022-08-30T18:45:00,5.353,-,-
2022-08-30T18:30:00,5.352,-,-
2022-08-30T18:15:00,5.361,-,-
2022-08-30T18:00:00,5.365,-,-
2022-08-30T17:45:00,5.369,-,-
2022-08-30T17:30:00,5.378,-,-
2022-08-30T17:15:00,5.380,-,-
2022-08-30T17:00:00,5.384,-,-
2022-08-30T16:45:00,5.385,-,-
2022-08-30T16:30:00,5.396,-,-
2022-08-30T16:15:00,5.404,-,-
2022-08-30T16:00:00,5.409,-,-
2022-08-30T15:45:00,5.409,-,-
2022-08-30T15:30:00,5.415,-,-
2022-08-30T15:15:00,5.419,-,-
2022-08-30T15:00:00,5.428,-,-
2022-08-30T14:45:00,5.432,-,-
2022-08-30T14:30:00,5.435,-,-
2022-08-30T14:15:00,5.441,-,-
2022-08-30T14:00:00,5.445,-,-
2022-08-30T13:45:00,5.453,-,-
2022-08-30T13:30:00,5.455,-,-
2022-08-30T13:15:00,5.463,-,-
2022-08-30T13:00:00,5.465,-,-
2022-08-30T12:45:00,5.470,-,-
2022-08-30T12:30:00,5.475,-,-
2022-08-30T12:15:00,5.480,-,-
2022-08-30T12:00:00,5.487,-,-
2022-08-30T11:45:00,5.487,-,-
2022-08-30T11:30:00,5.496,-,-
2022-08-30T11:15:00,5.497,-,-
2022-08-30T11:00:00,5.504,-,-
2022-08-30T10:45:00,5.513,-,-
2022-08-30T10:30:00,5.516,-,-
2022-08-30T10:15:00,5.521,-,-
2022-08-30T10:00:00,5.524,-,-
2022-08-30T09:45:00,5.531,-,-
2022-08-30T09:30:00,5.533,-,-
2022-08-30T09:15:00,5.537,-,-
2022-08-30T09:00:00,5.544,-,-
2022-08-30T08:45:00,5.550,-,-
2022-08-30T08:30:00,5.551,-,-
2022-08-30T08:15:00,5.555,-,-
2022-08-30T08:00:00,5.565,-,-
2022-08-30T07:45:00,5.569,-,-
2022-08-30T07:30:00,5.575,-,-
2022-08-30T07:15:00,5.582,-,-
2022-08-30T07:00:00,5.586,-,-
2022-08-30T06:45:00,5.590,-,-
2022-08-30T06:30:00,5.601,-,-
2022-08-30T06:15:00,5.606,-,-
2022-08-30T06:00:00,5.611,-,-
2022-08-30T05:45:00,5.615,-,-
2022-08-30T05:30:00,5.622,-,-
2022-08-30T05:15:00,5.631,-,-
2022-08-30T05:00:00,5.637,-,-
2022-08-30T04:45:00,5.645,-,-
2022-08-30T04:30:00,5.651,-,-
2022-08-30T04:15:00,5.653,-,-
2022-08-30T04:00:00,5.663,-,-
2022-08-30T03:45:00,5.668,-,-
2022-08-30T03:30:00,5.673,-,-
2022-08-30T03:15:00,5.681,-,-
2022-08-30T03:00:00,5.687,-,-
2022-08-30T02:45:00,5.692,-,-
2022-08-30T02:30:00,5.707,-,-
2022-08-30T02:15:00,5.715,-,-
2022-08-30T02:00:00,5.723,-,-
2022-08-30T01:45:00,5.728,-,-
2022-08-30T01:30:00,5.736,-,-
2022-08-30T01:15:00,5.737,-,-
2022-08-30T01:00:00,5.751,-,-
2022-08-30T00:45:00,5.754,-,-
2022-08-30T00:30:00,5.763,-,-
2022-08-30T00:15:00,5.765,-,-
2022-08-30T00:00:00,5.774,-,-
2022-08-29T23:45:00,5.776,-,-
2022-08-29T23:30:00,5.784,-,-
2022-08-29T23:15:00,5.784,-,-
2022-08-29T23:00:00,5.780,-,-
2022-08-29T22:45:00,5.784,-,-
2022-08-29T22:30:00,5.780,-,-
2022-08-29T22:15:00,5.779,-,-
2022-08-29T22:00:00,5.779,-,-
2022-08-29T21:45:00,5.771,-,-
2022-08-29T21:30:00,5.768,-,-
2022-08-29T21:15:00,5.753,-,-
2022-08-29T21:00:00,5.736,-,-
2022-08-29T20:45:00,5.726,-,-
2022-08-29T20:30:00,5.715,-,-
2022-08-29T20:15:00,5.703,-,-
2022-08-29T20:00:00,5.701,-,-
2022-08-29T19:45:00,5.694,-,-
2022-08-29T19:30:00,5.687,-,-
2022-08-29T19:15:00,5.683,-,-
2022-08-29T19:00:00,5.688,-,-
2022-08-29T18:45:00,5.690,-,-
2022-08-29T18:30:00,5.683,-,-
2022-08-29T18:15:00,5.688,-,-
2022-08-29T18:00:00,5.688,-,-
2022-08-29T17:45:00,5.693,-,-
2022-08-29T17:30:00,5.698,-,-
2022-08-29T17:15:00,5.703,-,-
2022-08-29T17:00:00,5.699,-,-
2022-08-29T16:45:00,5.703,-,-
2022-08-29T16:30:00,5.705,-,-
2022-08-29T16:15:00,5.687,-,-
2022-08-29T16:00:00,5.684,-,-
2022-08-29T15:45:00,5.685,-,-
2022-08-29T15:30:00,5.680,-,-
2022-08-29T15:15:00,5.687,-,-
2022-08-29T15:00:00,5.689,-,-
2022-08-29T14:45:00,5.694,-,-
2022-08-29T14:30:00,5.697,-,-
2022-08-29T14:15:00,5.713,-,-
2022-08-29T14:00:00,5.715,-,-
2022-08-29T13:45:00,5.721,-,-
2022-08-29T13:30:00,5.732,-,-
2022-08-29T13:15:00,5.737,-,-
2022-08-29T13:00:00,5.739,-,-
2022-08-29T12:45:00,5.747,-,-
2022-08-29T12:30:00,5.753,-,-
2022-08-29T12:15:00,5.751,-,-
2022-08-29T12:00:00,5.758,-,-
2022-08-29T11:45:00,5.763,-,-
2022-08-29T11:30:00,5.760,-,-
2022-08-29T11:15:00,5.754,-,-
2022-08-29T11:00:00,5.760,-,-
2022-08-29T10:45:00,5.751,-,-
2022-08-29T10:30:00,5.743,-,-
2022-08-29T10:15:00,5.738,-,-
2022-08-29T10:00:00,5.729,-,-
2022-08-29T09:45:00,5.730,-,-
2022-08-29T09:30:00,5.730,-,-
2022-08-29T09:15:00,5.739,-,-
2022-08-29T09:00:00,5.742,-,-
2022-08-29T08:45:00,5.747,-,-
2022-08-29T08:30:00,5.755,-,-
2022-08-29T08:15:00,5.763,-,-
2022-08-29T08:00:00,5.775,-,-
2022-08-29T07:45:00,5.785,-,-
2022-08-29T07:30:00,5.792,-,-
2022-08-29T07:15:00,5.806,-,-
2022-08-29T07:00:00,5.815,-,-
2022-08-29T06:45:00,5.825,-,-
2022-08-29T06:30:00,5.836,-,-
2022-08-29T06:15:00,5.845,-,-
2022-08-29T06:00:00,5.860,-,-
2022-08-29T05:45:00,5.865,-,-
2022-08-29T05:30:00,5.880,-,-
2022-08-29T05:15:00,5.889,-,-
2022-08-29T05:00:00,5.899,-,-
2022-08-29T04:45:00,5.912,-,-
2022-08-29T04:30:00,5.927,-,-
2022-08-29T04:15:00,5.935,-,-
2022-08-29T04:00:00,5.952,-,-
2022-08-29T03:45:00,5.966,-,-
2022-08-29T03:30:00,5.978,-,-
2022-08-29T03:15:00,5.992,-,-
2022-08-29T03:00:00,6.009,-,-
2022-08-29T02:45:00,6.020,-,-
2022-08-29T02:30:00,6.033,-,-
2022-08-29T02:15:00,6.047,-,-
2022-08-29T02:00:00,6.060,-,-
2022-08-29T01:45:00,6.074,-,-
2022-08-29T01:30:00,6.086,-,-
2022-08-29T01:15:00,6.099,-,-
2022-08-29T01:00:00,6.121,-,-
2022-08-29T00:45:00,6.131,-,-
2022-08-29T00:30:00,6.145,-,-
2022-08-29T00:15:00,6.163,-,-
2022-08-29T00:00:00,6.177,-,-
2022-08-28T23:45:00,6.194,-,-
2022-08-28T23:30:00,6.209,-,-
2022-08-28T23:15:00,6.226,-,-
2022-08-28T23:00:00,6.234,-,-
2022-08-28T22:45:00,6.241,-,-
2022-08-28T22:30:00,6.258,-,-
2022-08-28T22:15:00,6.272,-,-
2022-08-28T22:00:00,6.282,-,-
2022-08-28T21:45:00,6.293,-,-
2022-08-28T21:30:00,6.304,-,-
2022-08-28T21:15:00,6.312,-,-
2022-08-28T21:00:00,6.310,-,-
2022-08-28T20:45:00,6.304,-,-
2022-08-28T20:30:00,6.312,-,-
2022-08-28T20:15:00,6.308,-,-
2022-08-28T20:00:00,6.304,-,-
2022-08-28T19:45:00,6.299,-,-
2022-08-28T19:30:00,6.285,-,-
2022-08-28T19:15:00,6.277,-,-
2022-08-28T19:00:00,6.269,-,-
2022-08-28T18:45:00,6.265,-,-
2022-08-28T18:30:00,6.237,-,-
2022-08-28T18:15:00,6.212,-,-
2022-08-28T18:00:00,6.183,-,-
2022-08-28T17:45:00,6.152,-,-
2022-08-28T17:30:00,6.107,-,-
2022-08-28T17:15:00,6.077,-,-
2022-08-28T17:00:00,6.040,-,-
2022-08-28T16:45:00,5.994,-,-
2022-08-28T16:30:00,5.957,-,-
2022-08-28T16:15:00,5.925,-,-
2022-08-28T16:00:00,5.889,-,-
2022-08-28T15:45:00,5.856,-,-
2022-08-28T15:30:00,5.824,-,-
2022-08-28T15:15:00,5.808,-,-
2022-08-28T15:00:00,5.798,-,-
2022-08-28T14:45:00,5.803,-,-
2022-08-28T14:30:00,5.800,-,-
2022-08-28T14:15:00,5.803,-,-
2022-08-28T14:00:00,5.811,-,-
2022-08-28T13:45:00,5.817,-,-
2022-08-28T13:30:00,5.821,-,-
2022-08-28T13:15:00,5.825,-,-
2022-08-28T13:00:00,5.837,-,-
2022-08-28T12:45:00,5.848,-,-
2022-08-28T12:30:00,5.853,-,-
2022-08-28T12:15:00,5.857,-,-
2022-08-28T12:00:00,5.866,-,-
2022-08-28T11:45:00,5.866,-,-
2022-08-28T11:30:00,5.882,-,-
2022-08-28T11:15:00,5.895,-,-
2022-08-28T11:00:00,5.904,-,-
2022-08-28T10:45:00,5.905,-,-
2022-08-28T10:30:00,5.915,-,-
2022-08-28T10:15:00,5.923,-,-
2022-08-28T10:00:00,5.934,-,-
2022-08-28T09:45:00,5.944,-,-
2022-08-28T09:30:00,5.949,-,-
2022-08-28T09:15:00,5.964,-,-
2022-08-28T09:00:00,5.966,-,-
2022-08-28T08:45:00,5.980,-,-
2022-08-28T08:30:00,5.994,-,-
2022-08-28T08:15:00,5.997,-,-
2022-08-28T08:00:00,6.008,-,-
2022-08-28T07:45:00,6.013,-,-
2022-08-28T07:30:00,6.028,-,-
2022-08-28T07:15:00,6.035,-,-
2022-08-28T07:00:00,6.048,-,-
2022-08-28T06:45:00,6.053,-,-
2022-08-28T06:30:00,6.058,-,-
2022-08-28T06:15:00,6.075,-,-
2022-08-28T06:00:00,6.089,-,-
2022-08-28T05:45:00,6.099,-,-
2022-08-28T05:30:00,6.113,-,-
2022-08-28T05:15:00,6.124,-,-
2022-08-28T05:00:00,6.135,-,-
2022-08-28T04:45:00,6.146,-,-
2022-08-28T04:30:00,6.154,-,-
2022-08-28T04:15:00,6.174,-,-
2022-08-28T04:00:00,6.183,-,-
2022-08-28T03:45:00,6.202,-,-
2022-08-28T03:30:00,6.212,-,-
2022-08-28T03:15:00,6.225,-,-
2022-08-28T03:00:00,6.237,-,-
2022-08-28T02:45:00,6.252,-,-
2022-08-28T02:30:00,6.260,-,-
2022-08-28T02:15:00,6.285,-,-
2022-08-28T02:00:00,6.300,-,-
2022-08-28T01:45:00,6.303,-,-
2022-08-28T01:30:00,6.327,-,-
2022-08-28T01:15:00,6.346,-,-
2022-08-28T01:00:00,6.355,-,-
2022-08-28T00:45:00,6.374,-,-
2022-08-28T00:30:00,6.389,-,-
2022-08-28T00:15:00,6.407,-,-
2022-08-28T00:00:00,6.424,-,-
2022-08-27T23:45:00,6.437,-,-
2022-08-27T23:30:00,6.458,-,-
2022-08-27T23:15:00,6.464,-,-
2022-08-27T23:00:00,6.497,-,-
2022-08-27T22:45:00,6.506,-,-
2022-08-27T22:30:00,6.526,-,-
2022-08-27T22:15:00,6.541,-,-
2022-08-27T22:00:00,6.558,-,-
2022-08-27T21:45:00,6.573,-,-
2022-08-27T21:30:00,6.599,-,-
2022-08-27T21:15:00,6.615,-,-
2022-08-27T21:00:00,6.630,-,-
2022-08-27T20:45:00,6.651,-,-
2022-08-27T20:30:00,6.672,-,-
2022-08-27T20:15:00,6.693,-,-
2022-08-27T20:00:00,6.715,-,-
2022-08-27T19:45:00,6.724,-,-
2022-08-27T19:30:00,6.747,-,-
2022-08-27T19:15:00,6.774,-,-
2022-08-27T19:00:00,6.787,-,-
2022-08-27T18:45:00,6.816,-,-
2022-08-27T18:30:00,6.834,-,-
2022-08-27T18:15:00,6.854,-,-
2022-08-27T18:00:00,6.881,-,-
2022-08-27T17:45:00,6.902,-,-
2022-08-27T17:30:00,6.922,-,-
2022-08-27T17:15:00,6.948,-,-
2022-08-27T17:00:00,6.969,-,-
2022-08-27T16:45:00,6.996,-,-
2022-08-27T16:30:00,7.020,-,-
2022-08-27T16:15:00,7.042,-,-
2022-08-27T16:00:00,7.070,-,-
2022-08-27T15:45:00,7.098,-,-
2022-08-27T15:30:00,7.127,-,-
2022-08-27T15:15:00,7.152,-,-
2022-08-27T15:00:00,7.174,-,-
2022-08-27T14:45:00,7.205,-,-
2022-08-27T14:30:00,7.232,-,-
2022-08-27T14:15:00,7.265,-,-
2022-08-27T14:00:00,7.294,-,-
2022-08-27T13:45:00,7.321,-,-
2022-08-27T13:30:00,7.353,-,-
2022-08-27T13:15:00,7.381,-,-
2022-08-27T13:00:00,7.409,-,-
2022-08-27T12:45:00,7.445,-,-
2022-08-27T12:30:00,7.473,-,-
2022-08-27T12:15:00,7.503,-,-
2022-08-27T12:00:00,7.529,-,-
2022-08-27T11:45:00,7.559,-,-
2022-08-27T11:30:00,7.592,-,-
2022-08-27T11:15:00,7.619,-,-
2022-08-27T11:00:00,7.653,-,-
2022-08-27T10:45:00,7.684,-,-
2022-08-27T10:30:00,7.720,-,-
2022-08-27T10:15:00,7.754,-,-
2022-08-27T10:00:00,7.786,-,-
2022-08-27T09:45:00,7.815,-,-
2022-08-27T09:30:00,7.856,-,-
2022-08-27T09:15:00,7.884,-,-
2022-08-27T09:00:00,7.921,-,-
2022-08-27T08:45:00,7.960,-,-
2022-08-27T08:30:00,7.998,-,-
2022-08-27T08:15:00,8.035,-,-
2022-08-27T08:00:00,8.064,-,-
2022-08-27T07:45:00,8.099,-,-
2022-08-27T07:30:00,8.132,-,-
2022-08-27T07:15:00,8.166,-,-
2022-08-27T07:00:00,8.209,-,-
2022-08-27T06:45:00,8.240,-,-
2022-08-27T06:30:00,8.269,-,-
2022-08-27T06:15:00,8.302,-,-
2022-08-27T06:00:00,8.337,-,-
2022-08-27T05:45:00,8.374,-,-
2022-08-27T05:30:00,8.403,-,-
2022-08-27T05:15:00,8.435,-,-
2022-08-27T05:00:00,8.459,-,-
2022-08-27T04:45:00,8.491,-,-
2022-08-27T04:30:00,8.524,-,-
2022-08-27T04:15:00,8.551,-,-
2022-08-27T04:00:00,8.576,-,-
2022-08-27T03:45:00,8.604,-,-
2022-08-27T03:30:00,8.627,-,-
2022-08-27T03:15:00,8.649,-,-
2022-08-27T03:00:00,8.677,-,-
2022-08-27T02:45:00,8.692,-,-
2022-08-27T02:30:00,8.715,-,-
2022-08-27T02:15:00,8.741,-,-
2022-08-27T02:00:00,8.755,-,-
2022-08-27T01:45:00,8.767,-,-
2022-08-27T01:30:00,8.778,-,-
2022-08-27T01:15:00,8.785,-,-
2022-08-27T01:00:00,8.801,-,-
2022-08-27T00:45:00,8.817,-,-
2022-08-27T00:30:00,8.816,-,-
2022-08-27T00:15:00,8.822,-,-
2022-08-27T00:00:00,8.832,-,-
2022-09-09T23:45:00,5.567,-,-
2022-09-09T23:30:00,5.566,-,-
2022-09-09T23:15:00,5.577,-,-
2022-09-09T23:00:00,5.578,-,-
2022-09-09T22:45:00,5.584,-,-
2022-09-09T22:30:00,5.588,-,-
2022-09-09T22:15:00,5.587,-,-
2022-09-09T22:00:00,5.587,-,-
2022-09-09T21:45:00,5.592,-,-
2022-09-09T21:30:00,5.595,-,-
2022-09-09T21:15:00,5.600,-,-
2022-09-09T21:00:00,5.602,-,-
2022-09-09T20:45:00,5.605,-,-
2022-09-09T20:30:00,5.606,-,-
2022-09-09T20:15:00,5.613,-,-
2022-09-09T20:00:00,5.619,-,-
2022-09-09T19:45:00,5.614,-,-
2022-09-09T19:30:00,5.622,-,-
2022-09-09T19:15:00,5.621,-,-
2022-09-09T19:00:00,5.624,-,-
2022-09-09T18:45:00,5.627,-,-
2022-09-09T18:30:00,5.626,-,-
2022-09-09T18:15:00,5.631,-,-
2022-09-09T18:00:00,5.632,-,-
2022-09-09T17:45:00,5.634,-,-
2022-09-09T17:30:00,5.638,-,-
2022-09-09T17:15:00,5.638,-,-
2022-09-09T17:00:00,5.640,-,-
2022-09-09T16:45:00,5.638,-,-
2022-09-09T16:30:00,5.644,-,-
2022-09-09T16:15:00,5.643,-,-
2022-09-09T16:00:00,5.645,-,-
2022-09-09T15:45:00,5.648,-,-
2022-09-09T15:30:00,5.647,-,-
2022-09-09T15:15:00,5.647,-,-
2022-09-09T15:00:00,5.647,-,-
2022-09-09T14:45:00,5.657,-,-
2022-09-09T14:30:00,5.650,-,-
2022-09-09T14:15:00,5.657,-,-
2022-09-09T14:00:00,5.656,-,-
2022-09-09T13:45:00,5.654,-,-
2022-09-09T13:30:00,5.657,-,-
2022-09-09T13:15:00,5.663,-,-
2022-09-09T13:00:00,5.667,-,-
2022-09-09T12:45:00,5.671,-,-
2022-09-09T12:30:00,5.676,-,-
2022-09-09T12:15:00,5.676,-,-
2022-09-09T12:00:00,5.682,-,-
2022-09-09T11:45:00,5.691,-,-
2022-09-09T11:30:00,5.685,-,-
2022-09-09T11:15:00,5.697,-,-
2022-09-09T11:00:00,5.704,-,-
2022-09-09T10:45:00,5.707,-,-
2022-09-09T10:30:00,5.710,-,-
2022-09-09T10:15:00,5.716,-,-
2022-09-09T10:00:00,5.728,-,-
2022-09-09T09:45:00,5.728,-,-
2022-09-09T09:30:00,5.738,-,-
2022-09-09T09:15:00,5.747,-,-
2022-09-09T09:00:00,5.751,-,-
2022-09-09T08:45:00,5.767,-,-
2022-09-09T08:30:00,5.763,-,-
2022-09-09T08:15:00,5.777,-,-
2022-09-09T08:00:00,5.788,-,-
2022-09-09T07:45:00,5.794,-,-
2022-09-09T07:30:00,5.804,-,-
2022-09-09T07:15:00,5.815,-,-
2022-09-09T07:00:00,5.827,-,-
2022-09-09T06:45:00,5.831,-,-
2022-09-09T06:30:00,5.841,-,-
2022-09-09T06:15:00,5.853,-,-
2022-09-09T06:00:00,5.865,-,-
2022-09-09T05:45:00,5.878,-,-
2022-09-09T05:30:00,5.886,-,-
2022-09-09T05:15:00,5.893,-,-
2022-09-09T05:00:00,5.906,-,-
2022-09-09T04:45:00,5.910,-,-
2022-09-09T04:30:00,5.923,-,-
2022-09-09T04:15:00,5.935,-,-
2022-09-09T04:00:00,5.943,-,-
2022-09-09T03:45:00,5.956,-,-
2022-09-09T03:30:00,5.967,-,-
2022-09-09T03:15:00,5.974,-,-
2022-09-09T03:00:00,5.985,-,-
2022-09-09T02:45:00,5.992,-,-
2022-09-09T02:30:00,6.005,-,-
2022-09-09T02:15:00,6.015,-,-
2022-09-09T02:00:00,6.033,-,-
2022-09-09T01:45:00,6.034,-,-
2022-09-09T01:30:00,6.040,-,-
2022-09-09T01:15:00,6.050,-,-
2022-09-09T01:00:00,6.063,-,-
2022-09-09T00:45:00,6.070,-,-
2022-09-09T00:30:00,6.081,-,-
2022-09-09T00:15:00,6.091,-,-
2022-09-09T00:00:00,6.093,-,-
2022-09-08T23:45:00,6.101,-,-
2022-09-08T23:30:00,6.107,-,-
2022-09-08T23:15:00,6.114,-,-
2022-09-08T23:00:00,6.115,-,-
2022-09-08T22:45:00,6.116,-,-
2022-09-08T22:30:00,6.123,-,-
2022-09-08T22:15:00,6.115,-,-
2022-09-08T22:00:00,6.111,-,-
2022-09-08T21:45:00,6.097,-,-
2022-09-08T21:30:00,6.093,-,-
2022-09-08T21:15:00,6.099,-,-
2022-09-08T21:00:00,6.091,-,-
2022-09-08T20:45:00,6.103,-,-
2022-09-08T20:30:00,6.109,-,-
2022-09-08T20:15:00,6.110,-,-
2022-09-08T20:00:00,6.113,-,-
2022-09-08T19:45:00,6.113,-,-
2022-09-08T19:30:00,6.102,-,-
2022-09-08T19:15:00,6.081,-,-
2022-09-08T19:00:00,6.067,-,-
2022-09-08T18:45:00,6.053,-,-
2022-09-08T18:30:00,6.037,-,-
2022-09-08T18:15:00,6.014,-,-
2022-09-08T18:00:00,6.004,-,-
2022-09-08T17:45:00,5.980,-,-
2022-09-08T17:30:00,5.956,-,-
2022-09-08T17:15:00,5.938,-,-
2022-09-08T17:00:00,5.909,-,-
2022-09-08T16:45:00,5.893,-,-
2022-09-08T16:30:00,5.862,-,-
2022-09-08T16:15:00,5.836,-,-
2022-09-08T16:00:00,5.807,-,-
2022-09-08T15:45:00,5.786,-,-
2022-09-08T15:30:00,5.759,-,-
2022-09-08T15:15:00,5.733,-,-
2022-09-08T15:00:00,5.715,-,-
2022-09-08T14:45:00,5.700,-,-
2022-09-08T14:30:00,5.693,-,-
2022-09-08T14:15:00,5.691,-,-
2022-09-08T14:00:00,5.687,-,-
2022-09-08T13:45:00,5.686,-,-
2022-09-08T13:30:00,5.690,-,-
2022-09-08T13:15:00,5.686,-,-
2022-09-08T13:00:00,5.678,-,-
2022-09-08T12:45:00,5.683,-,-
2022-09-08T12:30:00,5.685,-,-
2022-09-08T12:15:00,5.681,-,-
2022-09-08T12:00:00,5.683,-,-
2022-09-08T11:45:00,5.685,-,-
2022-09-08T11:30:00,5.683,-,-
2022-09-08T11:15:00,5.677,-,-
2022-09-08T11:00:00,5.672,-,-
2022-09-08T10:45:00,5.666,-,-
2022-09-08T10:30:00,5.660,-,-
2022-09-08T10:15:00,5.653,-,-
2022-09-08T10:00:00,5.640,-,-
2022-09-08T09:45:00,5.628,-,-
2022-09-08T09:30:00,5.611,-,-
2022-09-08T09:15:00,5.600,-,-
2022-09-08T09:00:00,5.591,-,-
2022-09-08T08:45:00,5.580,-,-
2022-09-08T08:30:00,5.569,-,-
2022-09-08T08:15:00,5.551,-,-
2022-09-08T08:00:00,5.543,-,-
2022-09-08T07:45:00,5.530,-,-
2022-09-08T07:30:00,5.516,-,-
2022-09-08T07:15:00,5.501,-,-
2022-09-08T07:00:00,5.486,-,-
2022-09-08T06:45:00,5.476,-,-
2022-09-08T06:30:00,5.468,-,-
2022-09-08T06:15:00,5.452,-,-
2022-09-08T06:00:00,5.439,-,-
2022-09-08T05:45:00,5.421,-,-
2022-09-08T05:30:00,5.412,-,-
2022-09-08T05:15:00,5.389,-,-
2022-09-08T05:00:00,5.370,-,-
2022-09-08T04:45:00,5.352,-,-
2022-09-08T04:30:00,5.331,-,-
2022-09-08T04:15:00,5.311,-,-
2022-09-08T04:00:00,5.298,-,-
2022-09-08T03:45:00,5.284,-,-
2022-09-08T03:30:00,5.266,-,-
2022-09-08T03:15:00,5.253,-,-
2022-09-08T03:00:00,5.231,-,-
2022-09-08T02:45:00,5.217,-,-
2022-09-08T02:30:00,5.198,-,-
2022-09-08T02:15:00,5.185,-,-
2022-09-08T02:00:00,5.170,-,-
2022-09-08T01:45:00,5.147,-,-
2022-09-08T01:30:00,5.130,-,-
2022-09-08T01:15:00,5.115,-,-
2022-09-08T01:00:00,5.090,-,-
2022-09-08T00:45:00,5.087,-,-
2022-09-08T00:30:00,5.065,-,-
2022-09-08T00:15:00,5.063,-,-
2022-09-08T00:00:00,5.062,-,-
2022-09-07T23:45:00,5.063,-,-
2022-09-07T23:30:00,5.062,-,-
2022-09-07T23:15:00,5.066,-,-
2022-09-07T23:00:00,5.065,-,-
2022-09-07T22:45:00,5.065,-,-
2022-09-07T22:30:00,5.067,-,-
2022-09-07T22:15:00,5.072,-,-
2022-09-07T22:00:00,5.070,-,-
2022-09-07T21:45:00,5.078,-,-
2022-09-07T21:30:00,5.075,-,-
2022-09-07T21:15:00,5.080,-,-
2022-09-07T21:00:00,5.079,-,-
2022-09-07T20:45:00,5.081,-,-
2022-09-07T20:30:00,5.080,-,-
2022-09-07T20:15:00,5.085,-,-
2022-09-07T20:00:00,5.083,-,-
2022-09-07T19:45:00,5.082,-,-
2022-09-07T19:30:00,5.080,-,-
2022-09-07T19:15:00,5.085,-,-
2022-09-07T19:00:00,5.084,-,-
2022-09-07T18:45:00,5.086,-,-
2022-09-07T18:30:00,5.087,-,-
2022-09-07T18:15:00,5.090,-,-
2022-09-07T18:00:00,5.091,-,-
2022-09-07T17:45:00,5.094,-,-
2022-09-07T17:30:00,5.095,-,-
2022-09-07T17:15:00,5.097,-,-
2022-09-07T17:00:00,5.097,-,-
2022-09-07T16:45:00,5.098,-,-
2022-09-07T16:30:00,5.099,-,-
2022-09-07T16:15:00,5.098,-,-
2022-09-07T16:00:00,5.101,-,-
2022-09-07T15:45:00,5.102,-,-
2022-09-07T15:30:00,5.107,-,-
2022-09-07T15:15:00,5.104,-,-
2022-09-07T15:00:00,5.111,-,-
2022-09-07T14:45:00,5.108,-,-
2022-09-07T14:30:00,5.107,-,-
2022-09-07T14:15:00,5.112,-,-
2022-09-07T14:00:00,5.115,-,-
2022-09-07T13:45:00,5.118,-,-
2022-09-07T13:30:00,5.118,-,-
2022-09-07T13:15:00,5.122,-,-
2022-09-07T13:00:00,5.120,-,-
2022-09-07T12:45:00,5.127,-,-
2022-09-07T12:30:00,5.127,-,-
2022-09-07T12:15:00,5.132,-,-
2022-09-07T12:00:00,5.133,-,-
2022-09-07T11:45:00,5.141,-,-
2022-09-07T11:30:00,5.139,-,-
2022-09-07T11:15:00,5.146,-,-
2022-09-07T11:00:00,5.145,-,-
2022-09-07T10:45:00,5.137,-,-
2022-09-07T10:30:00,5.143,-,-
2022-09-07T10:15:00,5.141,-,-
2022-09-07T10:00:00,5.142,-,-
2022-09-07T09:45:00,5.140,-,-
2022-09-07T09:30:00,5.147,-,-
2022-09-07T09:15:00,5.146,-,-
2022-09-07T09:00:00,5.150,-,-
2022-09-07T08:45:00,5.153,-,-
2022-09-07T08:30:00,5.155,-,-
2022-09-07T08:15:00,5.155,-,-
2022-09-07T08:00:00,5.157,-,-
2022-09-07T07:45:00,5.160,-,-
2022-09-07T07:30:00,5.159,-,-
2022-09-07T07:15:00,5.157,-,-
2022-09-07T07:00:00,5.160,-,-
2022-09-07T06:45:00,5.163,-,-
2022-09-07T06:30:00,5.161,-,-
2022-09-07T06:15:00,5.158,-,-
2022-09-07T06:00:00,5.159,-,-
2022-09-07T05:45:00,5.164,-,-
2022-09-07T05:30:00,5.157,-,-
2022-09-07T05:15:00,5.162,-,-
2022-09-07T05:00:00,5.156,-,-
2022-09-07T04:45:00,5.160,-,-
2022-09-07T04:30:00,5.159,-,-
2022-09-07T04:15:00,5.156,-,-
2022-09-07T04:00:00,5.161,-,-
2022-09-07T03:45:00,5.158,-,-
2022-09-07T03:30:00,5.156,-,-
2022-09-07T03:15:00,5.156,-,-
2022-09-07T03:00:00,5.161,-,-
2022-09-07T02:45:00,5.158,-,-
2022-09-07T02:30:00,5.156,-,-
2022-09-07T02:15:00,5.159,-,-
2022-09-07T02:00:00,5.161,-,-
2022-09-07T01:45:00,5.157,-,-
2022-09-07T01:30:00,5.161,-,-
2022-09-07T01:15:00,5.159,-,-
2022-09-07T01:00:00,5.150,-,-
2022-09-07T00:45:00,5.143,-,-
2022-09-07T00:30:00,5.129,-,-
2022-09-07T00:15:00,5.123,-,-
2022-09-07T00:00:00,5.108,-,-
2022-09-06T23:45:00,5.103,-,-
2022-09-06T23:30:00,5.098,-,-
2022-09-06T23:15:00,5.098,-,-
2022-09-06T23:00:00,5.099,-,-
2022-09-06T22:45:00,5.097,-,-
2022-09-06T22:30:00,5.095,-,-
2022-09-06T22:15:00,5.089,-,-
2022-09-06T22:00:00,5.084,-,-
2022-09-06T21:45:00,5.078,-,-
2022-09-06T21:30:00,5.070,-,-
2022-09-06T21:15:00,5.062,-,-
2022-09-06T21:00:00,5.050,-,-
2022-09-06T20:45:00,5.040,-,-
2022-09-06T20:30:00,5.022,-,-
2022-09-06T20:15:00,5.009,-,-
2022-09-06T20:00:00,4.993,-,-
2022-09-06T19:45:00,4.981,-,-
2022-09-06T19:30:00,4.971,-,-
2022-09-06T19:15:00,4.961,-,-
2022-09-06T19:00:00,4.943,-,-
2022-09-06T18:45:00,4.936,-,-
2022-09-06T18:30:00,4.929,-,-
2022-09-06T18:15:00,4.917,-,-
2022-09-06T18:00:00,4.918,-,-
2022-09-06T17:45:00,4.913,-,-
2022-09-06T17:30:00,4.909,-,-
2022-09-06T17:15:00,4.908,-,-
2022-09-06T17:00:00,4.901,-,-
2022-09-06T16:45:00,4.894,-,-
2022-09-06T16:30:00,4.888,-,-
2022-09-06T16:15:00,4.877,-,-
2022-09-06T16:00:00,4.863,-,-
2022-09-06T15:45:00,4.848,-,-
2022-09-06T15:30:00,4.825,-,-
2022-09-06T15:15:00,4.803,-,-
2022-09-06T15:00:00,4.775,-,-
2022-09-06T14:45:00,4.746,-,-
2022-09-06T14:30:00,4.710,-,-
2022-09-06T14:15:00,4.676,-,-
2022-09-06T14:00:00,4.641,-,-
2022-09-06T13:45:00,4.612,-,-
2022-09-06T13:30:00,4.586,-,-
2022-09-06T13:15:00,4.571,-,-
2022-09-06T13:00:00,4.562,-,-
2022-09-06T12:45:00,4.565,-,-
2022-09-06T12:30:00,4.570,-,-
2022-09-06T12:15:00,4.577,-,-
2022-09-06T12:00:00,4.583,-,-
2022-09-06T11:45:00,4.589,-,-
2022-09-06T11:30:00,4.597,-,-
2022-09-06T11:15:00,4.603,-,-
2022-09-06T11:00:00,4.617,-,-
2022-09-06T10:45:00,4.631,-,-
2022-09-06T10:30:00,4.649,-,-
2022-09-06T10:15:00,4.670,-,-
2022-09-06T10:00:00,4.689,-,-
2022-09-06T09:45:00,4.716,-,-
2022-09-06T09:30:00,4.746,-,-
2022-09-06T09:15:00,4.776,-,-
2022-09-06T09:00:00,4.799,-,-
2022-09-06T08:45:00,4.821,-,-
2022-09-06T08:30:00,4.837,-,-
2022-09-06T08:15:00,4.843,-,-
2022-09-06T08:00:00,4.842,-,-
2022-09-06T07:45:00,4.846,-,-
2022-09-06T07:30:00,4.849,-,-
2022-09-06T07:15:00,4.852,-,-
2022-09-06T07:00:00,4.851,-,-
2022-09-06T06:45:00,4.853,-,-
2022-09-06T06:30:00,4.850,-,-
2022-09-06T06:15:00,4.855,-,-
2022-09-06T06:00:00,4.854,-,-
2022-09-06T05:45:00,4.861,-,-
2022-09-06T05:30:00,4.857,-,-
2022-09-06T05:15:00,4.859,-,-
2022-09-06T05:00:00,4.863,-,-
2022-09-06T04:45:00,4.864,-,-
2022-09-06T04:30:00,4.864,-,-
2022-09-06T04:15:00,4.863,-,-
2022-09-06T04:00:00,4.862,-,-
2022-09-06T03:45:00,4.867,-,-
2022-09-06T03:30:00,4.867,-,-
2022-09-06T03:15:00,4.871,-,-
2022-09-06T03:00:00,4.871,-,-
2022-09-06T02:45:00,4.872,-,-
2022-09-06T02:30:00,4.870,-,-
2022-09-06T02:15:00,4.869,-,-
2022-09-06T02:00:00,4.868,-,-
2022-09-06T01:45:00,4.869,-,-
2022-09-06T01:30:00,4.867,-,-
2022-09-06T01:15:00,4.867,-,-
2022-09-06T01:00:00,4.867,-,-
2022-09-06T00:45:00,4.867,-,-
2022-09-06T00:30:00,4.869,-,-
2022-09-06T00:15:00,4.870,-,-
2022-09-06T00:00:00,4.873,-,-
2022-09-05T23:45:00,4.878,-,-
2022-09-05T23:30:00,4.875,-,-
2022-09-05T23:15:00,4.876,-,-
2022-09-05T23:00:00,4.880,-,-
2022-09-05T22:45:00,4.878,-,-
2022-09-05T22:30:00,4.881,-,-
2022-09-05T22:15:00,4.885,-,-
2022-09-05T22:00:00,4.884,-,-
2022-09-05T21:45:00,4.884,-,-
2022-09-05T21:30:00,4.884,-,-
2022-09-05T21:15:00,4.888,-,-
2022-09-05T21:00:00,4.891,-,-
2022-09-05T20:45:00,4.891,-,-
2022-09-05T20:30:00,4.893,-,-
2022-09-05T20:15:00,4.896,-,-
2022-09-05T20:00:00,4.895,-,-
2022-09-05T19:45:00,4.900,-,-
2022-09-05T19:30:00,4.901,-,-
2022-09-05T19:15:00,4.901,-,-
2022-09-05T19:00:00,4.903,-,-
2022-09-05T18:45:00,4.905,-,-
2022-09-05T18:30:00,4.906,-,-
2022-09-05T18:15:00,4.909,-,-
2022-09-05T18:00:00,4.910,-,-
2022-09-05T17:45:00,4.913,-,-
2022-09-05T17:30:00,4.916,-,-
2022-09-05T17:15:00,4.915,-,-
2022-09-05T17:00:00,4.918,-,-
2022-09-05T16:45:00,4.919,-,-
2022-09-05T16:30:00,4.923,-,-
2022-09-05T16:15:00,4.924,-,-
2022-09-05T16:00:00,4.927,-,-
2022-09-05T15:45:00,4.928,-,-
2022-09-05T15:30:00,4.927,-,-
2022-09-05T15:15:00,4.932,-,-
2022-09-05T15:00:00,4.933,-,-
2022-09-05T14:45:00,4.938,-,-
2022-09-05T14:30:00,4.938,-,-
2022-09-05T14:15:00,4.936,-,-
2022-09-05T14:00:00,4.941,-,-
2022-09-05T13:45:00,4.949,-,-
2022-09-05T13:30:00,4.948,-,-
2022-09-05T13:15:00,4.954,-,-
2022-09-05T13:00:00,4.951,-,-
2022-09-05T12:45:00,4.958,-,-
2022-09-05T12:30:00,4.957,-,-
2022-09-05T12:15:00,4.961,-,-
2022-09-05T12:00:00,4.960,-,-
2022-09-05T11:45:00,4.966,-,-
2022-09-05T11:30:00,4.964,-,-
2022-09-05T11:15:00,4.969,-,-
2022-09-05T11:00:00,4.968,-,-
2022-09-05T10:45:00,4.971,-,-
2022-09-05T10:30:00,4.976,-,-
2022-09-05T10:15:00,4.976,-,-
2022-09-05T10:00:00,4.981,-,-
2022-09-05T09:45:00,4.983,-,-
2022-09-05T09:30:00,4.984,-,-
2022-09-05T09:15:00,4.985,-,-
2022-09-05T09:00:00,4.992,-,-
2022-09-05T08:45:00,4.996,-,-
2022-09-05T08:30:00,4.999,-,-
2022-09-05T08:15:00,5.003,-,-
2022-09-05T08:00:00,5.005,-,-
2022-09-05T07:45:00,5.006,-,-
2022-09-05T07:30:00,5.014,-,-
2022-09-05T07:15:00,5.014,-,-
2022-09-05T07:00:00,5.021,-,-
2022-09-05T06:45:00,5.026,-,-
2022-09-05T06:30:00,5.027,-,-
2022-09-05T06:15:00,5.028,-,-
2022-09-05T06:00:00,5.034,-,-
2022-09-05T05:45:00,5.037,-,-
2022-09-05T05:30:00,5.046,-,-
2022-09-05T05:15:00,5.047,-,-
2022-09-05T05:00:00,5.047,-,-
2022-09-05T04:45:00,5.055,-,-
2022-09-05T04:30:00,5.057,-,-
2022-09-05T04:15:00,5.059,-,-
2022-09-05T04:00:00,5.065,-,-
2022-09-05T03:45:00,5.067,-,-
2022-09-05T03:30:00,5.077,-,-
2022-09-05T03:15:00,5.083,-,-
2022-09-05T03:00:00,5.086,-,-
2022-09-05T02:45:00,5.092,-,-
2022-09-05T02:30:00,5.094,-,-
2022-09-05T02:15:00,5.100,-,-
2022-09-05T02:00:00,5.105,-,-
2022-09-05T01:45:00,5.111,-,-
2022-09-05T01:30:00,5.118,-,-
2022-09-05T01:15:00,5.118,-,-
2022-09-05T01:00:00,5.130,-,-
2022-09-05T00:45:00,5.138,-,-
2022-09-05T00:30:00,5.141,-,-
2022-09-05T00:15:00,5.152,-,-
2022-09-05T00:00:00,5.158,-,-
2022-09-04T23:45:00,5.166,-,-
2022-09-04T23:30:00,5.174,-,-
2022-09-04T23:15:00,5.190,-,-
2022-09-04T23:00:00,5.198,-,-
2022-09-04T22:45:00,5.204,-,-
2022-09-04T22:30:00,5.215,-,-
2022-09-04T22:15:00,5.228,-,-
2022-09-04T22:00:00,5.240,-,-
2022-09-04T21:45:00,5.252,-,-
2022-09-04T21:30:00,5.262,-,-
2022-09-04T21:15:00,5.260,-,-
2022-09-04T21:00:00,5.252,-,-
2022-09-04T20:45:00,5.231,-,-
2022-09-04T20:30:00,5.194,-,-
2022-09-04T20:15:00,5.150,-,-
2022-09-04T20:00:00,5.093,-,-
2022-09-04T19:45:00,5.034,-,-
2022-09-04T19:30:00,4.979,-,-
2022-09-04T19:15:00,4.929,-,-
2022-09-04T19:00:00,4.905,-,-
2022-09-04T18:45:00,4.892,-,-
2022-09-04T18:30:00,4.890,-,-
2022-09-04T18:15:00,4.891,-,-
2022-09-04T18:00:00,4.888,-,-
2022-09-04T17:45:00,4.893,-,-
2022-09-04T17:30:00,4.891,-,-
2022-09-04T17:15:00,4.893,-,-
2022-09-04T17:00:00,4.897,-,-
2022-09-04T16:45:00,4.896,-,-
2022-09-04T16:30:00,4.896,-,-
2022-09-04T16:15:00,4.901,-,-
2022-09-04T16:00:00,4.903,-,-
2022-09-04T15:45:00,4.903,-,-
2022-09-04T15:30:00,4.905,-,-
2022-09-04T15:15:00,4.907,-,-
2022-09-04T15:00:00,4.912,-,-
2022-09-04T14:45:00,4.912,-,-
2022-09-04T14:30:00,4.908,-,-
2022-09-04T14:15:00,4.912,-,-
2022-09-04T14:00:00,4.916,-,-
2022-09-04T13:45:00,4.914,-,-
2022-09-04T13:30:00,4.917,-,-
2022-09-04T13:15:00,4.919,-,-
2022-09-04T13:00:00,4.923,-,-
2022-09-04T12:45:00,4.924,-,-
2022-09-04T12:30:00,4.924,-,-
2022-09-04T12:15:00,4.926,-,-
2022-09-04T12:00:00,4.927,-,-
2022-09-04T11:45:00,4.928,-,-
2022-09-04T11:30:00,4.929,-,-
2022-09-04T11:15:00,4.930,-,-
2022-09-04T11:00:00,4.932,-,-
2022-09-04T10:45:00,4.931,-,-
2022-09-04T10:30:00,4.936,-,-
2022-09-04T10:15:00,4.937,-,-
2022-09-04T10:00:00,4.940,-,-
2022-09-04T09:45:00,4.936,-,-
2022-09-04T09:30:00,4.939,-,-
2022-09-04T09:15:00,4.941,-,-
2022-09-04T09:00:00,4.946,-,-
2022-09-04T08:45:00,4.949,-,-
2022-09-04T08:30:00,4.952,-,-
2022-09-04T08:15:00,4.953,-,-
2022-09-04T08:00:00,4.954,-,-
2022-09-04T07:45:00,4.956,-,-
2022-09-04T07:30:00,4.961,-,-
2022-09-04T07:15:00,4.957,-,-
2022-09-04T07:00:00,4.959,-,-
2022-09-04T06:45:00,4.962,-,-
2022-09-04T06:30:00,4.966,-,-
2022-09-04T06:15:00,4.966,-,-
2022-09-04T06:00:00,4.964,-,-
2022-09-04T05:45:00,4.971,-,-
2022-09-04T05:30:00,4.970,-,-
2022-09-04T05:15:00,4.971,-,-
2022-09-04T05:00:00,4.975,-,-
2022-09-04T04:45:00,4.976,-,-
2022-09-04T04:30:00,4.979,-,-
2022-09-04T04:15:00,4.982,-,-
2022-09-04T04:00:00,4.982,-,-
2022-09-04T03:45:00,4.983,-,-
2022-09-04T03:30:00,4.985,-,-
2022-09-04T03:15:00,4.988,-,-
2022-09-04T03:00:00,4.984,-,-
2022-09-04T02:45:00,4.991,-,-
2022-09-04T02:30:00,4.991,-,-
2022-09-04T02:15:00,4.995,-,-
2022-09-04T02:00:00,4.997,-,-
2022-09-04T01:45:00,4.999,-,-
2022-09-04T01:30:00,4.998,-,-
2022-09-04T01:15:00,5.005,-,-
2022-09-04T01:00:00,5.006,-,-
2022-09-04T00:45:00,5.007,-,-
2022-09-04T00:30:00,5.009,-,-
2022-09-04T00:15:00,5.007,-,-
2022-09-04T00:00:00,5.011,-,-
2022-09-03T23:45:00,5.012,-,-
2022-09-03T23:30:00,5.015,-,-
2022-09-03T23:15:00,5.019,-,-
2022-09-03T23:00:00,5.022,-,-
2022-09-03T22:45:00,5.024,-,-
2022-09-03T22:30:00,5.025,-,-
2022-09-03T22:15:00,5.024,-,-
2022-09-03T22:00:00,5.029,-,-
2022-09-03T21:45:00,5.031,-,-
2022-09-03T21:30:00,5.034,-,-
2022-09-03T21:15:00,5.034,-,-
2022-09-03T21:00:00,5.036,-,-
2022-09-03T20:45:00,5.035,-,-
2022-09-03T20:30:00,5.035,-,-
2022-09-03T20:15:00,5.037,-,-
2022-09-03T20:00:00,5.038,-,-
2022-09-03T19:45:00,5.041,-,-
2022-09-03T19:30:00,5.042,-,-
2022-09-03T19:15:00,5.043,-,-
2022-09-03T19:00:00,5.043,-,-
2022-09-03T18:45:00,5.043,-,-
2022-09-03T18:30:00,5.047,-,-
2022-09-03T18:15:00,5.046,-,-
2022-09-03T18:00:00,5.052,-,-
2022-09-03T17:45:00,5.053,-,-
2022-09-03T17:30:00,5.054,-,-
2022-09-03T17:15:00,5.054,-,-
2022-09-03T17:00:00,5.054,-,-
2022-09-03T16:45:00,5.060,-,-
2022-09-03T16:30:00,5.056,-,-
2022-09-03T16:15:00,5.061,-,-
2022-09-03T16:00:00,5.059,-,-
2022-09-03T15:45:00,5.063,-,-
2022-09-03T15:30:00,5.063,-,-
2022-09-03T15:15:00,5.066,-,-
2022-09-03T15:00:00,5.065,-,-
2022-09-03T14:45:00,5.069,-,-
2022-09-03T14:30:00,5.066,-,-
2022-09-03T14:15:00,5.070,-,-
2022-09-03T14:00:00,5.074,-,-
2022-09-03T13:45:00,5.068,-,-
2022-09-03T13:30:00,5.070,-,-
2022-09-03T13:15:00,5.075,-,-
2022-09-03T13:00:00,5.067,-,-
2022-09-03T12:45:00,5.072,-,-
2022-09-03T12:30:00,5.072,-,-
2022-09-03T12:15:00,5.074,-,-
2022-09-03T12:00:00,5.071,-,-
2022-09-03T11:45:00,5.069,-,-
2022-09-03T11:30:00,5.069,-,-
2022-09-03T11:15:00,5.061,-,-
2022-09-03T11:00:00,5.065,-,-
2022-09-03T10:45:00,5.055,-,-
2022-09-03T10:30:00,5.054,-,-
2022-09-03T10:15:00,5.044,-,-
2022-09-03T10:00:00,5.032,-,-
2022-09-03T09:45:00,5.028,-,-
2022-09-03T09:30:00,5.011,-,-
2022-09-03T09:15:00,4.984,-,-
2022-09-03T09:00:00,4.967,-,-
2022-09-03T08:45:00,4.937,-,-
2022-09-03T08:30:00,4.917,-,-
2022-09-03T08:15:00,4.903,-,-
2022-09-03T08:00:00,4.897,-,-
2022-09-03T07:45:00,4.898,-,-
2022-09-03T07:30:00,4.903,-,-
2022-09-03T07:15:00,4.906,-,-
2022-09-03T07:00:00,4.910,-,-
2022-09-03T06:45:00,4.913,-,-
2022-09-03T06:30:00,4.917,-,-
2022-09-03T06:15:00,4.922,-,-
2022-09-03T06:00:00,4.921,-,-
2022-09-03T05:45:00,4.928,-,-
2022-09-03T05:30:00,4.933,-,-
2022-09-03T05:15:00,4.936,-,-
2022-09-03T05:00:00,4.939,-,-
2022-09-03T04:45:00,4.945,-,-
2022-09-03T04:30:00,4.953,-,-
2022-09-03T04:15:00,4.957,-,-
2022-09-03T04:00:00,4.962,-,-
2022-09-03T03:45:00,4.964,-,-
2022-09-03T03:30:00,4.967,-,-
2022-09-03T03:15:00,4.974,-,-
2022-09-03T03:00:00,4.978,-,-
2022-09-03T02:45:00,4.981,-,-
2022-09-03T02:30:00,4.992,-,-
2022-09-03T02:15:00,4.994,-,-
2022-09-03T02:00:00,5.000,-,-
2022-09-03T01:45:00,5.005,-,-
2022-09-03T01:30:00,5.009,-,-
2022-09-03T01:15:00,5.018,-,-
2022-09-03T01:00:00,5.022,-,-
2022-09-03T00:45:00,5.031,-,-
2022-09-03T00:30:00,5.033,-,-
2022-09-03T00:15:00,5.038,-,-
2022-09-03T00:00:00,5.048,-,-
2022-09-16T23:45:00,4.608,-,-
2022-09-16T23:30:00,4.603,-,-
2022-09-16T23:15:00,4.601,-,-
2022-09-16T23:00:00,4.601,-,-
2022-09-16T22:45:00,4.603,-,-
2022-09-16T22:30:00,4.601,-,-
2022-09-16T22:15:00,4.602,-,-
2022-09-16T22:00:00,4.602,-,-
2022-09-16T21:45:00,4.601,-,-
2022-09-16T21:30:00,4.604,-,-
2022-09-16T21:15:00,4.602,-,-
2022-09-16T21:00:00,4.604,-,-
2022-09-16T20:45:00,4.601,-,-
2022-09-16T20:30:00,4.605,-,-
2022-09-16T20:15:00,4.603,-,-
2022-09-16T20:00:00,4.605,-,-
2022-09-16T19:45:00,4.608,-,-
2022-09-16T19:30:00,4.611,-,-
2022-09-16T19:15:00,4.612,-,-
2022-09-16T19:00:00,4.611,-,-
2022-09-16T18:45:00,4.615,-,-
2022-09-16T18:30:00,4.617,-,-
2022-09-16T18:15:00,4.619,-,-
2022-09-16T18:00:00,4.621,-,-
2022-09-16T17:45:00,4.621,-,-
2022-09-16T17:30:00,4.623,-,-
2022-09-16T17:15:00,4.625,-,-
2022-09-16T17:00:00,4.626,-,-
2022-09-16T16:45:00,4.629,-,-
2022-09-16T16:30:00,4.630,-,-
2022-09-16T16:15:00,4.632,-,-
2022-09-16T16:00:00,4.632,-,-
2022-09-16T15:45:00,4.637,-,-
2022-09-16T15:30:00,4.637,-,-
2022-09-16T15:15:00,4.638,-,-
2022-09-16T15:00:00,4.641,-,-
2022-09-16T14:45:00,4.643,-,-
2022-09-16T14:30:00,4.645,-,-
2022-09-16T14:15:00,4.644,-,-
2022-09-16T14:00:00,4.649,-,-
2022-09-16T13:45:00,4.651,-,-
2022-09-16T13:30:00,4.651,-,-
2022-09-16T13:15:00,4.655,-,-
2022-09-16T13:00:00,4.657,-,-
2022-09-16T12:45:00,4.656,-,-
2022-09-16T12:30:00,4.660,-,-
2022-09-16T12:15:00,4.663,-,-
2022-09-16T12:00:00,4.665,-,-
2022-09-16T11:45:00,4.666,-,-
2022-09-16T11:30:00,4.667,-,-
2022-09-16T11:15:00,4.672,-,-
2022-09-16T11:00:00,4.670,-,-
2022-09-16T10:45:00,4.674,-,-
2022-09-16T10:30:00,4.671,-,-
2022-09-16T10:15:00,4.677,-,-
2022-09-16T10:00:00,4.678,-,-
2022-09-16T09:45:00,4.680,-,-
2022-09-16T09:30:00,4.682,-,-
2022-09-16T09:15:00,4.685,-,-
2022-09-16T09:00:00,4.687,-,-
2022-09-16T08:45:00,4.685,-,-
2022-09-16T08:30:00,4.688,-,-
2022-09-16T08:15:00,4.688,-,-
2022-09-16T08:00:00,4.693,-,-
2022-09-16T07:45:00,4.695,-,-
2022-09-16T07:30:00,4.694,-,-
2022-09-16T07:15:00,4.697,-,-
2022-09-16T07:00:00,4.698,-,-
2022-09-16T06:45:00,4.701,-,-
2022-09-16T06:30:00,4.699,-,-
2022-09-16T06:15:00,4.704,-,-
2022-09-16T06:00:00,4.701,-,-
2022-09-16T05:45:00,4.704,-,-
2022-09-16T05:30:00,4.705,-,-
2022-09-16T05:15:00,4.709,-,-
2022-09-16T05:00:00,4.708,-,-
2022-09-16T04:45:00,4.710,-,-
2022-09-16T04:30:00,4.712,-,-
2022-09-16T04:15:00,4.715,-,-
2022-09-16T04:00:00,4.712,-,-
2022-09-16T03:45:00,4.712,-,-
2022-09-16T03:30:00,4.718,-,-
2022-09-16T03:15:00,4.716,-,-
2022-09-16T03:00:00,4.718,-,-
2022-09-16T02:45:00,4.720,-,-
2022-09-16T02:30:00,4.720,-,-
2022-09-16T02:15:00,4.719,-,-
2022-09-16T02:00:00,4.721,-,-
2022-09-16T01:45:00,4.721,-,-
2022-09-16T01:30:00,4.723,-,-
2022-09-16T01:15:00,4.724,-,-
2022-09-16T01:00:00,4.725,-,-
2022-09-16T00:45:00,4.729,-,-
2022-09-16T00:30:00,4.731,-,-
2022-09-16T00:15:00,4.728,-,-
2022-09-16T00:00:00,4.734,-,-
2022-09-15T23:45:00,4.733,-,-
2022-09-15T23:30:00,4.737,-,-
2022-09-15T23:15:00,4.739,-,-
2022-09-15T23:00:00,4.741,-,-
2022-09-15T22:45:00,4.742,-,-
2022-09-15T22:30:00,4.743,-,-
2022-09-15T22:15:00,4.748,-,-
2022-09-15T22:00:00,4.747,-,-
2022-09-15T21:45:00,4.751,-,-
2022-09-15T21:30:00,4.751,-,-
2022-09-15T21:15:00,4.756,-,-
2022-09-15T21:00:00,4.758,-,-
2022-09-15T20:45:00,4.758,-,-
2022-09-15T20:30:00,4.761,-,-
2022-09-15T20:15:00,4.763,-,-
2022-09-15T20:00:00,4.766,-,-
2022-09-15T19:45:00,4.770,-,-
2022-09-15T19:30:00,4.771,-,-
2022-09-15T19:15:00,4.773,-,-
2022-09-15T19:00:00,4.776,-,-
2022-09-15T18:45:00,4.777,-,-
2022-09-15T18:30:00,4.779,-,-
2022-09-15T18:15:00,4.781,-,-
2022-09-15T18:00:00,4.783,-,-
2022-09-15T17:45:00,4.787,-,-
2022-09-15T17:30:00,4.790,-,-
2022-09-15T17:15:00,4.791,-,-
2022-09-15T17:00:00,4.792,-,-
2022-09-15T16:45:00,4.796,-,-
2022-09-15T16:30:00,4.799,-,-
2022-09-15T16:15:00,4.799,-,-
2022-09-15T16:00:00,4.801,-,-
2022-09-15T15:45:00,4.808,-,-
2022-09-15T15:30:00,4.808,-,-
2022-09-15T15:15:00,4.813,-,-
2022-09-15T15:00:00,4.818,-,-
2022-09-15T14:45:00,4.819,-,-
2022-09-15T14:30:00,4.820,-,-
2022-09-15T14:15:00,4.823,-,-
2022-09-15T14:00:00,4.827,-,-
2022-09-15T13:45:00,4.828,-,-
2022-09-15T13:30:00,4.826,-,-
2022-09-15T13:15:00,4.831,-,-
2022-09-15T13:00:00,4.831,-,-
2022-09-15T12:45:00,4.831,-,-
2022-09-15T12:30:00,4.829,-,-
2022-09-15T12:15:00,4.832,-,-
2022-09-15T12:00:00,4.832,-,-
2022-09-15T11:45:00,4.833,-,-
2022-09-15T11:30:00,4.836,-,-
2022-09-15T11:15:00,4.837,-,-
2022-09-15T11:00:00,4.839,-,-
2022-09-15T10:45:00,4.845,-,-
2022-09-15T10:30:00,4.845,-,-
2022-09-15T10:15:00,4.850,-,-
2022-09-15T10:00:00,4.853,-,-
2022-09-15T09:45:00,4.859,-,-
2022-09-15T09:30:00,4.861,-,-
2022-09-15T09:15:00,4.862,-,-
2022-09-15T09:00:00,4.866,-,-
2022-09-15T08:45:00,4.870,-,-
2022-09-15T08:30:00,4.869,-,-
2022-09-15T08:15:00,4.871,-,-
2022-09-15T08:00:00,4.877,-,-
2022-09-15T07:45:00,4.877,-,-
2022-09-15T07:30:00,4.885,-,-
2022-09-15T07:15:00,4.887,-,-
2022-09-15T07:00:00,4.895,-,-
2022-09-15T06:45:00,4.897,-,-
2022-09-15T06:30:00,4.903,-,-
2022-09-15T06:15:00,4.907,-,-
2022-09-15T06:00:00,4.910,-,-
2022-09-15T05:45:00,4.912,-,-
2022-09-15T05:30:00,4.918,-,-
2022-09-15T05:15:00,4.919,-,-
2022-09-15T05:00:00,4.920,-,-
2022-09-15T04:45:00,4.916,-,-
2022-09-15T04:30:00,4.912,-,-
2022-09-15T04:15:00,4.906,-,-
2022-09-15T04:00:00,4.903,-,-
2022-09-15T03:45:00,4.887,-,-
2022-09-15T03:30:00,4.880,-,-
2022-09-15T03:15:00,4.874,-,-
2022-09-15T03:00:00,4.861,-,-
2022-09-15T02:45:00,4.853,-,-
2022-09-15T02:30:00,4.846,-,-
2022-09-15T02:15:00,4.843,-,-
2022-09-15T02:00:00,4.844,-,-
2022-09-15T01:45:00,4.849,-,-
2022-09-15T01:30:00,4.856,-,-
2022-09-15T01:15:00,4.858,-,-
2022-09-15T01:00:00,4.866,-,-
2022-09-15T00:45:00,4.870,-,-
2022-09-15T00:30:00,4.874,-,-
2022-09-15T00:15:00,4.877,-,-
2022-09-15T00:00:00,4.882,-,-
2022-09-14T23:45:00,4.888,-,-
2022-09-14T23:30:00,4.888,-,-
2022-09-14T23:15:00,4.895,-,-
2022-09-14T23:00:00,4.902,-,-
2022-09-14T22:45:00,4.898,-,-
2022-09-14T22:30:00,4.904,-,-
2022-09-14T22:15:00,4.899,-,-
2022-09-14T22:00:00,4.898,-,-
2022-09-14T21:45:00,4.895,-,-
2022-09-14T21:30:00,4.890,-,-
2022-09-14T21:15:00,4.882,-,-
2022-09-14T21:00:00,4.867,-,-
2022-09-14T20:45:00,4.858,-,-
2022-09-14T20:30:00,4.838,-,-
2022-09-14T20:15:00,4.814,-,-
2022-09-14T20:00:00,4.785,-,-
2022-09-14T19:45:00,4.754,-,-
2022-09-14T19:30:00,4.730,-,-
2022-09-14T19:15:00,4.717,-,-
2022-09-14T19:00:00,4.705,-,-
2022-09-14T18:45:00,4.700,-,-
2022-09-14T18:30:00,4.693,-,-
2022-09-14T18:15:00,4.688,-,-
2022-09-14T18:00:00,4.684,-,-
2022-09-14T17:45:00,4.681,-,-
2022-09-14T17:30:00,4.682,-,-
2022-09-14T17:15:00,4.682,-,-
2022-09-14T17:00:00,4.684,-,-
2022-09-14T16:45:00,4.687,-,-
2022-09-14T16:30:00,4.687,-,-
2022-09-14T16:15:00,4.692,-,-
2022-09-14T16:00:00,4.697,-,-
2022-09-14T15:45:00,4.702,-,-
2022-09-14T15:30:00,4.701,-,-
2022-09-14T15:15:00,4.702,-,-
2022-09-14T15:00:00,4.707,-,-
2022-09-14T14:45:00,4.706,-,-
2022-09-14T14:30:00,4.712,-,-
2022-09-14T14:15:00,4.716,-,-
2022-09-14T14:00:00,4.718,-,-
2022-09-14T13:45:00,4.720,-,-
2022-09-14T13:30:00,4.720,-,-
2022-09-14T13:15:00,4.725,-,-
2022-09-14T13:00:00,4.725,-,-
2022-09-14T12:45:00,4.730,-,-
2022-09-14T12:30:00,4.732,-,-
2022-09-14T12:15:00,4.733,-,-
2022-09-14T12:00:00,4.736,-,-
2022-09-14T11:45:00,4.740,-,-
2022-09-14T11:30:00,4.741,-,-
2022-09-14T11:15:00,4.745,-,-
2022-09-14T11:00:00,4.747,-,-
2022-09-14T10:45:00,4.751,-,-
2022-09-14T10:30:00,4.755,-,-
2022-09-14T10:15:00,4.756,-,-
2022-09-14T10:00:00,4.758,-,-
2022-09-14T09:45:00,4.760,-,-
2022-09-14T09:30:00,4.765,-,-
2022-09-14T09:15:00,4.767,-,-
2022-09-14T09:00:00,4.773,-,-
2022-09-14T08:45:00,4.778,-,-
2022-09-14T08:30:00,4.779,-,-
2022-09-14T08:15:00,4.782,-,-
2022-09-14T08:00:00,4.787,-,-
2022-09-14T07:45:00,4.792,-,-
2022-09-14T07:30:00,4.793,-,-
2022-09-14T07:15:00,4.796,-,-
2022-09-14T07:00:00,4.800,-,-
2022-09-14T06:45:00,4.803,-,-
2022-09-14T06:30:00,4.807,-,-
2022-09-14T06:15:00,4.812,-,-
2022-09-14T06:00:00,4.813,-,-
2022-09-14T05:45:00,4.819,-,-
2022-09-14T05:30:00,4.822,-,-
2022-09-14T05:15:00,4.827,-,-
2022-09-14T05:00:00,4.830,-,-
2022-09-14T04:45:00,4.838,-,-
2022-09-14T04:30:00,4.838,-,-
2022-09-14T04:15:00,4.846,-,-
2022-09-14T04:00:00,4.847,-,-
2022-09-14T03:45:00,4.853,-,-
2022-09-14T03:30:00,4.855,-,-
2022-09-14T03:15:00,4.859,-,-
2022-09-14T03:00:00,4.865,-,-
2022-09-14T02:45:00,4.870,-,-
2022-09-14T02:30:00,4.879,-,-
2022-09-14T02:15:00,4.875,-,-
2022-09-14T02:00:00,4.885,-,-
2022-09-14T01:45:00,4.887,-,-
2022-09-14T01:30:00,4.891,-,-
2022-09-14T01:15:00,4.897,-,-
2022-09-14T01:00:00,4.904,-,-
2022-09-14T00:45:00,4.908,-,-
2022-09-14T00:30:00,4.911,-,-
2022-09-14T00:15:00,4.915,-,-
2022-09-14T00:00:00,4.921,-,-
2022-09-13T23:45:00,4.924,-,-
2022-09-13T23:30:00,4.925,-,-
2022-09-13T23:15:00,4.930,-,-
2022-09-13T23:00:00,4.932,-,-
2022-09-13T22:45:00,4.934,-,-
2022-09-13T22:30:00,4.937,-,-
2022-09-13T22:15:00,4.940,-,-
2022-09-13T22:00:00,4.948,-,-
2022-09-13T21:45:00,4.955,-,-
2022-09-13T21:30:00,4.958,-,-
2022-09-13T21:15:00,4.969,-,-
2022-09-13T21:00:00,4.978,-,-
2022-09-13T20:45:00,4.985,-,-
2022-09-13T20:30:00,4.998,-,-
2022-09-13T20:15:00,5.006,-,-
2022-09-13T20:00:00,5.016,-,-
2022-09-13T19:45:00,5.026,-,-
2022-09-13T19:30:00,5.033,-,-
2022-09-13T19:15:00,5.039,-,-
2022-09-13T19:00:00,5.045,-,-
2022-09-13T18:45:00,5.049,-,-
2022-09-13T18:30:00,5.051,-,-
2022-09-13T18:15:00,5.051,-,-
2022-09-13T18:00:00,5.041,-,-
2022-09-13T17:45:00,5.032,-,-
2022-09-13T17:30:00,5.008,-,-
2022-09-13T17:15:00,4.979,-,-
2022-09-13T17:00:00,4.934,-,-
2022-09-13T16:45:00,4.886,-,-
2022-09-13T16:30:00,4.837,-,-
2022-09-13T16:15:00,4.792,-,-
2022-09-13T16:00:00,4.763,-,-
2022-09-13T15:45:00,4.750,-,-
2022-09-13T15:30:00,4.747,-,-
2022-09-13T15:15:00,4.749,-,-
2022-09-13T15:00:00,4.751,-,-
2022-09-13T14:45:00,4.755,-,-
2022-09-13T14:30:00,4.757,-,-
2022-09-13T14:15:00,4.761,-,-
2022-09-13T14:00:00,4.766,-,-
2022-09-13T13:45:00,4.772,-,-
2022-09-13T13:30:00,4.779,-,-
2022-09-13T13:15:00,4.786,-,-
2022-09-13T13:00:00,4.788,-,-
2022-09-13T12:45:00,4.797,-,-
2022-09-13T12:30:00,4.808,-,-
2022-09-13T12:15:00,4.819,-,-
2022-09-13T12:00:00,4.835,-,-
2022-09-13T11:45:00,4.847,-,-
2022-09-13T11:30:00,4.864,-,-
2022-09-13T11:15:00,4.883,-,-
2022-09-13T11:00:00,4.905,-,-
2022-09-13T10:45:00,4.927,-,-
2022-09-13T10:30:00,4.958,-,-
2022-09-13T10:15:00,4.989,-,-
2022-09-13T10:00:00,5.029,-,-
2022-09-13T09:45:00,5.066,-,-
2022-09-13T09:30:00,5.113,-,-
2022-09-13T09:15:00,5.155,-,-
2022-09-13T09:00:00,5.198,-,-
2022-09-13T08:45:00,5.239,-,-
2022-09-13T08:30:00,5.266,-,-
2022-09-13T08:15:00,5.286,-,-
2022-09-13T08:00:00,5.293,-,-
2022-09-13T07:45:00,5.297,-,-
2022-09-13T07:30:00,5.302,-,-
2022-09-13T07:15:00,5.305,-,-
2022-09-13T07:00:00,5.313,-,-
2022-09-13T06:45:00,5.318,-,-
2022-09-13T06:30:00,5.322,-,-
2022-09-13T06:15:00,5.326,-,-
2022-09-13T06:00:00,5.325,-,-
2022-09-13T05:45:00,5.337,-,-
2022-09-13T05:30:00,5.341,-,-
2022-09-13T05:15:00,5.347,-,-
2022-09-13T05:00:00,5.353,-,-
2022-09-13T04:45:00,5.359,-,-
2022-09-13T04:30:00,5.369,-,-
2022-09-13T04:15:00,5.370,-,-
2022-09-13T04:00:00,5.379,-,-
2022-09-13T03:45:00,5.385,-,-
2022-09-13T03:30:00,5.391,-,-
2022-09-13T03:15:00,5.398,-,-
2022-09-13T03:00:00,5.411,-,-
2022-09-13T02:45:00,5.414,-,-
2022-09-13T02:30:00,5.417,-,-
2022-09-13T02:15:00,5.428,-,-
2022-09-13T02:00:00,5.433,-,-
2022-09-13T01:45:00,5.446,-,-
2022-09-13T01:30:00,5.451,-,-
2022-09-13T01:15:00,5.466,-,-
2022-09-13T01:00:00,5.469,-,-
2022-09-13T00:45:00,5.477,-,-
2022-09-13T00:30:00,5.476,-,-
2022-09-13T00:15:00,5.490,-,-
2022-09-13T00:00:00,5.495,-,-
2022-09-12T23:45:00,5.490,-,-
2022-09-12T23:30:00,5.495,-,-
2022-09-12T23:15:00,5.493,-,-
2022-09-12T23:00:00,5.485,-,-
2022-09-12T22:45:00,5.479,-,-
2022-09-12T22:30:00,5.462,-,-
2022-09-12T22:15:00,5.440,-,-
2022-09-12T22:00:00,5.413,-,-
2022-09-12T21:45:00,5.378,-,-
2022-09-12T21:30:00,5.349,-,-
2022-09-12T21:15:00,5.314,-,-
2022-09-12T21:00:00,5.292,-,-
2022-09-12T20:45:00,5.269,-,-
2022-09-12T20:30:00,5.253,-,-
2022-09-12T20:15:00,5.247,-,-
2022-09-12T20:00:00,5.236,-,-
2022-09-12T19:45:00,5.239,-,-
2022-09-12T19:30:00,5.239,-,-
2022-09-12T19:15:00,5.243,-,-
2022-09-12T19:00:00,5.242,-,-
2022-09-12T18:45:00,5.242,-,-
2022-09-12T18:30:00,5.240,-,-
2022-09-12T18:15:00,5.241,-,-
2022-09-12T18:00:00,5.246,-,-
2022-09-12T17:45:00,5.248,-,-
2022-09-12T17:30:00,5.252,-,-
2022-09-12T17:15:00,5.249,-,-
2022-09-12T17:00:00,5.251,-,-
2022-09-12T16:45:00,5.253,-,-
2022-09-12T16:30:00,5.255,-,-
2022-09-12T16:15:00,5.258,-,-
2022-09-12T16:00:00,5.260,-,-
2022-09-12T15:45:00,5.262,-,-
2022-09-12T15:30:00,5.263,-,-
2022-09-12T15:15:00,5.266,-,-
2022-09-12T15:00:00,5.269,-,-
2022-09-12T14:45:00,5.271,-,-
2022-09-12T14:30:00,5.276,-,-
2022-09-12T14:15:00,5.276,-,-
2022-09-12T14:00:00,5.278,-,-
2022-09-12T13:45:00,5.278,-,-
2022-09-12T13:30:00,5.288,-,-
2022-09-12T13:15:00,5.286,-,-
2022-09-12T13:00:00,5.289,-,-
2022-09-12T12:45:00,5.288,-,-
2022-09-12T12:30:00,5.293,-,-
2022-09-12T12:15:00,5.296,-,-
2022-09-12T12:00:00,5.295,-,-
2022-09-12T11:45:00,5.299,-,-
2022-09-12T11:30:00,5.294,-,-
2022-09-12T11:15:00,5.296,-,-
2022-09-12T11:00:00,5.297,-,-
2022-09-12T10:45:00,5.298,-,-
2022-09-12T10:30:00,5.296,-,-
2022-09-12T10:15:00,5.296,-,-
2022-09-12T10:00:00,5.297,-,-
2022-09-12T09:45:00,5.296,-,-
2022-09-12T09:30:00,5.292,-,-
2022-09-12T09:15:00,5.291,-,-
2022-09-12T09:00:00,5.285,-,-
2022-09-12T08:45:00,5.287,-,-
2022-09-12T08:30:00,5.285,-,-
2022-09-12T08:15:00,5.287,-,-
2022-09-12T08:00:00,5.283,-,-
2022-09-12T07:45:00,5.277,-,-
2022-09-12T07:30:00,5.280,-,-
2022-09-12T07:15:00,5.275,-,-
2022-09-12T07:00:00,5.280,-,-
2022-09-12T06:45:00,5.279,-,-
2022-09-12T06:30:00,5.276,-,-
2022-09-12T06:15:00,5.274,-,-
2022-09-12T06:00:00,5.269,-,-
2022-09-12T05:45:00,5.264,-,-
2022-09-12T05:30:00,5.261,-,-
2022-09-12T05:15:00,5.251,-,-
2022-09-12T05:00:00,5.246,-,-
2022-09-12T04:45:00,5.240,-,-
2022-09-12T04:30:00,5.234,-,-
2022-09-12T04:15:00,5.213,-,-
2022-09-12T04:00:00,5.175,-,-
2022-09-12T03:45:00,5.162,-,-
2022-09-12T03:30:00,5.164,-,-
2022-09-12T03:15:00,5.164,-,-
2022-09-12T03:00:00,5.166,-,-
2022-09-12T02:45:00,5.162,-,-
2022-09-12T02:30:00,5.166,-,-
2022-09-12T02:15:00,5.168,-,-
2022-09-12T02:00:00,5.171,-,-
2022-09-12T01:45:00,5.175,-,-
2022-09-12T01:30:00,5.176,-,-
2022-09-12T01:15:00,5.178,-,-
2022-09-12T01:00:00,5.176,-,-
2022-09-12T00:45:00,5.177,-,-
2022-09-12T00:30:00,5.180,-,-
2022-09-12T00:15:00,5.180,-,-
2022-09-12T00:00:00,5.181,-,-
2022-09-11T23:45:00,5.181,-,-
2022-09-11T23:30:00,5.184,-,-
2022-09-11T23:15:00,5.183,-,-
2022-09-11T23:00:00,5.190,-,-
2022-09-11T22:45:00,5.187,-,-
2022-09-11T22:30:00,5.186,-,-
2022-09-11T22:15:00,5.187,-,-
2022-09-11T22:00:00,5.195,-,-
2022-09-11T21:45:00,5.196,-,-
2022-09-11T21:30:00,5.194,-,-
2022-09-11T21:15:00,5.199,-,-
2022-09-11T21:00:00,5.191,-,-
2022-09-11T20:45:00,5.201,-,-
2022-09-11T20:30:00,5.198,-,-
2022-09-11T20:15:00,5.198,-,-
2022-09-11T20:00:00,5.197,-,-
2022-09-11T19:45:00,5.198,-,-
2022-09-11T19:30:00,5.193,-,-
2022-09-11T19:15:00,5.195,-,-
2022-09-11T19:00:00,5.199,-,-
2022-09-11T18:45:00,5.192,-,-
2022-09-11T18:30:00,5.186,-,-
2022-09-11T18:15:00,5.191,-,-
2022-09-11T18:00:00,5.189,-,-
2022-09-11T17:45:00,5.183,-,-
2022-09-11T17:30:00,5.185,-,-
2022-09-11T17:15:00,5.186,-,-
2022-09-11T17:00:00,5.191,-,-
2022-09-11T16:45:00,5.195,-,-
2022-09-11T16:30:00,5.192,-,-
2022-09-11T16:15:00,5.196,-,-
2022-09-11T16:00:00,5.195,-,-
2022-09-11T15:45:00,5.196,-,-
2022-09-11T15:30:00,5.200,-,-
2022-09-11T15:15:00,5.199,-,-
2022-09-11T15:00:00,5.206,-,-
2022-09-11T14:45:00,5.207,-,-
2022-09-11T14:30:00,5.211,-,-
2022-09-11T14:15:00,5.211,-,-
2022-09-11T14:00:00,5.209,-,-
2022-09-11T13:45:00,5.209,-,-
2022-09-11T13:30:00,5.211,-,-
2022-09-11T13:15:00,5.216,-,-
2022-09-11T13:00:00,5.216,-,-
2022-09-11T12:45:00,5.221,-,-
2022-09-11T12:30:00,5.222,-,-
2022-09-11T12:15:00,5.221,-,-
2022-09-11T12:00:00,5.220,-,-
2022-09-11T11:45:00,5.224,-,-
2022-09-11T11:30:00,5.224,-,-
2022-09-11T11:15:00,5.228,-,-
2022-09-11T11:00:00,5.230,-,-
2022-09-11T10:45:00,5.233,-,-
2022-09-11T10:30:00,5.230,-,-
2022-09-11T10:15:00,5.235,-,-
2022-09-11T10:00:00,5.235,-,-
2022-09-11T09:45:00,5.237,-,-
2022-09-11T09:30:00,5.241,-,-
2022-09-11T09:15:00,5.243,-,-
2022-09-11T09:00:00,5.242,-,-
2022-09-11T08:45:00,5.247,-,-
2022-09-11T08:30:00,5.240,-,-
2022-09-11T08:15:00,5.248,-,-
2022-09-11T08:00:00,5.253,-,-
2022-09-11T07:45:00,5.252,-,-
2022-09-11T07:30:00,5.252,-,-
2022-09-11T07:15:00,5.256,-,-
2022-09-11T07:00:00,5.262,-,-
2022-09-11T06:45:00,5.253,-,-
2022-09-11T06:30:00,5.261,-,-
2022-09-11T06:15:00,5.263,-,-
2022-09-11T06:00:00,5.265,-,-
2022-09-11T05:45:00,5.269,-,-
2022-09-11T05:30:00,5.273,-,-
2022-09-11T05:15:00,5.272,-,-
2022-09-11T05:00:00,5.276,-,-
2022-09-11T04:45:00,5.277,-,-
2022-09-11T04:30:00,5.278,-,-
2022-09-11T04:15:00,5.275,-,-
2022-09-11T04:00:00,5.283,-,-
2022-09-11T03:45:00,5.288,-,-
2022-09-11T03:30:00,5.289,-,-
2022-09-11T03:15:00,5.290,-,-
2022-09-11T03:00:00,5.293,-,-
2022-09-11T02:45:00,5.293,-,-
2022-09-11T02:30:00,5.299,-,-
2022-09-11T02:15:00,5.301,-,-
2022-09-11T02:00:00,5.301,-,-
2022-09-11T01:45:00,5.305,-,-
2022-09-11T01:30:00,5.307,-,-
2022-09-11T01:15:00,5.307,-,-
2022-09-11T01:00:00,5.309,-,-
2022-09-11T00:45:00,5.314,-,-
2022-09-11T00:30:00,5.312,-,-
2022-09-11T00:15:00,5.322,-,-
2022-09-11T00:00:00,5.322,-,-
2022-09-10T23:45:00,5.322,-,-
2022-09-10T23:30:00,5.323,-,-
2022-09-10T23:15:00,5.327,-,-
2022-09-10T23:00:00,5.330,-,-
2022-09-10T22:45:00,5.334,-,-
2022-09-10T22:30:00,5.336,-,-
2022-09-10T22:15:00,5.340,-,-
2022-09-10T22:00:00,5.344,-,-
2022-09-10T21:45:00,5.343,-,-
2022-09-10T21:30:00,5.350,-,-
2022-09-10T21:15:00,5.353,-,-
2022-09-10T21:00:00,5.354,-,-
2022-09-10T20:45:00,5.356,-,-
2022-09-10T20:30:00,5.360,-,-
2022-09-10T20:15:00,5.362,-,-
2022-09-10T20:00:00,5.368,-,-
2022-09-10T19:45:00,5.371,-,-
2022-09-10T19:30:00,5.371,-,-
2022-09-10T19:15:00,5.373,-,-
2022-09-10T19:00:00,5.374,-,-
2022-09-10T18:45:00,5.379,-,-
2022-09-10T18:30:00,5.386,-,-
2022-09-10T18:15:00,5.389,-,-
2022-09-10T18:00:00,5.393,-,-
2022-09-10T17:45:00,5.393,-,-
2022-09-10T17:30:00,5.394,-,-
2022-09-10T17:15:00,5.398,-,-
2022-09-10T17:00:00,5.404,-,-
2022-09-10T16:45:00,5.405,-,-
2022-09-10T16:30:00,5.409,-,-
2022-09-10T16:15:00,5.413,-,-
2022-09-10T16:00:00,5.416,-,-
2022-09-10T15:45:00,5.420,-,-
2022-09-10T15:30:00,5.421,-,-
2022-09-10T15:15:00,5.424,-,-
2022-09-10T15:00:00,5.428,-,-
2022-09-10T14:45:00,5.437,-,-
2022-09-10T14:30:00,5.437,-,-
2022-09-10T14:15:00,5.434,-,-
2022-09-10T14:00:00,5.440,-,-
2022-09-10T13:45:00,5.440,-,-
2022-09-10T13:30:00,5.444,-,-
2022-09-10T13:15:00,5.445,-,-
2022-09-10T13:00:00,5.449,-,-
2022-09-10T12:45:00,5.452,-,-
2022-09-10T12:30:00,5.457,-,-
2022-09-10T12:15:00,5.456,-,-
2022-09-10T12:00:00,5.457,-,-
2022-09-10T11:45:00,5.464,-,-
2022-09-10T11:30:00,5.464,-,-
2022-09-10T11:15:00,5.469,-,-
2022-09-10T11:00:00,5.471,-,-
2022-09-10T10:45:00,5.469,-,-
2022-09-10T10:30:00,5.470,-,-
2022-09-10T10:15:00,5.475,-,-
2022-09-10T10:00:00,5.473,-,-
2022-09-10T09:45:00,5.476,-,-
2022-09-10T09:30:00,5.479,-,-
2022-09-10T09:15:00,5.483,-,-
2022-09-10T09:00:00,5.486,-,-
2022-09-10T08:45:00,5.484,-,-
2022-09-10T08:30:00,5.489,-,-
2022-09-10T08:15:00,5.491,-,-
2022-09-10T08:00:00,5.491,-,-
2022-09-10T07:45:00,5.487,-,-
2022-09-10T07:30:00,5.500,-,-
2022-09-10T07:15:00,5.497,-,-
2022-09-10T07:00:00,5.493,-,-
2022-09-10T06:45:00,5.497,-,-
2022-09-10T06:30:00,5.499,-,-
2022-09-10T06:15:00,5.502,-,-
2022-09-10T06:00:00,5.504,-,-
2022-09-10T05:45:00,5.503,-,-
2022-09-10T05:30:00,5.510,-,-
2022-09-10T05:15:00,5.511,-,-
2022-09-10T05:00:00,5.515,-,-
2022-09-10T04:45:00,5.519,-,-
2022-09-10T04:30:00,5.517,-,-
2022-09-10T04:15:00,5.522,-,-
2022-09-10T04:00:00,5.523,-,-
2022-09-10T03:45:00,5.520,-,-
2022-09-10T03:30:00,5.528,-,-
2022-09-10T03:15:00,5.526,-,-
2022-09-10T03:00:00,5.528,-,-
2022-09-10T02:45:00,5.532,-,-
2022-09-10T02:30:00,5.533,-,-
2022-09-10T02:15:00,5.538,-,-
2022-09-10T02:00:00,5.539,-,-
2022-09-10T01:45:00,5.541,-,-
2022-09-10T01:30:00,5.543,-,-
2022-09-10T01:15:00,5.549,-,-
2022-09-10T01:00:00,5.549,-,-
2022-09-10T00:45:00,5.553,-,-
2022-09-10T00:30:00,5.558,-,-
2022-09-10T00:15:00,5.563,-,-
2022-09-10T00:00:00,5.563,-,-
2022-09-23T23:45:00,5.728,-,-
2022-09-23T23:30:00,5.734,-,-
2022-09-23T23:15:00,5.743,-,-
2022-09-23T23:00:00,5.746,-,-
2022-09-23T22:45:00,5.749,-,-
2022-09-23T22:30:00,5.755,-,-
2022-09-23T22:15:00,5.760,-,-
2022-09-23T22:00:00,5.767,-,-
2022-09-23T21:45:00,5.768,-,-
2022-09-23T21:30:00,5.775,-,-
2022-09-23T21:15:00,5.781,-,-
2022-09-23T21:00:00,5.786,-,-
2022-09-23T20:45:00,5.792,-,-
2022-09-23T20:30:00,5.800,-,-
2022-09-23T20:15:00,5.805,-,-
2022-09-23T20:00:00,5.813,-,-
2022-09-23T19:45:00,5.819,-,-
2022-09-23T19:30:00,5.827,-,-
2022-09-23T19:15:00,5.838,-,-
2022-09-23T19:00:00,5.840,-,-
2022-09-23T18:45:00,5.847,-,-
2022-09-23T18:30:00,5.855,-,-
2022-09-23T18:15:00,5.864,-,-
2022-09-23T18:00:00,5.870,-,-
2022-09-23T17:45:00,5.880,-,-
2022-09-23T17:30:00,5.883,-,-
2022-09-23T17:15:00,5.888,-,-
2022-09-23T17:00:00,5.892,-,-
2022-09-23T16:45:00,5.897,-,-
2022-09-23T16:30:00,5.904,-,-
2022-09-23T16:15:00,5.904,-,-
2022-09-23T16:00:00,5.913,-,-
2022-09-23T15:45:00,5.914,-,-
2022-09-23T15:30:00,5.924,-,-
2022-09-23T15:15:00,5.930,-,-
2022-09-23T15:00:00,5.936,-,-
2022-09-23T14:45:00,5.945,-,-
2022-09-23T14:30:00,5.958,-,-
2022-09-23T14:15:00,5.964,-,-
2022-09-23T14:00:00,5.972,-,-
2022-09-23T13:45:00,5.983,-,-
2022-09-23T13:30:00,5.994,-,-
2022-09-23T13:15:00,5.998,-,-
2022-09-23T13:00:00,6.009,-,-
2022-09-23T12:45:00,6.024,-,-
2022-09-23T12:30:00,6.031,-,-
2022-09-23T12:15:00,6.037,-,-
2022-09-23T12:00:00,6.051,-,-
2022-09-23T11:45:00,6.058,-,-
2022-09-23T11:30:00,6.064,-,-
2022-09-23T11:15:00,6.081,-,-
2022-09-23T11:00:00,6.094,-,-
2022-09-23T10:45:00,6.111,-,-
2022-09-23T10:30:00,6.115,-,-
2022-09-23T10:15:00,6.130,-,-
2022-09-23T10:00:00,6.141,-,-
2022-09-23T09:45:00,6.151,-,-
2022-09-23T09:30:00,6.157,-,-
2022-09-23T09:15:00,6.164,-,-
2022-09-23T09:00:00,6.159,-,-
2022-09-23T08:45:00,6.163,-,-
2022-09-23T08:30:00,6.160,-,-
2022-09-23T08:15:00,6.146,-,-
2022-09-23T08:00:00,6.136,-,-
2022-09-23T07:45:00,6.115,-,-
2022-09-23T07:30:00,6.085,-,-
2022-09-23T07:15:00,6.044,-,-
2022-09-23T07:00:00,5.999,-,-
2022-09-23T06:45:00,5.953,-,-
2022-09-23T06:30:00,5.905,-,-
2022-09-23T06:15:00,5.864,-,-
2022-09-23T06:00:00,5.829,-,-
2022-09-23T05:45:00,5.802,-,-
2022-09-23T05:30:00,5.793,-,-
2022-09-23T05:15:00,5.775,-,-
2022-09-23T05:00:00,5.774,-,-
2022-09-23T04:45:00,5.773,-,-
2022-09-23T04:30:00,5.779,-,-
2022-09-23T04:15:00,5.783,-,-
2022-09-23T04:00:00,5.794,-,-
2022-09-23T03:45:00,5.804,-,-
2022-09-23T03:30:00,5.816,-,-
2022-09-23T03:15:00,5.828,-,-
2022-09-23T03:00:00,5.842,-,-
2022-09-23T02:45:00,5.846,-,-
2022-09-23T02:30:00,5.856,-,-
2022-09-23T02:15:00,5.870,-,-
2022-09-23T02:00:00,5.888,-,-
2022-09-23T01:45:00,5.909,-,-
2022-09-23T01:30:00,5.923,-,-
2022-09-23T01:15:00,5.937,-,-
2022-09-23T01:00:00,5.960,-,-
2022-09-23T00:45:00,5.978,-,-
2022-09-23T00:30:00,5.995,-,-
2022-09-23T00:15:00,6.015,-,-
2022-09-23T00:00:00,6.038,-,-
2022-09-22T23:45:00,6.060,-,-
2022-09-22T23:30:00,6.083,-,-
2022-09-22T23:15:00,6.111,-,-
2022-09-22T23:00:00,6.133,-,-
2022-09-22T22:45:00,6.157,-,-
2022-09-22T22:30:00,6.187,-,-
2022-09-22T22:15:00,6.219,-,-
2022-09-22T22:00:00,6.260,-,-
2022-09-22T21:45:00,6.286,-,-
2022-09-22T21:30:00,6.324,-,-
2022-09-22T21:15:00,6.350,-,-
2022-09-22T21:00:00,6.390,-,-
2022-09-22T20:45:00,6.416,-,-
2022-09-22T20:30:00,6.442,-,-
2022-09-22T20:15:00,6.474,-,-
2022-09-22T20:00:00,6.500,-,-
2022-09-22T19:45:00,6.509,-,-
2022-09-22T19:30:00,6.509,-,-
2022-09-22T19:15:00,6.496,-,-
2022-09-22T19:00:00,6.469,-,-
2022-09-22T18:45:00,6.411,-,-
2022-09-22T18:30:00,6.325,-,-
2022-09-22T18:15:00,6.203,-,-
2022-09-22T18:00:00,6.067,-,-
2022-09-22T17:45:00,5.897,-,-
2022-09-22T17:30:00,5.738,-,-
2022-09-22T17:15:00,5.581,-,-
2022-09-22T17:00:00,5.482,-,-
2022-09-22T16:45:00,5.440,-,-
2022-09-22T16:30:00,5.426,-,-
2022-09-22T16:15:00,5.417,-,-
2022-09-22T16:00:00,5.416,-,-
2022-09-22T15:45:00,5.410,-,-
2022-09-22T15:30:00,5.413,-,-
2022-09-22T15:15:00,5.413,-,-
2022-09-22T15:00:00,5.405,-,-
2022-09-22T14:45:00,5.397,-,-
2022-09-22T14:30:00,5.396,-,-
2022-09-22T14:15:00,5.399,-,-
2022-09-22T14:00:00,5.402,-,-
2022-09-22T13:45:00,5.405,-,-
2022-09-22T13:30:00,5.408,-,-
2022-09-22T13:15:00,5.411,-,-
2022-09-22T13:00:00,5.414,-,-
2022-09-22T12:45:00,5.419,-,-
2022-09-22T12:30:00,5.424,-,-
2022-09-22T12:15:00,5.421,-,-
2022-09-22T12:00:00,5.431,-,-
2022-09-22T11:45:00,5.436,-,-
2022-09-22T11:30:00,5.435,-,-
2022-09-22T11:15:00,5.441,-,-
2022-09-22T11:00:00,5.443,-,-
2022-09-22T10:45:00,5.451,-,-
2022-09-22T10:30:00,5.450,-,-
2022-09-22T10:15:00,5.460,-,-
2022-09-22T10:00:00,5.465,-,-
2022-09-22T09:45:00,5.464,-,-
2022-09-22T09:30:00,5.469,-,-
2022-09-22T09:15:00,5.477,-,-
2022-09-22T09:00:00,5.479,-,-
2022-09-22T08:45:00,5.488,-,-
2022-09-22T08:30:00,5.490,-,-
2022-09-22T08:15:00,5.497,-,-
2022-09-22T08:00:00,5.497,-,-
2022-09-22T07:45:00,5.504,-,-
2022-09-22T07:30:00,5.509,-,-
2022-09-22T07:15:00,5.514,-,-
2022-09-22T07:00:00,5.516,-,-
2022-09-22T06:45:00,5.527,-,-
2022-09-22T06:30:00,5.529,-,-
2022-09-22T06:15:00,5.534,-,-
2022-09-22T06:00:00,5.538,-,-
2022-09-22T05:45:00,5.548,-,-
2022-09-22T05:30:00,5.551,-,-
2022-09-22T05:15:00,5.562,-,-
2022-09-22T05:00:00,5.564,-,-
2022-09-22T04:45:00,5.574,-,-
2022-09-22T04:30:00,5.572,-,-
2022-09-22T04:15:00,5.585,-,-
2022-09-22T04:00:00,5.590,-,-
2022-09-22T03:45:00,5.595,-,-
2022-09-22T03:30:00,5.605,-,-
2022-09-22T03:15:00,5.612,-,-
2022-09-22T03:00:00,5.619,-,-
2022-09-22T02:45:00,5.631,-,-
2022-09-22T02:30:00,5.638,-,-
2022-09-22T02:15:00,5.648,-,-
2022-09-22T02:00:00,5.658,-,-
2022-09-22T01:45:00,5.667,-,-
2022-09-22T01:30:00,5.676,-,-
2022-09-22T01:15:00,5.682,-,-
2022-09-22T01:00:00,5.696,-,-
2022-09-22T00:45:00,5.701,-,-
2022-09-22T00:30:00,5.715,-,-
2022-09-22T00:15:00,5.726,-,-
2022-09-22T00:00:00,5.739,-,-
2022-09-21T23:45:00,5.748,-,-
2022-09-21T23:30:00,5.749,-,-
2022-09-21T23:15:00,5.759,-,-
2022-09-21T23:00:00,5.766,-,-
2022-09-21T22:45:00,5.773,-,-
2022-09-21T22:30:00,5.779,-,-
2022-09-21T22:15:00,5.781,-,-
2022-09-21T22:00:00,5.779,-,-
2022-09-21T21:45:00,5.790,-,-
2022-09-21T21:30:00,5.787,-,-
2022-09-21T21:15:00,5.785,-,-
2022-09-21T21:00:00,5.781,-,-
2022-09-21T20:45:00,5.774,-,-
2022-09-21T20:30:00,5.757,-,-
2022-09-21T20:15:00,5.741,-,-
2022-09-21T20:00:00,5.728,-,-
2022-09-21T19:45:00,5.700,-,-
2022-09-21T19:30:00,5.671,-,-
2022-09-21T19:15:00,5.636,-,-
2022-09-21T19:00:00,5.607,-,-
2022-09-21T18:45:00,5.556,-,-
2022-09-21T18:30:00,5.523,-,-
2022-09-21T18:15:00,5.479,-,-
2022-09-21T18:00:00,5.437,-,-
2022-09-21T17:45:00,5.406,-,-
2022-09-21T17:30:00,5.394,-,-
2022-09-21T17:15:00,5.381,-,-
2022-09-21T17:00:00,5.375,-,-
2022-09-21T16:45:00,5.378,-,-
2022-09-21T16:30:00,5.381,-,-
2022-09-21T16:15:00,5.382,-,-
2022-09-21T16:00:00,5.382,-,-
2022-09-21T15:45:00,5.383,-,-
2022-09-21T15:30:00,5.390,-,-
2022-09-21T15:15:00,5.391,-,-
2022-09-21T15:00:00,5.393,-,-
2022-09-21T14:45:00,5.399,-,-
2022-09-21T14:30:00,5.397,-,-
2022-09-21T14:15:00,5.383,-,-
2022-09-21T14:00:00,5.371,-,-
2022-09-21T13:45:00,5.364,-,-
2022-09-21T13:30:00,5.367,-,-
2022-09-21T13:15:00,5.369,-,-
2022-09-21T13:00:00,5.372,-,-
2022-09-21T12:45:00,5.375,-,-
2022-09-21T12:30:00,5.375,-,-
2022-09-21T12:15:00,5.386,-,-
2022-09-21T12:00:00,5.385,-,-
2022-09-21T11:45:00,5.387,-,-
2022-09-21T11:30:00,5.391,-,-
2022-09-21T11:15:00,5.395,-,-
2022-09-21T11:00:00,5.397,-,-
2022-09-21T10:45:00,5.403,-,-
2022-09-21T10:30:00,5.399,-,-
2022-09-21T10:15:00,5.405,-,-
2022-09-21T10:00:00,5.407,-,-
2022-09-21T09:45:00,5.411,-,-
2022-09-21T09:30:00,5.408,-,-
2022-09-21T09:15:00,5.415,-,-
2022-09-21T09:00:00,5.411,-,-
2022-09-21T08:45:00,5.413,-,-
2022-09-21T08:30:00,5.414,-,-
2022-09-21T08:15:00,5.422,-,-
2022-09-21T08:00:00,5.421,-,-
2022-09-21T07:45:00,5.425,-,-
2022-09-21T07:30:00,5.427,-,-
2022-09-21T07:15:00,5.430,-,-
2022-09-21T07:00:00,5.435,-,-
2022-09-21T06:45:00,5.439,-,-
2022-09-21T06:30:00,5.438,-,-
2022-09-21T06:15:00,5.442,-,-
2022-09-21T06:00:00,5.447,-,-
2022-09-21T05:45:00,5.452,-,-
2022-09-21T05:30:00,5.454,-,-
2022-09-21T05:15:00,5.455,-,-
2022-09-21T05:00:00,5.464,-,-
2022-09-21T04:45:00,5.463,-,-
2022-09-21T04:30:00,5.468,-,-
2022-09-21T04:15:00,5.469,-,-
2022-09-21T04:00:00,5.477,-,-
2022-09-21T03:45:00,5.478,-,-
2022-09-21T03:30:00,5.482,-,-
2022-09-21T03:15:00,5.487,-,-
2022-09-21T03:00:00,5.489,-,-
2022-09-21T02:45:00,5.488,-,-
2022-09-21T02:30:00,5.500,-,-
2022-09-21T02:15:00,5.501,-,-
2022-09-21T02:00:00,5.502,-,-
2022-09-21T01:45:00,5.502,-,-
2022-09-21T01:30:00,5.509,-,-
2022-09-21T01:15:00,5.512,-,-
2022-09-21T01:00:00,5.511,-,-
2022-09-21T00:45:00,5.517,-,-
2022-09-21T00:30:00,5.520,-,-
2022-09-21T00:15:00,5.521,-,-
2022-09-21T00:00:00,5.527,-,-
2022-09-20T23:45:00,5.527,-,-
2022-09-20T23:30:00,5.531,-,-
2022-09-20T23:15:00,5.532,-,-
2022-09-20T23:00:00,5.533,-,-
2022-09-20T22:45:00,5.535,-,-
2022-09-20T22:30:00,5.537,-,-
2022-09-20T22:15:00,5.540,-,-
2022-09-20T22:00:00,5.537,-,-
2022-09-20T21:45:00,5.538,-,-
2022-09-20T21:30:00,5.545,-,-
2022-09-20T21:15:00,5.542,-,-
2022-09-20T21:00:00,5.540,-,-
2022-09-20T20:45:00,5.540,-,-
2022-09-20T20:30:00,5.539,-,-
2022-09-20T20:15:00,5.533,-,-
2022-09-20T20:00:00,5.527,-,-
2022-09-20T19:45:00,5.518,-,-
2022-09-20T19:30:00,5.506,-,-
2022-09-20T19:15:00,5.491,-,-
2022-09-20T19:00:00,5.473,-,-
2022-09-20T18:45:00,5.460,-,-
2022-09-20T18:30:00,5.444,-,-
2022-09-20T18:15:00,5.430,-,-
2022-09-20T18:00:00,5.429,-,-
2022-09-20T17:45:00,5.439,-,-
2022-09-20T17:30:00,5.447,-,-
2022-09-20T17:15:00,5.462,-,-
2022-09-20T17:00:00,5.477,-,-
2022-09-20T16:45:00,5.490,-,-
2022-09-20T16:30:00,5.504,-,-
2022-09-20T16:15:00,5.521,-,-
2022-09-20T16:00:00,5.538,-,-
2022-09-20T15:45:00,5.553,-,-
2022-09-20T15:30:00,5.576,-,-
2022-09-20T15:15:00,5.601,-,-
2022-09-20T15:00:00,5.628,-,-
2022-09-20T14:45:00,5.650,-,-
2022-09-20T14:30:00,5.681,-,-
2022-09-20T14:15:00,5.716,-,-
2022-09-20T14:00:00,5.744,-,-
2022-09-20T13:45:00,5.771,-,-
2022-09-20T13:30:00,5.794,-,-
2022-09-20T13:15:00,5.814,-,-
2022-09-20T13:00:00,5.827,-,-
2022-09-20T12:45:00,5.835,-,-
2022-09-20T12:30:00,5.851,-,-
2022-09-20T12:15:00,5.861,-,-
2022-09-20T12:00:00,5.853,-,-
2022-09-20T11:45:00,5.857,-,-
2022-09-20T11:30:00,5.844,-,-
2022-09-20T11:15:00,5.833,-,-
2022-09-20T11:00:00,5.826,-,-
2022-09-20T10:45:00,5.833,-,-
2022-09-20T10:30:00,5.835,-,-
2022-09-20T10:15:00,5.836,-,-
2022-09-20T10:00:00,5.846,-,-
2022-09-20T09:45:00,5.851,-,-
2022-09-20T09:30:00,5.853,-,-
2022-09-20T09:15:00,5.860,-,-
2022-09-20T09:00:00,5.859,-,-
2022-09-20T08:45:00,5.861,-,-
2022-09-20T08:30:00,5.862,-,-
2022-09-20T08:15:00,5.865,-,-
2022-09-20T08:00:00,5.871,-,-
2022-09-20T07:45:00,5.879,-,-
2022-09-20T07:30:00,5.886,-,-
2022-09-20T07:15:00,5.893,-,-
2022-09-20T07:00:00,5.904,-,-
2022-09-20T06:45:00,5.911,-,-
2022-09-20T06:30:00,5.917,-,-
2022-09-20T06:15:00,5.927,-,-
2022-09-20T06:00:00,5.934,-,-
2022-09-20T05:45:00,5.942,-,-
2022-09-20T05:30:00,5.947,-,-
2022-09-20T05:15:00,5.952,-,-
2022-09-20T05:00:00,5.966,-,-
2022-09-20T04:45:00,5.970,-,-
2022-09-20T04:30:00,5.975,-,-
2022-09-20T04:15:00,5.982,-,-
2022-09-20T04:00:00,5.975,-,-
2022-09-20T03:45:00,5.980,-,-
2022-09-20T03:30:00,5.986,-,-
2022-09-20T03:15:00,5.985,-,-
2022-09-20T03:00:00,5.984,-,-
2022-09-20T02:45:00,5.985,-,-
2022-09-20T02:30:00,5.990,-,-
2022-09-20T02:15:00,5.986,-,-
2022-09-20T02:00:00,5.998,-,-
2022-09-20T01:45:00,5.996,-,-
2022-09-20T01:30:00,5.995,-,-
2022-09-20T01:15:00,6.003,-,-
2022-09-20T01:00:00,5.994,-,-
2022-09-20T00:45:00,5.985,-,-
2022-09-20T00:30:00,5.976,-,-
2022-09-20T00:15:00,5.945,-,-
2022-09-20T00:00:00,5.917,-,-
2022-09-19T23:45:00,5.877,-,-
2022-09-19T23:30:00,5.827,-,-
2022-09-19T23:15:00,5.768,-,-
2022-09-19T23:00:00,5.712,-,-
2022-09-19T22:45:00,5.645,-,-
2022-09-19T22:30:00,5.572,-,-
2022-09-19T22:15:00,5.521,-,-
2022-09-19T22:00:00,5.468,-,-
2022-09-19T21:45:00,5.434,-,-
2022-09-19T21:30:00,5.408,-,-
2022-09-19T21:15:00,5.385,-,-
2022-09-19T21:00:00,5.373,-,-
2022-09-19T20:45:00,5.360,-,-
2022-09-19T20:30:00,5.346,-,-
2022-09-19T20:15:00,5.339,-,-
2022-09-19T20:00:00,5.329,-,-
2022-09-19T19:45:00,5.328,-,-
2022-09-19T19:30:00,5.325,-,-
2022-09-19T19:15:00,5.327,-,-
2022-09-19T19:00:00,5.324,-,-
2022-09-19T18:45:00,5.319,-,-
2022-09-19T18:30:00,5.318,-,-
2022-09-19T18:15:00,5.315,-,-
2022-09-19T18:00:00,5.312,-,-
2022-09-19T17:45:00,5.310,-,-
2022-09-19T17:30:00,5.308,-,-
2022-09-19T17:15:00,5.314,-,-
2022-09-19T17:00:00,5.315,-,-
2022-09-19T16:45:00,5.316,-,-
2022-09-19T16:30:00,5.322,-,-
2022-09-19T16:15:00,5.323,-,-
2022-09-19T16:00:00,5.329,-,-
2022-09-19T15:45:00,5.331,-,-
2022-09-19T15:30:00,5.336,-,-
2022-09-19T15:15:00,5.342,-,-
2022-09-19T15:00:00,5.342,-,-
2022-09-19T14:45:00,5.349,-,-
2022-09-19T14:30:00,5.351,-,-
2022-09-19T14:15:00,5.358,-,-
2022-09-19T14:00:00,5.362,-,-
2022-09-19T13:45:00,5.364,-,-
2022-09-19T13:30:00,5.369,-,-
2022-09-19T13:15:00,5.372,-,-
2022-09-19T13:00:00,5.379,-,-
2022-09-19T12:45:00,5.381,-,-
2022-09-19T12:30:00,5.384,-,-
2022-09-19T12:15:00,5.391,-,-
2022-09-19T12:00:00,5.395,-,-
2022-09-19T11:45:00,5.401,-,-
2022-09-19T11:30:00,5.399,-,-
2022-09-19T11:15:00,5.410,-,-
2022-09-19T11:00:00,5.413,-,-
2022-09-19T10:45:00,5.415,-,-
2022-09-19T10:30:00,5.421,-,-
2022-09-19T10:15:00,5.428,-,-
2022-09-19T10:00:00,5.433,-,-
2022-09-19T09:45:00,5.437,-,-
2022-09-19T09:30:00,5.441,-,-
2022-09-19T09:15:00,5.450,-,-
2022-09-19T09:00:00,5.453,-,-
2022-09-19T08:45:00,5.458,-,-
2022-09-19T08:30:00,5.466,-,-
2022-09-19T08:15:00,5.469,-,-
2022-09-19T08:00:00,5.479,-,-
2022-09-19T07:45:00,5.483,-,-
2022-09-19T07:30:00,5.491,-,-
2022-09-19T07:15:00,5.494,-,-
2022-09-19T07:00:00,5.501,-,-
2022-09-19T06:45:00,5.510,-,-
2022-09-19T06:30:00,5.514,-,-
2022-09-19T06:15:00,5.522,-,-
2022-09-19T06:00:00,5.530,-,-
2022-09-19T05:45:00,5.538,-,-
2022-09-19T05:30:00,5.547,-,-
2022-09-19T05:15:00,5.552,-,-
2022-09-19T05:00:00,5.562,-,-
2022-09-19T04:45:00,5.577,-,-
2022-09-19T04:30:00,5.586,-,-
2022-09-19T04:15:00,5.594,-,-
2022-09-19T04:00:00,5.608,-,-
2022-09-19T03:45:00,5.622,-,-
2022-09-19T03:30:00,5.632,-,-
2022-09-19T03:15:00,5.640,-,-
2022-09-19T03:00:00,5.646,-,-
2022-09-19T02:45:00,5.653,-,-
2022-09-19T02:30:00,5.652,-,-
2022-09-19T02:15:00,5.644,-,-
2022-09-19T02:00:00,5.630,-,-
2022-09-19T01:45:00,5.595,-,-
2022-09-19T01:30:00,5.556,-,-
2022-09-19T01:15:00,5.518,-,-
2022-09-19T01:00:00,5.480,-,-
2022-09-19T00:45:00,5.458,-,-
2022-09-19T00:30:00,5.445,-,-
2022-09-19T00:15:00,5.439,-,-
2022-09-19T00:00:00,5.437,-,-
2022-09-18T23:45:00,5.440,-,-
2022-09-18T23:30:00,5.442,-,-
2022-09-18T23:15:00,5.445,-,-
2022-09-18T23:00:00,5.452,-,-
2022-09-18T22:45:00,5.453,-,-
2022-09-18T22:30:00,5.458,-,-
2022-09-18T22:15:00,5.461,-,-
2022-09-18T22:00:00,5.466,-,-
2022-09-18T21:45:00,5.470,-,-
2022-09-18T21:30:00,5.469,-,-
2022-09-18T21:15:00,5.478,-,-
2022-09-18T21:00:00,5.482,-,-
2022-09-18T20:45:00,5.482,-,-
2022-09-18T20:30:00,5.489,-,-
2022-09-18T20:15:00,5.492,-,-
2022-09-18T20:00:00,5.494,-,-
2022-09-18T19:45:00,5.495,-,-
2022-09-18T19:30:00,5.500,-,-
2022-09-18T19:15:00,5.503,-,-
2022-09-18T19:00:00,5.507,-,-
2022-09-18T18:45:00,5.508,-,-
2022-09-18T18:30:00,5.516,-,-
2022-09-18T18:15:00,5.523,-,-
2022-09-18T18:00:00,5.523,-,-
2022-09-18T17:45:00,5.528,-,-
2022-09-18T17:30:00,5.533,-,-
2022-09-18T17:15:00,5.535,-,-
2022-09-18T17:00:00,5.538,-,-
2022-09-18T16:45:00,5.540,-,-
2022-09-18T16:30:00,5.548,-,-
2022-09-18T16:15:00,5.549,-,-
2022-09-18T16:00:00,5.554,-,-
2022-09-18T15:45:00,5.561,-,-
2022-09-18T15:30:00,5.563,-,-
2022-09-18T15:15:00,5.563,-,-
2022-09-18T15:00:00,5.571,-,-
2022-09-18T14:45:00,5.571,-,-
2022-09-18T14:30:00,5.577,-,-
2022-09-18T14:15:00,5.581,-,-
2022-09-18T14:00:00,5.582,-,-
2022-09-18T13:45:00,5.586,-,-
2022-09-18T13:30:00,5.577,-,-
2022-09-18T13:15:00,5.585,-,-
2022-09-18T13:00:00,5.583,-,-
2022-09-18T12:45:00,5.582,-,-
2022-09-18T12:30:00,5.585,-,-
2022-09-18T12:15:00,5.586,-,-
2022-09-18T12:00:00,5.583,-,-
2022-09-18T11:45:00,5.569,-,-
2022-09-18T11:30:00,5.571,-,-
2022-09-18T11:15:00,5.560,-,-
2022-09-18T11:00:00,5.553,-,-
2022-09-18T10:45:00,5.541,-,-
2022-09-18T10:30:00,5.540,-,-
2022-09-18T10:15:00,5.544,-,-
2022-09-18T10:00:00,5.551,-,-
2022-09-18T09:45:00,5.558,-,-
2022-09-18T09:30:00,5.570,-,-
2022-09-18T09:15:00,5.576,-,-
2022-09-18T09:00:00,5.590,-,-
2022-09-18T08:45:00,5.597,-,-
2022-09-18T08:30:00,5.609,-,-
2022-09-18T08:15:00,5.619,-,-
2022-09-18T08:00:00,5.628,-,-
2022-09-18T07:45:00,5.643,-,-
2022-09-18T07:30:00,5.646,-,-
2022-09-18T07:15:00,5.661,-,-
2022-09-18T07:00:00,5.674,-,-
2022-09-18T06:45:00,5.684,-,-
2022-09-18T06:30:00,5.701,-,-
2022-09-18T06:15:00,5.709,-,-
2022-09-18T06:00:00,5.727,-,-
2022-09-18T05:45:00,5.744,-,-
2022-09-18T05:30:00,5.762,-,-
2022-09-18T05:15:00,5.775,-,-
2022-09-18T05:00:00,5.793,-,-
2022-09-18T04:45:00,5.791,-,-
2022-09-18T04:30:00,5.797,-,-
2022-09-18T04:15:00,5.789,-,-
2022-09-18T04:00:00,5.775,-,-
2022-09-18T03:45:00,5.749,-,-
2022-09-18T03:30:00,5.708,-,-
2022-09-18T03:15:00,5.660,-,-
2022-09-18T03:00:00,5.587,-,-
2022-09-18T02:45:00,5.513,-,-
2022-09-18T02:30:00,5.428,-,-
2022-09-18T02:15:00,5.359,-,-
2022-09-18T02:00:00,5.315,-,-
2022-09-18T01:45:00,5.298,-,-
2022-09-18T01:30:00,5.295,-,-
2022-09-18T01:15:00,5.298,-,-
2022-09-18T01:00:00,5.303,-,-
2022-09-18T00:45:00,5.307,-,-
2022-09-18T00:30:00,5.309,-,-
2022-09-18T00:15:00,5.313,-,-
2022-09-18T00:00:00,5.318,-,-
2022-09-17T23:45:00,5.325,-,-
2022-09-17T23:30:00,5.332,-,-
2022-09-17T23:15:00,5.340,-,-
2022-09-17T23:00:00,5.347,-,-
2022-09-17T22:45:00,5.361,-,-
2022-09-17T22:30:00,5.373,-,-
2022-09-17T22:15:00,5.379,-,-
2022-09-17T22:00:00,5.391,-,-
2022-09-17T21:45:00,5.401,-,-
2022-09-17T21:30:00,5.412,-,-
2022-09-17T21:15:00,5.419,-,-
2022-09-17T21:00:00,5.431,-,-
2022-09-17T20:45:00,5.444,-,-
2022-09-17T20:30:00,5.457,-,-
2022-09-17T20:15:00,5.467,-,-
2022-09-17T20:00:00,5.479,-,-
2022-09-17T19:45:00,5.492,-,-
2022-09-17T19:30:00,5.506,-,-
2022-09-17T19:15:00,5.521,-,-
2022-09-17T19:00:00,5.537,-,-
2022-09-17T18:45:00,5.547,-,-
2022-09-17T18:30:00,5.557,-,-
2022-09-17T18:15:00,5.572,-,-
2022-09-17T18:00:00,5.587,-,-
2022-09-17T17:45:00,5.602,-,-
2022-09-17T17:30:00,5.624,-,-
2022-09-17T17:15:00,5.639,-,-
2022-09-17T17:00:00,5.654,-,-
2022-09-17T16:45:00,5.665,-,-
2022-09-17T16:30:00,5.680,-,-
2022-09-17T16:15:00,5.699,-,-
2022-09-17T16:00:00,5.714,-,-
2022-09-17T15:45:00,5.729,-,-
2022-09-17T15:30:00,5.743,-,-
2022-09-17T15:15:00,5.758,-,-
2022-09-17T15:00:00,5.774,-,-
2022-09-17T14:45:00,5.793,-,-
2022-09-17T14:30:00,5.807,-,-
2022-09-17T14:15:00,5.828,-,-
2022-09-17T14:00:00,5.846,-,-
2022-09-17T13:45:00,5.869,-,-
2022-09-17T13:30:00,5.886,-,-
2022-09-17T13:15:00,5.906,-,-
2022-09-17T13:00:00,5.919,-,-
2022-09-17T12:45:00,5.941,-,-
2022-09-17T12:30:00,5.964,-,-
2022-09-17T12:15:00,5.979,-,-
2022-09-17T12:00:00,6.003,-,-
2022-09-17T11:45:00,6.022,-,-
2022-09-17T11:30:00,6.038,-,-
2022-09-17T11:15:00,6.059,-,-
2022-09-17T11:00:00,6.071,-,-
2022-09-17T10:45:00,6.085,-,-
2022-09-17T10:30:00,6.097,-,-
2022-09-17T10:15:00,6.109,-,-
2022-09-17T10:00:00,6.121,-,-
2022-09-17T09:45:00,6.125,-,-
2022-09-17T09:30:00,6.135,-,-
2022-09-17T09:15:00,6.146,-,-
2022-09-17T09:00:00,6.153,-,-
2022-09-17T08:45:00,6.159,-,-
2022-09-17T08:30:00,6.160,-,-
2022-09-17T08:15:00,6.161,-,-
2022-09-17T08:00:00,6.155,-,-
2022-09-17T07:45:00,6.160,-,-
2022-09-17T07:30:00,6.147,-,-
2022-09-17T07:15:00,6.134,-,-
2022-09-17T07:00:00,6.109,-,-
2022-09-17T06:45:00,6.065,-,-
2022-09-17T06:30:00,6.021,-,-
2022-09-17T06:15:00,5.953,-,-
2022-09-17T06:00:00,5.876,-,-
2022-09-17T05:45:00,5.785,-,-
2022-09-17T05:30:00,5.663,-,-
2022-09-17T05:15:00,5.538,-,-
2022-09-17T05:00:00,5.405,-,-
2022-09-17T04:45:00,5.286,-,-
2022-09-17T04:30:00,5.198,-,-
2022-09-17T04:15:00,5.146,-,-
2022-09-17T04:00:00,5.101,-,-
2022-09-17T03:45:00,5.057,-,-
2022-09-17T03:30:00,5.017,-,-
2022-09-17T03:15:00,4.974,-,-
2022-09-17T03:00:00,4.929,-,-
2022-09-17T02:45:00,4.902,-,-
2022-09-17T02:30:00,4.875,-,-
2022-09-17T02:15:00,4.853,-,-
2022-09-17T02:00:00,4.837,-,-
2022-09-17T01:45:00,4.818,-,-
2022-09-17T01:30:00,4.798,-,-
2022-09-17T01:15:00,4.776,-,-
2022-09-17T01:00:00,4.749,-,-
2022-09-17T00:45:00,4.722,-,-
2022-09-17T00:30:00,4.695,-,-
2022-09-17T00:15:00,4.662,-,-
2022-09-17T00:00:00,4.626,-,-
2022-09-30T23:45:00,7.548,-,-
2022-09-30T23:30:00,7.553,-,-
2022-09-30T23:15:00,7.557,-,-
2022-09-30T23:00:00,7.570,-,-
2022-09-30T22:45:00,7.583,-,-
2022-09-30T22:30:00,7.594,-,-
2022-09-30T22:15:00,7.599,-,-
2022-09-30T22:00:00,7.609,-,-
2022-09-30T21:45:00,7.613,-,-
2022-09-30T21:30:00,7.621,-,-
2022-09-30T21:15:00,7.626,-,-
2022-09-30T21:00:00,7.626,-,-
2022-09-30T20:45:00,7.626,-,-
2022-09-30T20:30:00,7.626,-,-
2022-09-30T20:15:00,7.626,-,-
2022-09-30T20:00:00,7.626,-,-
2022-09-30T19:45:00,7.625,-,-
2022-09-30T19:30:00,7.621,-,-
2022-09-30T19:15:00,7.612,-,-
2022-09-30T19:00:00,7.604,-,-
2022-09-30T18:45:00,7.598,-,-
2022-09-30T18:30:00,7.590,-,-
2022-09-30T18:15:00,7.581,-,-
2022-09-30T18:00:00,7.568,-,-
2022-09-30T17:45:00,7.569,-,-
2022-09-30T17:30:00,7.567,-,-
2022-09-30T17:15:00,7.560,-,-
2022-09-30T17:00:00,7.557,-,-
2022-09-30T16:45:00,7.546,-,-
2022-09-30T16:30:00,7.537,-,-
2022-09-30T16:15:00,7.527,-,-
2022-09-30T16:00:00,7.509,-,-
2022-09-30T15:45:00,7.493,-,-
2022-09-30T15:30:00,7.473,-,-
2022-09-30T15:15:00,7.443,-,-
2022-09-30T15:00:00,7.417,-,-
2022-09-30T14:45:00,7.391,-,-
2022-09-30T14:30:00,7.359,-,-
2022-09-30T14:15:00,7.319,-,-
2022-09-30T14:00:00,7.285,-,-
2022-09-30T13:45:00,7.246,-,-
2022-09-30T13:30:00,7.203,-,-
2022-09-30T13:15:00,7.147,-,-
2022-09-30T13:00:00,7.100,-,-
2022-09-30T12:45:00,7.047,-,-
2022-09-30T12:30:00,7.000,-,-
2022-09-30T12:15:00,6.945,-,-
2022-09-30T12:00:00,6.917,-,-
2022-09-30T11:45:00,6.897,-,-
2022-09-30T11:30:00,6.880,-,-
2022-09-30T11:15:00,6.881,-,-
2022-09-30T11:00:00,6.884,-,-
2022-09-30T10:45:00,6.891,-,-
2022-09-30T10:30:00,6.895,-,-
2022-09-30T10:15:00,6.917,-,-
2022-09-30T10:00:00,6.932,-,-
2022-09-30T09:45:00,6.947,-,-
2022-09-30T09:30:00,6.956,-,-
2022-09-30T09:15:00,6.981,-,-
2022-09-30T09:00:00,6.996,-,-
2022-09-30T08:45:00,7.011,-,-
2022-09-30T08:30:00,7.028,-,-
2022-09-30T08:15:00,7.044,-,-
2022-09-30T08:00:00,7.054,-,-
2022-09-30T07:45:00,7.077,-,-
2022-09-30T07:30:00,7.095,-,-
2022-09-30T07:15:00,7.115,-,-
2022-09-30T07:00:00,7.132,-,-
2022-09-30T06:45:00,7.146,-,-
2022-09-30T06:30:00,7.168,-,-
2022-09-30T06:15:00,7.195,-,-
2022-09-30T06:00:00,7.213,-,-
2022-09-30T05:45:00,7.232,-,-
2022-09-30T05:30:00,7.253,-,-
2022-09-30T05:15:00,7.280,-,-
2022-09-30T05:00:00,7.299,-,-
2022-09-30T04:45:00,7.330,-,-
2022-09-30T04:30:00,7.350,-,-
2022-09-30T04:15:00,7.379,-,-
2022-09-30T04:00:00,7.407,-,-
2022-09-30T03:45:00,7.431,-,-
2022-09-30T03:30:00,7.461,-,-
2022-09-30T03:15:00,7.486,-,-
2022-09-30T03:00:00,7.520,-,-
2022-09-30T02:45:00,7.551,-,-
2022-09-30T02:30:00,7.584,-,-
2022-09-30T02:15:00,7.619,-,-
2022-09-30T02:00:00,7.650,-,-
2022-09-30T01:45:00,7.684,-,-
2022-09-30T01:30:00,7.720,-,-
2022-09-30T01:15:00,7.758,-,-
2022-09-30T01:00:00,7.791,-,-
2022-09-30T00:45:00,7.829,-,-
2022-09-30T00:30:00,7.872,-,-
2022-09-30T00:15:00,7.903,-,-
2022-09-30T00:00:00,7.944,-,-
2022-09-29T23:45:00,7.983,-,-
2022-09-29T23:30:00,8.013,-,-
2022-09-29T23:15:00,8.055,-,-
2022-09-29T23:00:00,8.094,-,-
2022-09-29T22:45:00,8.138,-,-
2022-09-29T22:30:00,8.177,-,-
2022-09-29T22:15:00,8.213,-,-
2022-09-29T22:00:00,8.252,-,-
2022-09-29T21:45:00,8.292,-,-
2022-09-29T21:30:00,8.333,-,-
2022-09-29T21:15:00,8.366,-,-
2022-09-29T21:00:00,8.406,-,-
2022-09-29T20:45:00,8.441,-,-
2022-09-29T20:30:00,8.472,-,-
2022-09-29T20:15:00,8.508,-,-
2022-09-29T20:00:00,8.545,-,-
2022-09-29T19:45:00,8.577,-,-
2022-09-29T19:30:00,8.593,-,-
2022-09-29T19:15:00,8.622,-,-
2022-09-29T19:00:00,8.649,-,-
2022-09-29T18:45:00,8.659,-,-
2022-09-29T18:30:00,8.663,-,-
2022-09-29T18:15:00,8.673,-,-
2022-09-29T18:00:00,8.660,-,-
2022-09-29T17:45:00,8.663,-,-
2022-09-29T17:30:00,8.655,-,-
2022-09-29T17:15:00,8.642,-,-
2022-09-29T17:00:00,8.623,-,-
2022-09-29T16:45:00,8.603,-,-
2022-09-29T16:30:00,8.568,-,-
2022-09-29T16:15:00,8.531,-,-
2022-09-29T16:00:00,8.495,-,-
2022-09-29T15:45:00,8.444,-,-
2022-09-29T15:30:00,8.394,-,-
2022-09-29T15:15:00,8.332,-,-
2022-09-29T15:00:00,8.257,-,-
2022-09-29T14:45:00,8.199,-,-
2022-09-29T14:30:00,8.112,-,-
2022-09-29T14:15:00,6.870,-,-
2022-09-29T14:00:00,6.035,-,-
2022-09-29T13:45:00,6.035,-,-
2022-09-29T13:30:00,6.035,-,-
2022-09-29T13:15:00,6.035,-,-
2022-09-29T13:00:00,6.035,-,-
2022-09-29T12:45:00,6.035,-,-
2022-09-29T12:30:00,6.035,-,-
2022-09-29T12:15:00,6.035,-,-
2022-09-29T12:00:00,6.035,-,-
2022-09-29T11:45:00,6.035,-,-
2022-09-29T11:30:00,6.035,-,-
2022-09-29T11:15:00,6.035,-,-
2022-09-29T11:00:00,6.035,-,-
2022-09-29T10:45:00,6.035,-,-
2022-09-29T10:30:00,6.035,-,-
2022-09-29T10:15:00,6.035,-,-
2022-09-29T10:00:00,6.035,-,-
2022-09-29T09:45:00,6.035,-,-
2022-09-29T09:30:00,6.035,-,-
2022-09-29T09:15:00,6.035,-,-
2022-09-29T09:00:00,6.035,-,-
2022-09-29T08:45:00,6.035,-,-
2022-09-29T08:30:00,6.035,-,-
2022-09-29T08:15:00,6.035,-,-
2022-09-29T08:00:00,6.002,-,-
2022-09-29T07:45:00,5.975,-,-
2022-09-29T07:30:00,5.942,-,-
2022-09-29T07:15:00,5.922,-,-
2022-09-29T07:00:00,5.911,-,-
2022-09-29T06:45:00,5.898,-,-
2022-09-29T06:30:00,5.894,-,-
2022-09-29T06:15:00,5.874,-,-
2022-09-29T06:00:00,5.861,-,-
2022-09-29T05:45:00,5.846,-,-
2022-09-29T05:30:00,5.839,-,-
2022-09-29T05:15:00,5.833,-,-
2022-09-29T05:00:00,5.819,-,-
2022-09-29T04:45:00,5.818,-,-
2022-09-29T04:30:00,5.814,-,-
2022-09-29T04:15:00,5.803,-,-
2022-09-29T04:00:00,5.804,-,-
2022-09-29T03:45:00,5.791,-,-
2022-09-29T03:30:00,5.793,-,-
2022-09-29T03:15:00,5.786,-,-
2022-09-29T03:00:00,5.786,-,-
2022-09-29T02:45:00,5.777,-,-
2022-09-29T02:30:00,5.780,-,-
2022-09-29T02:15:00,5.773,-,-
2022-09-29T02:00:00,5.770,-,-
2022-09-29T01:45:00,5.768,-,-
2022-09-29T01:30:00,5.764,-,-
2022-09-29T01:15:00,5.765,-,-
2022-09-29T01:00:00,5.764,-,-
2022-09-29T00:45:00,5.763,-,-
2022-09-29T00:30:00,5.761,-,-
2022-09-29T00:15:00,5.764,-,-
2022-09-29T00:00:00,5.762,-,-
2022-09-28T23:45:00,5.760,-,-
2022-09-28T23:30:00,5.755,-,-
2022-09-28T23:15:00,5.757,-,-
2022-09-28T23:00:00,5.760,-,-
2022-09-28T22:45:00,5.758,-,-
2022-09-28T22:30:00,5.754,-,-
2022-09-28T22:15:00,5.754,-,-
2022-09-28T22:00:00,5.752,-,-
2022-09-28T21:45:00,5.762,-,-
2022-09-28T21:30:00,5.759,-,-
2022-09-28T21:15:00,5.760,-,-
2022-09-28T21:00:00,5.763,-,-
2022-09-28T20:45:00,5.760,-,-
2022-09-28T20:30:00,5.765,-,-
2022-09-28T20:15:00,5.761,-,-
2022-09-28T20:00:00,5.765,-,-
2022-09-28T19:45:00,5.769,-,-
2022-09-28T19:30:00,5.768,-,-
2022-09-28T19:15:00,5.765,-,-
2022-09-28T19:00:00,5.769,-,-
2022-09-28T18:45:00,5.777,-,-
2022-09-28T18:30:00,5.780,-,-
2022-09-28T18:15:00,5.778,-,-
2022-09-28T18:00:00,5.783,-,-
2022-09-28T17:45:00,5.784,-,-
2022-09-28T17:30:00,5.789,-,-
2022-09-28T17:15:00,5.792,-,-
2022-09-28T17:00:00,5.795,-,-
2022-09-28T16:45:00,5.803,-,-
2022-09-28T16:30:00,5.807,-,-
2022-09-28T16:15:00,5.806,-,-
2022-09-28T16:00:00,5.819,-,-
2022-09-28T15:45:00,5.822,-,-
2022-09-28T15:30:00,5.824,-,-
2022-09-28T15:15:00,5.835,-,-
2022-09-28T15:00:00,5.833,-,-
2022-09-28T14:45:00,5.843,-,-
2022-09-28T14:30:00,5.847,-,-
2022-09-28T14:15:00,5.853,-,-
2022-09-28T14:00:00,5.862,-,-
2022-09-28T13:45:00,5.870,-,-
2022-09-28T13:30:00,5.871,-,-
2022-09-28T13:15:00,5.882,-,-
2022-09-28T13:00:00,5.891,-,-
2022-09-28T12:45:00,5.901,-,-
2022-09-28T12:30:00,5.913,-,-
2022-09-28T12:15:00,5.919,-,-
2022-09-28T12:00:00,5.931,-,-
2022-09-28T11:45:00,5.950,-,-
2022-09-28T11:30:00,5.965,-,-
2022-09-28T11:15:00,5.979,-,-
2022-09-28T11:00:00,6.000,-,-
2022-09-28T10:45:00,6.020,-,-
2022-09-28T10:30:00,6.030,-,-
2022-09-28T10:15:00,6.045,-,-
2022-09-28T10:00:00,6.053,-,-
2022-09-28T09:45:00,6.063,-,-
2022-09-28T09:30:00,6.064,-,-
2022-09-28T09:15:00,6.064,-,-
2022-09-28T09:00:00,6.074,-,-
2022-09-28T08:45:00,6.075,-,-
2022-09-28T08:30:00,6.074,-,-
2022-09-28T08:15:00,6.084,-,-
2022-09-28T08:00:00,6.082,-,-
2022-09-28T07:45:00,6.086,-,-
2022-09-28T07:30:00,6.090,-,-
2022-09-28T07:15:00,6.087,-,-
2022-09-28T07:00:00,6.090,-,-
2022-09-28T06:45:00,6.098,-,-
2022-09-28T06:30:00,6.099,-,-
2022-09-28T06:15:00,6.107,-,-
2022-09-28T06:00:00,6.106,-,-
2022-09-28T05:45:00,6.111,-,-
2022-09-28T05:30:00,6.113,-,-
2022-09-28T05:15:00,6.118,-,-
2022-09-28T05:00:00,6.123,-,-
2022-09-28T04:45:00,6.120,-,-
2022-09-28T04:30:00,6.124,-,-
2022-09-28T04:15:00,6.118,-,-
2022-09-28T04:00:00,6.121,-,-
2022-09-28T03:45:00,6.125,-,-
2022-09-28T03:30:00,6.137,-,-
2022-09-28T03:15:00,6.130,-,-
2022-09-28T03:00:00,6.136,-,-
2022-09-28T02:45:00,6.132,-,-
2022-09-28T02:30:00,6.133,-,-
2022-09-28T02:15:00,6.139,-,-
2022-09-28T02:00:00,6.138,-,-
2022-09-28T01:45:00,6.132,-,-
2022-09-28T01:30:00,6.131,-,-
2022-09-28T01:15:00,6.135,-,-
2022-09-28T01:00:00,6.133,-,-
2022-09-28T00:45:00,6.136,-,-
2022-09-28T00:30:00,6.133,-,-
2022-09-28T00:15:00,6.130,-,-
2022-09-28T00:00:00,6.128,-,-
2022-09-27T23:45:00,6.121,-,-
2022-09-27T23:30:00,6.119,-,-
2022-09-27T23:15:00,6.119,-,-
2022-09-27T23:00:00,6.116,-,-
2022-09-27T22:45:00,6.118,-,-
2022-09-27T22:30:00,6.123,-,-
2022-09-27T22:15:00,6.129,-,-
2022-09-27T22:00:00,6.133,-,-
2022-09-27T21:45:00,6.144,-,-
2022-09-27T21:30:00,6.150,-,-
2022-09-27T21:15:00,6.153,-,-
2022-09-27T21:00:00,6.164,-,-
2022-09-27T20:45:00,6.170,-,-
2022-09-27T20:30:00,6.180,-,-
2022-09-27T20:15:00,6.188,-,-
2022-09-27T20:00:00,6.199,-,-
2022-09-27T19:45:00,6.211,-,-
2022-09-27T19:30:00,6.223,-,-
2022-09-27T19:15:00,6.242,-,-
2022-09-27T19:00:00,6.255,-,-
2022-09-27T18:45:00,6.255,-,-
2022-09-27T18:30:00,6.268,-,-
2022-09-27T18:15:00,6.271,-,-
2022-09-27T18:00:00,6.282,-,-
2022-09-27T17:45:00,6.286,-,-
2022-09-27T17:30:00,6.290,-,-
2022-09-27T17:15:00,6.293,-,-
2022-09-27T17:00:00,6.302,-,-
2022-09-27T16:45:00,6.304,-,-
2022-09-27T16:30:00,6.319,-,-
2022-09-27T16:15:00,6.322,-,-
2022-09-27T16:00:00,6.324,-,-
2022-09-27T15:45:00,6.330,-,-
2022-09-27T15:30:00,6.338,-,-
2022-09-27T15:15:00,6.347,-,-
2022-09-27T15:00:00,6.356,-,-
2022-09-27T14:45:00,6.370,-,-
2022-09-27T14:30:00,6.369,-,-
2022-09-27T14:15:00,6.383,-,-
2022-09-27T14:00:00,6.390,-,-
2022-09-27T13:45:00,6.403,-,-
2022-09-27T13:30:00,6.404,-,-
2022-09-27T13:15:00,6.423,-,-
2022-09-27T13:00:00,6.438,-,-
2022-09-27T12:45:00,6.451,-,-
2022-09-27T12:30:00,6.462,-,-
2022-09-27T12:15:00,6.472,-,-
2022-09-27T12:00:00,6.485,-,-
2022-09-27T11:45:00,6.496,-,-
2022-09-27T11:30:00,6.509,-,-
2022-09-27T11:15:00,6.513,-,-
2022-09-27T11:00:00,6.529,-,-
2022-09-27T10:45:00,6.535,-,-
2022-09-27T10:30:00,6.540,-,-
2022-09-27T10:15:00,6.551,-,-
2022-09-27T10:00:00,6.561,-,-
2022-09-27T09:45:00,6.574,-,-
2022-09-27T09:30:00,6.581,-,-
2022-09-27T09:15:00,6.595,-,-
2022-09-27T09:00:00,6.612,-,-
2022-09-27T08:45:00,6.618,-,-
2022-09-27T08:30:00,6.635,-,-
2022-09-27T08:15:00,6.648,-,-
2022-09-27T08:00:00,6.655,-,-
2022-09-27T07:45:00,6.657,-,-
2022-09-27T07:30:00,6.666,-,-
2022-09-27T07:15:00,6.676,-,-
2022-09-27T07:00:00,6.678,-,-
2022-09-27T06:45:00,6.681,-,-
2022-09-27T06:30:00,6.694,-,-
2022-09-27T06:15:00,6.693,-,-
2022-09-27T06:00:00,6.701,-,-
2022-09-27T05:45:00,6.708,-,-
2022-09-27T05:30:00,6.717,-,-
2022-09-27T05:15:00,6.722,-,-
2022-09-27T05:00:00,6.726,-,-
2022-09-27T04:45:00,6.735,-,-
2022-09-27T04:30:00,6.741,-,-
2022-09-27T04:15:00,6.749,-,-
2022-09-27T04:00:00,6.754,-,-
2022-09-27T03:45:00,6.762,-,-
2022-09-27T03:30:00,6.772,-,-
2022-09-27T03:15:00,6.775,-,-
2022-09-27T03:00:00,6.783,-,-
2022-09-27T02:45:00,6.781,-,-
2022-09-27T02:30:00,6.788,-,-
2022-09-27T02:15:00,6.798,-,-
2022-09-27T02:00:00,6.804,-,-
2022-09-27T01:45:00,6.813,-,-
2022-09-27T01:30:00,6.823,-,-
2022-09-27T01:15:00,6.837,-,-
2022-09-27T01:00:00,6.838,-,-
2022-09-27T00:45:00,6.844,-,-
2022-09-27T00:30:00,6.856,-,-
2022-09-27T00:15:00,6.867,-,-
2022-09-27T00:00:00,6.873,-,-
2022-09-26T23:45:00,6.882,-,-
2022-09-26T23:30:00,6.889,-,-
2022-09-26T23:15:00,6.899,-,-
2022-09-26T23:00:00,6.901,-,-
2022-09-26T22:45:00,6.908,-,-
2022-09-26T22:30:00,6.915,-,-
2022-09-26T22:15:00,6.921,-,-
2022-09-26T22:00:00,6.933,-,-
2022-09-26T21:45:00,6.937,-,-
2022-09-26T21:30:00,6.944,-,-
2022-09-26T21:15:00,6.955,-,-
2022-09-26T21:00:00,6.959,-,-
2022-09-26T20:45:00,6.960,-,-
2022-09-26T20:30:00,6.969,-,-
2022-09-26T20:15:00,6.974,-,-
2022-09-26T20:00:00,6.973,-,-
2022-09-26T19:45:00,6.971,-,-
2022-09-26T19:30:00,6.969,-,-
2022-09-26T19:15:00,6.969,-,-
2022-09-26T19:00:00,6.961,-,-
2022-09-26T18:45:00,6.962,-,-
2022-09-26T18:30:00,6.953,-,-
2022-09-26T18:15:00,6.940,-,-
2022-09-26T18:00:00,6.929,-,-
2022-09-26T17:45:00,6.914,-,-
2022-09-26T17:30:00,6.901,-,-
2022-09-26T17:15:00,6.886,-,-
2022-09-26T17:00:00,6.867,-,-
2022-09-26T16:45:00,6.858,-,-
2022-09-26T16:30:00,6.823,-,-
2022-09-26T16:15:00,6.803,-,-
2022-09-26T16:00:00,6.781,-,-
2022-09-26T15:45:00,6.756,-,-
2022-09-26T15:30:00,6.736,-,-
2022-09-26T15:15:00,6.701,-,-
2022-09-26T15:00:00,6.683,-,-
2022-09-26T14:45:00,6.666,-,-
2022-09-26T14:30:00,6.645,-,-
2022-09-26T14:15:00,6.623,-,-
2022-09-26T14:00:00,6.603,-,-
2022-09-26T13:45:00,6.590,-,-
2022-09-26T13:30:00,6.568,-,-
2022-09-26T13:15:00,6.554,-,-
2022-09-26T13:00:00,6.553,-,-
2022-09-26T12:45:00,6.545,-,-
2022-09-26T12:30:00,6.536,-,-
2022-09-26T12:15:00,6.534,-,-
2022-09-26T12:00:00,6.535,-,-
2022-09-26T11:45:00,6.538,-,-
2022-09-26T11:30:00,6.533,-,-
2022-09-26T11:15:00,6.535,-,-
2022-09-26T11:00:00,6.534,-,-
2022-09-26T10:45:00,6.530,-,-
2022-09-26T10:30:00,6.525,-,-
2022-09-26T10:15:00,6.518,-,-
2022-09-26T10:00:00,6.509,-,-
2022-09-26T09:45:00,6.510,-,-
2022-09-26T09:30:00,6.510,-,-
2022-09-26T09:15:00,6.503,-,-
2022-09-26T09:00:00,6.518,-,-
2022-09-26T08:45:00,6.513,-,-
2022-09-26T08:30:00,6.518,-,-
2022-09-26T08:15:00,6.527,-,-
2022-09-26T08:00:00,6.530,-,-
2022-09-26T07:45:00,6.537,-,-
2022-09-26T07:30:00,6.544,-,-
2022-09-26T07:15:00,6.552,-,-
2022-09-26T07:00:00,6.557,-,-
2022-09-26T06:45:00,6.565,-,-
2022-09-26T06:30:00,6.574,-,-
2022-09-26T06:15:00,6.583,-,-
2022-09-26T06:00:00,6.585,-,-
2022-09-26T05:45:00,6.596,-,-
2022-09-26T05:30:00,6.603,-,-
2022-09-26T05:15:00,6.611,-,-
2022-09-26T05:00:00,6.621,-,-
2022-09-26T04:45:00,6.625,-,-
2022-09-26T04:30:00,6.633,-,-
2022-09-26T04:15:00,6.635,-,-
2022-09-26T04:00:00,6.650,-,-
2022-09-26T03:45:00,6.655,-,-
2022-09-26T03:30:00,6.659,-,-
2022-09-26T03:15:00,6.664,-,-
2022-09-26T03:00:00,6.677,-,-
2022-09-26T02:45:00,6.683,-,-
2022-09-26T02:30:00,6.694,-,-
2022-09-26T02:15:00,6.705,-,-
2022-09-26T02:00:00,6.710,-,-
2022-09-26T01:45:00,6.723,-,-
2022-09-26T01:30:00,6.722,-,-
2022-09-26T01:15:00,6.734,-,-
2022-09-26T01:00:00,6.748,-,-
2022-09-26T00:45:00,6.752,-,-
2022-09-26T00:30:00,6.761,-,-
2022-09-26T00:15:00,6.768,-,-
2022-09-26T00:00:00,6.776,-,-
2022-09-25T23:45:00,6.783,-,-
2022-09-25T23:30:00,6.793,-,-
2022-09-25T23:15:00,6.798,-,-
2022-09-25T23:00:00,6.811,-,-
2022-09-25T22:45:00,6.817,-,-
2022-09-25T22:30:00,6.822,-,-
2022-09-25T22:15:00,6.833,-,-
2022-09-25T22:00:00,6.840,-,-
2022-09-25T21:45:00,6.845,-,-
2022-09-25T21:30:00,6.854,-,-
2022-09-25T21:15:00,6.863,-,-
2022-09-25T21:00:00,6.867,-,-
2022-09-25T20:45:00,6.868,-,-
2022-09-25T20:30:00,6.873,-,-
2022-09-25T20:15:00,6.880,-,-
2022-09-25T20:00:00,6.889,-,-
2022-09-25T19:45:00,6.886,-,-
2022-09-25T19:30:00,6.888,-,-
2022-09-25T19:15:00,6.894,-,-
2022-09-25T19:00:00,6.891,-,-
2022-09-25T18:45:00,6.893,-,-
2022-09-25T18:30:00,6.891,-,-
2022-09-25T18:15:00,6.888,-,-
2022-09-25T18:00:00,6.888,-,-
2022-09-25T17:45:00,6.880,-,-
2022-09-25T17:30:00,6.886,-,-
2022-09-25T17:15:00,6.865,-,-
2022-09-25T17:00:00,6.865,-,-
2022-09-25T16:45:00,6.847,-,-
2022-09-25T16:30:00,6.834,-,-
2022-09-25T16:15:00,6.813,-,-
2022-09-25T16:00:00,6.781,-,-
2022-09-25T15:45:00,6.759,-,-
2022-09-25T15:30:00,6.720,-,-
2022-09-25T15:15:00,6.678,-,-
2022-09-25T15:00:00,6.643,-,-
2022-09-25T14:45:00,6.601,-,-
2022-09-25T14:30:00,6.562,-,-
2022-09-25T14:15:00,6.519,-,-
2022-09-25T14:00:00,6.485,-,-
2022-09-25T13:45:00,6.467,-,-
2022-09-25T13:30:00,6.437,-,-
2022-09-25T13:15:00,6.432,-,-
2022-09-25T13:00:00,6.421,-,-
2022-09-25T12:45:00,6.411,-,-
2022-09-25T12:30:00,6.403,-,-
2022-09-25T12:15:00,6.387,-,-
2022-09-25T12:00:00,6.372,-,-
2022-09-25T11:45:00,6.359,-,-
2022-09-25T11:30:00,6.342,-,-
2022-09-25T11:15:00,6.332,-,-
2022-09-25T11:00:00,6.314,-,-
2022-09-25T10:45:00,6.296,-,-
2022-09-25T10:30:00,6.275,-,-
2022-09-25T10:15:00,6.250,-,-
2022-09-25T10:00:00,6.237,-,-
2022-09-25T09:45:00,6.230,-,-
2022-09-25T09:30:00,6.229,-,-
2022-09-25T09:15:00,6.234,-,-
2022-09-25T09:00:00,6.243,-,-
2022-09-25T08:45:00,6.263,-,-
2022-09-25T08:30:00,6.276,-,-
2022-09-25T08:15:00,6.286,-,-
2022-09-25T08:00:00,6.293,-,-
2022-09-25T07:45:00,6.308,-,-
2022-09-25T07:30:00,6.329,-,-
2022-09-25T07:15:00,6.343,-,-
2022-09-25T07:00:00,6.355,-,-
2022-09-25T06:45:00,6.359,-,-
2022-09-25T06:30:00,6.374,-,-
2022-09-25T06:15:00,6.389,-,-
2022-09-25T06:00:00,6.400,-,-
2022-09-25T05:45:00,6.421,-,-
2022-09-25T05:30:00,6.431,-,-
2022-09-25T05:15:00,6.453,-,-
2022-09-25T05:00:00,6.477,-,-
2022-09-25T04:45:00,6.492,-,-
2022-09-25T04:30:00,6.525,-,-
2022-09-25T04:15:00,6.549,-,-
2022-09-25T04:00:00,6.566,-,-
2022-09-25T03:45:00,6.595,-,-
2022-09-25T03:30:00,6.623,-,-
2022-09-25T03:15:00,6.650,-,-
2022-09-25T03:00:00,6.664,-,-
2022-09-25T02:45:00,6.679,-,-
2022-09-25T02:30:00,6.691,-,-
2022-09-25T02:15:00,6.685,-,-
2022-09-25T02:00:00,6.674,-,-
2022-09-25T01:45:00,6.643,-,-
2022-09-25T01:30:00,6.606,-,-
2022-09-25T01:15:00,6.560,-,-
2022-09-25T01:00:00,6.477,-,-
2022-09-25T00:45:00,6.383,-,-
2022-09-25T00:30:00,6.264,-,-
2022-09-25T00:15:00,6.135,-,-
2022-09-25T00:00:00,6.011,-,-
2022-09-24T23:45:00,5.915,-,-
2022-09-24T23:30:00,5.856,-,-
2022-09-24T23:15:00,5.807,-,-
2022-09-24T23:00:00,5.785,-,-
2022-09-24T22:45:00,5.769,-,-
2022-09-24T22:30:00,5.760,-,-
2022-09-24T22:15:00,5.758,-,-
2022-09-24T22:00:00,5.751,-,-
2022-09-24T21:45:00,5.742,-,-
2022-09-24T21:30:00,5.742,-,-
2022-09-24T21:15:00,5.740,-,-
2022-09-24T21:00:00,5.736,-,-
2022-09-24T20:45:00,5.747,-,-
2022-09-24T20:30:00,5.748,-,-
2022-09-24T20:15:00,5.751,-,-
2022-09-24T20:00:00,5.754,-,-
2022-09-24T19:45:00,5.763,-,-
2022-09-24T19:30:00,5.771,-,-
2022-09-24T19:15:00,5.779,-,-
2022-09-24T19:00:00,5.777,-,-
2022-09-24T18:45:00,5.784,-,-
2022-09-24T18:30:00,5.786,-,-
2022-09-24T18:15:00,5.791,-,-
2022-09-24T18:00:00,5.794,-,-
2022-09-24T17:45:00,5.795,-,-
2022-09-24T17:30:00,5.802,-,-
2022-09-24T17:15:00,5.809,-,-
2022-09-24T17:00:00,5.811,-,-
2022-09-24T16:45:00,5.818,-,-
2022-09-24T16:30:00,5.826,-,-
2022-09-24T16:15:00,5.828,-,-
2022-09-24T16:00:00,5.831,-,-
2022-09-24T15:45:00,5.836,-,-
2022-09-24T15:30:00,5.838,-,-
2022-09-24T15:15:00,5.840,-,-
2022-09-24T15:00:00,5.842,-,-
2022-09-24T14:45:00,5.849,-,-
2022-09-24T14:30:00,5.853,-,-
2022-09-24T14:15:00,5.856,-,-
2022-09-24T14:00:00,5.862,-,-
2022-09-24T13:45:00,5.867,-,-
2022-09-24T13:30:00,5.872,-,-
2022-09-24T13:15:00,5.880,-,-
2022-09-24T13:00:00,5.885,-,-
2022-09-24T12:45:00,5.892,-,-
2022-09-24T12:30:00,5.903,-,-
2022-09-24T12:15:00,5.913,-,-
2022-09-24T12:00:00,5.915,-,-
2022-09-24T11:45:00,5.923,-,-
2022-09-24T11:30:00,5.925,-,-
2022-09-24T11:15:00,5.937,-,-
2022-09-24T11:00:00,5.940,-,-
2022-09-24T10:45:00,5.945,-,-
2022-09-24T10:30:00,5.943,-,-
2022-09-24T10:15:00,5.950,-,-
2022-09-24T10:00:00,5.949,-,-
2022-09-24T09:45:00,5.939,-,-
2022-09-24T09:30:00,5.927,-,-
2022-09-24T09:15:00,5.928,-,-
2022-09-24T09:00:00,5.909,-,-
2022-09-24T08:45:00,5.897,-,-
2022-09-24T08:30:00,5.884,-,-
2022-09-24T08:15:00,5.871,-,-
2022-09-24T08:00:00,5.856,-,-
2022-09-24T07:45:00,5.850,-,-
2022-09-24T07:30:00,5.833,-,-
2022-09-24T07:15:00,5.823,-,-
2022-09-24T07:00:00,5.807,-,-
2022-09-24T06:45:00,5.788,-,-
2022-09-24T06:30:00,5.773,-,-
2022-09-24T06:15:00,5.763,-,-
2022-09-24T06:00:00,5.737,-,-
2022-09-24T05:45:00,5.714,-,-
2022-09-24T05:30:00,5.710,-,-
2022-09-24T05:15:00,5.701,-,-
2022-09-24T05:00:00,5.689,-,-
2022-09-24T04:45:00,5.683,-,-
2022-09-24T04:30:00,5.678,-,-
2022-09-24T04:15:00,5.672,-,-
2022-09-24T04:00:00,5.663,-,-
2022-09-24T03:45:00,5.655,-,-
2022-09-24T03:30:00,5.658,-,-
2022-09-24T03:15:00,5.658,-,-
2022-09-24T03:00:00,5.669,-,-
2022-09-24T02:45:00,5.674,-,-
2022-09-24T02:30:00,5.674,-,-
2022-09-24T02:15:00,5.682,-,-
2022-09-24T02:00:00,5.691,-,-
2022-09-24T01:45:00,5.689,-,-
2022-09-24T01:30:00,5.696,-,-
2022-09-24T01:15:00,5.705,-,-
2022-09-24T01:00:00,5.706,-,-
2022-09-24T00:45:00,5.711,-,-
2022-09-24T00:30:00,5.712,-,-
2022-09-24T00:15:00,5.722,-,-
2022-09-24T00:00:00,5.728,-,-
2022-10-07T23:45:00,5.858,-,-
2022-10-07T23:30:00,5.857,-,-
2022-10-07T23:15:00,5.863,-,-
2022-10-07T23:00:00,5.860,-,-
2022-10-07T22:45:00,5.864,-,-
2022-10-07T22:30:00,5.862,-,-
2022-10-07T22:15:00,5.866,-,-
2022-10-07T22:00:00,5.870,-,-
2022-10-07T21:45:00,5.877,-,-
2022-10-07T21:30:00,5.879,-,-
2022-10-07T21:15:00,5.887,-,-
2022-10-07T21:00:00,5.888,-,-
2022-10-07T20:45:00,5.892,-,-
2022-10-07T20:30:00,5.901,-,-
2022-10-07T20:15:00,5.902,-,-
2022-10-07T20:00:00,5.905,-,-
2022-10-07T19:45:00,5.911,-,-
2022-10-07T19:30:00,5.918,-,-
2022-10-07T19:15:00,5.928,-,-
2022-10-07T19:00:00,5.947,-,-
2022-10-07T18:45:00,5.956,-,-
2022-10-07T18:30:00,5.967,-,-
2022-10-07T18:15:00,5.993,-,-
2022-10-07T18:00:00,6.013,-,-
2022-10-07T17:45:00,6.032,-,-
2022-10-07T17:30:00,6.065,-,-
2022-10-07T17:15:00,6.098,-,-
2022-10-07T17:00:00,6.133,-,-
2022-10-07T16:45:00,6.168,-,-
2022-10-07T16:30:00,6.195,-,-
2022-10-07T16:15:00,6.223,-,-
2022-10-07T16:00:00,6.230,-,-
2022-10-07T15:45:00,6.219,-,-
2022-10-07T15:30:00,6.172,-,-
2022-10-07T15:15:00,6.089,-,-
2022-10-07T15:00:00,5.968,-,-
2022-10-07T14:45:00,5.839,-,-
2022-10-07T14:30:00,5.719,-,-
2022-10-07T14:15:00,5.655,-,-
2022-10-07T14:00:00,5.641,-,-
2022-10-07T13:45:00,5.644,-,-
2022-10-07T13:30:00,5.651,-,-
2022-10-07T13:15:00,5.651,-,-
2022-10-07T13:00:00,5.654,-,-
2022-10-07T12:45:00,5.658,-,-
2022-10-07T12:30:00,5.661,-,-
2022-10-07T12:15:00,5.663,-,-
2022-10-07T12:00:00,5.667,-,-
2022-10-07T11:45:00,5.667,-,-
2022-10-07T11:30:00,5.673,-,-
2022-10-07T11:15:00,5.677,-,-
2022-10-07T11:00:00,5.683,-,-
2022-10-07T10:45:00,5.684,-,-
2022-10-07T10:30:00,5.689,-,-
2022-10-07T10:15:00,5.701,-,-
2022-10-07T10:00:00,5.705,-,-
2022-10-07T09:45:00,5.708,-,-
2022-10-07T09:30:00,5.715,-,-
2022-10-07T09:15:00,5.721,-,-
2022-10-07T09:00:00,5.730,-,-
2022-10-07T08:45:00,5.730,-,-
2022-10-07T08:30:00,5.741,-,-
2022-10-07T08:15:00,5.745,-,-
2022-10-07T08:00:00,5.758,-,-
2022-10-07T07:45:00,5.762,-,-
2022-10-07T07:30:00,5.764,-,-
2022-10-07T07:15:00,5.774,-,-
2022-10-07T07:00:00,5.777,-,-
2022-10-07T06:45:00,5.781,-,-
2022-10-07T06:30:00,5.783,-,-
2022-10-07T06:15:00,5.785,-,-
2022-10-07T06:00:00,5.789,-,-
2022-10-07T05:45:00,5.790,-,-
2022-10-07T05:30:00,5.794,-,-
2022-10-07T05:15:00,5.797,-,-
2022-10-07T05:00:00,5.799,-,-
2022-10-07T04:45:00,5.801,-,-
2022-10-07T04:30:00,5.805,-,-
2022-10-07T04:15:00,5.801,-,-
2022-10-07T04:00:00,5.810,-,-
2022-10-07T03:45:00,5.818,-,-
2022-10-07T03:30:00,5.820,-,-
2022-10-07T03:15:00,5.821,-,-
2022-10-07T03:00:00,5.819,-,-
2022-10-07T02:45:00,5.826,-,-
2022-10-07T02:30:00,5.831,-,-
2022-10-07T02:15:00,5.828,-,-
2022-10-07T02:00:00,5.831,-,-
2022-10-07T01:45:00,5.830,-,-
2022-10-07T01:30:00,5.826,-,-
2022-10-07T01:15:00,5.817,-,-
2022-10-07T01:00:00,5.806,-,-
2022-10-07T00:45:00,5.794,-,-
2022-10-07T00:30:00,5.778,-,-
2022-10-07T00:15:00,5.753,-,-
2022-10-07T00:00:00,5.732,-,-
2022-10-06T23:45:00,5.700,-,-
2022-10-06T23:30:00,5.681,-,-
2022-10-06T23:15:00,5.660,-,-
2022-10-06T23:00:00,5.646,-,-
2022-10-06T22:45:00,5.617,-,-
2022-10-06T22:30:00,5.603,-,-
2022-10-06T22:15:00,5.578,-,-
2022-10-06T22:00:00,5.554,-,-
2022-10-06T21:45:00,5.529,-,-
2022-10-06T21:30:00,5.500,-,-
2022-10-06T21:15:00,5.466,-,-
2022-10-06T21:00:00,5.427,-,-
2022-10-06T20:45:00,5.399,-,-
2022-10-06T20:30:00,5.369,-,-
2022-10-06T20:15:00,5.339,-,-
2022-10-06T20:00:00,5.325,-,-
2022-10-06T19:45:00,5.302,-,-
2022-10-06T19:30:00,5.294,-,-
2022-10-06T19:15:00,5.288,-,-
2022-10-06T19:00:00,5.283,-,-
2022-10-06T18:45:00,5.279,-,-
2022-10-06T18:30:00,5.283,-,-
2022-10-06T18:15:00,5.284,-,-
2022-10-06T18:00:00,5.285,-,-
2022-10-06T17:45:00,5.288,-,-
2022-10-06T17:30:00,5.291,-,-
2022-10-06T17:15:00,5.297,-,-
2022-10-06T17:00:00,5.300,-,-
2022-10-06T16:45:00,5.303,-,-
2022-10-06T16:30:00,5.310,-,-
2022-10-06T16:15:00,5.315,-,-
2022-10-06T16:00:00,5.318,-,-
2022-10-06T15:45:00,5.324,-,-
2022-10-06T15:30:00,5.332,-,-
2022-10-06T15:15:00,5.332,-,-
2022-10-06T15:00:00,5.334,-,-
2022-10-06T14:45:00,5.344,-,-
2022-10-06T14:30:00,5.338,-,-
2022-10-06T14:15:00,5.339,-,-
2022-10-06T14:00:00,5.336,-,-
2022-10-06T13:45:00,5.336,-,-
2022-10-06T13:30:00,5.332,-,-
2022-10-06T13:15:00,5.329,-,-
2022-10-06T13:00:00,5.328,-,-
2022-10-06T12:45:00,5.325,-,-
2022-10-06T12:30:00,5.326,-,-
2022-10-06T12:15:00,5.318,-,-
2022-10-06T12:00:00,5.316,-,-
2022-10-06T11:45:00,5.310,-,-
2022-10-06T11:30:00,5.307,-,-
2022-10-06T11:15:00,5.305,-,-
2022-10-06T11:00:00,5.296,-,-
2022-10-06T10:45:00,5.296,-,-
2022-10-06T10:30:00,5.293,-,-
2022-10-06T10:15:00,5.284,-,-
2022-10-06T10:00:00,5.285,-,-
2022-10-06T09:45:00,5.283,-,-
2022-10-06T09:30:00,5.279,-,-
2022-10-06T09:15:00,5.278,-,-
2022-10-06T09:00:00,5.282,-,-
2022-10-06T08:45:00,5.284,-,-
2022-10-06T08:30:00,5.282,-,-
2022-10-06T08:15:00,5.283,-,-
2022-10-06T08:00:00,5.289,-,-
2022-10-06T07:45:00,5.287,-,-
2022-10-06T07:30:00,5.290,-,-
2022-10-06T07:15:00,5.295,-,-
2022-10-06T07:00:00,5.295,-,-
2022-10-06T06:45:00,5.298,-,-
2022-10-06T06:30:00,5.302,-,-
2022-10-06T06:15:00,5.305,-,-
2022-10-06T06:00:00,5.310,-,-
2022-10-06T05:45:00,5.314,-,-
2022-10-06T05:30:00,5.320,-,-
2022-10-06T05:15:00,5.322,-,-
2022-10-06T05:00:00,5.325,-,-
2022-10-06T04:45:00,5.329,-,-
2022-10-06T04:30:00,5.337,-,-
2022-10-06T04:15:00,5.339,-,-
2022-10-06T04:00:00,5.344,-,-
2022-10-06T03:45:00,5.346,-,-
2022-10-06T03:30:00,5.353,-,-
2022-10-06T03:15:00,5.356,-,-
2022-10-06T03:00:00,5.360,-,-
2022-10-06T02:45:00,5.363,-,-
2022-10-06T02:30:00,5.372,-,-
2022-10-06T02:15:00,5.377,-,-
2022-10-06T02:00:00,5.379,-,-
2022-10-06T01:45:00,5.390,-,-
2022-10-06T01:30:00,5.390,-,-
2022-10-06T01:15:00,5.398,-,-
2022-10-06T01:00:00,5.401,-,-
2022-10-06T00:45:00,5.409,-,-
2022-10-06T00:30:00,5.414,-,-
2022-10-06T00:15:00,5.415,-,-
2022-10-06T00:00:00,5.419,-,-
2022-10-05T23:45:00,5.426,-,-
2022-10-05T23:30:00,5.431,-,-
2022-10-05T23:15:00,5.439,-,-
2022-10-05T23:00:00,5.444,-,-
2022-10-05T22:45:00,5.449,-,-
2022-10-05T22:30:00,5.453,-,-
2022-10-05T22:15:00,5.457,-,-
2022-10-05T22:00:00,5.460,-,-
2022-10-05T21:45:00,5.468,-,-
2022-10-05T21:30:00,5.477,-,-
2022-10-05T21:15:00,5.481,-,-
2022-10-05T21:00:00,5.487,-,-
2022-10-05T20:45:00,5.496,-,-
2022-10-05T20:30:00,5.499,-,-
2022-10-05T20:15:00,5.506,-,-
2022-10-05T20:00:00,5.512,-,-
2022-10-05T19:45:00,5.520,-,-
2022-10-05T19:30:00,5.522,-,-
2022-10-05T19:15:00,5.532,-,-
2022-10-05T19:00:00,5.539,-,-
2022-10-05T18:45:00,5.547,-,-
2022-10-05T18:30:00,5.551,-,-
2022-10-05T18:15:00,5.559,-,-
2022-10-05T18:00:00,5.562,-,-
2022-10-05T17:45:00,5.571,-,-
2022-10-05T17:30:00,5.579,-,-
2022-10-05T17:15:00,5.587,-,-
2022-10-05T17:00:00,5.589,-,-
2022-10-05T16:45:00,5.595,-,-
2022-10-05T16:30:00,5.602,-,-
2022-10-05T16:15:00,5.595,-,-
2022-10-05T16:00:00,5.571,-,-
2022-10-05T15:45:00,5.541,-,-
2022-10-05T15:30:00,5.492,-,-
2022-10-05T15:15:00,5.433,-,-
2022-10-05T15:00:00,5.397,-,-
2022-10-05T14:45:00,5.376,-,-
2022-10-05T14:30:00,5.364,-,-
2022-10-05T14:15:00,5.364,-,-
2022-10-05T14:00:00,5.361,-,-
2022-10-05T13:45:00,5.363,-,-
2022-10-05T13:30:00,5.360,-,-
2022-10-05T13:15:00,5.361,-,-
2022-10-05T13:00:00,5.365,-,-
2022-10-05T12:45:00,5.365,-,-
2022-10-05T12:30:00,5.365,-,-
2022-10-05T12:15:00,5.367,-,-
2022-10-05T12:00:00,5.371,-,-
2022-10-05T11:45:00,5.371,-,-
2022-10-05T11:30:00,5.372,-,-
2022-10-05T11:15:00,5.373,-,-
2022-10-05T11:00:00,5.376,-,-
2022-10-05T10:45:00,5.375,-,-
2022-10-05T10:30:00,5.371,-,-
2022-10-05T10:15:00,5.375,-,-
2022-10-05T10:00:00,5.375,-,-
2022-10-05T09:45:00,5.380,-,-
2022-10-05T09:30:00,5.379,-,-
2022-10-05T09:15:00,5.383,-,-
2022-10-05T09:00:00,5.389,-,-
2022-10-05T08:45:00,5.397,-,-
2022-10-05T08:30:00,5.407,-,-
2022-10-05T08:15:00,5.417,-,-
2022-10-05T08:00:00,5.427,-,-
2022-10-05T07:45:00,5.438,-,-
2022-10-05T07:30:00,5.448,-,-
2022-10-05T07:15:00,5.454,-,-
2022-10-05T07:00:00,5.465,-,-
2022-10-05T06:45:00,5.473,-,-
2022-10-05T06:30:00,5.487,-,-
2022-10-05T06:15:00,5.500,-,-
2022-10-05T06:00:00,5.516,-,-
2022-10-05T05:45:00,5.526,-,-
2022-10-05T05:30:00,5.539,-,-
2022-10-05T05:15:00,5.550,-,-
2022-10-05T05:00:00,5.565,-,-
2022-10-05T04:45:00,5.586,-,-
2022-10-05T04:30:00,5.605,-,-
2022-10-05T04:15:00,5.623,-,-
2022-10-05T04:00:00,5.647,-,-
2022-10-05T03:45:00,5.660,-,-
2022-10-05T03:30:00,5.684,-,-
2022-10-05T03:15:00,5.706,-,-
2022-10-05T03:00:00,5.734,-,-
2022-10-05T02:45:00,5.762,-,-
2022-10-05T02:30:00,5.794,-,-
2022-10-05T02:15:00,5.822,-,-
2022-10-05T02:00:00,5.860,-,-
2022-10-05T01:45:00,5.901,-,-
2022-10-05T01:30:00,5.941,-,-
2022-10-05T01:15:00,5.991,-,-
2022-10-05T01:00:00,6.043,-,-
2022-10-05T00:45:00,6.094,-,-
2022-10-05T00:30:00,6.145,-,-
2022-10-05T00:15:00,6.180,-,-
2022-10-05T00:00:00,6.207,-,-
2022-10-04T23:45:00,6.231,-,-
2022-10-04T23:30:00,6.246,-,-
2022-10-04T23:15:00,6.259,-,-
2022-10-04T23:00:00,6.272,-,-
2022-10-04T22:45:00,6.277,-,-
2022-10-04T22:30:00,6.288,-,-
2022-10-04T22:15:00,6.295,-,-
2022-10-04T22:00:00,6.295,-,-
2022-10-04T21:45:00,6.296,-,-
2022-10-04T21:30:00,6.301,-,-
2022-10-04T21:15:00,6.312,-,-
2022-10-04T21:00:00,6.308,-,-
2022-10-04T20:45:00,6.315,-,-
2022-10-04T20:30:00,6.323,-,-
2022-10-04T20:15:00,6.325,-,-
2022-10-04T20:00:00,6.326,-,-
2022-10-04T19:45:00,6.328,-,-
2022-10-04T19:30:00,6.320,-,-
2022-10-04T19:15:00,6.318,-,-
2022-10-04T19:00:00,6.301,-,-
2022-10-04T18:45:00,6.301,-,-
2022-10-04T18:30:00,6.304,-,-
2022-10-04T18:15:00,6.307,-,-
2022-10-04T18:00:00,6.310,-,-
2022-10-04T17:45:00,6.316,-,-
2022-10-04T17:30:00,6.320,-,-
2022-10-04T17:15:00,6.324,-,-
2022-10-04T17:00:00,6.329,-,-
2022-10-04T16:45:00,6.334,-,-
2022-10-04T16:30:00,6.348,-,-
2022-10-04T16:15:00,6.348,-,-
2022-10-04T16:00:00,6.352,-,-
2022-10-04T15:45:00,6.360,-,-
2022-10-04T15:30:00,6.369,-,-
2022-10-04T15:15:00,6.374,-,-
2022-10-04T15:00:00,6.383,-,-
2022-10-04T14:45:00,6.394,-,-
2022-10-04T14:30:00,6.396,-,-
2022-10-04T14:15:00,6.401,-,-
2022-10-04T14:00:00,6.412,-,-
2022-10-04T13:45:00,6.419,-,-
2022-10-04T13:30:00,6.426,-,-
2022-10-04T13:15:00,6.429,-,-
2022-10-04T13:00:00,6.444,-,-
2022-10-04T12:45:00,6.458,-,-
2022-10-04T12:30:00,6.460,-,-
2022-10-04T12:15:00,6.468,-,-
2022-10-04T12:00:00,6.474,-,-
2022-10-04T11:45:00,6.483,-,-
2022-10-04T11:30:00,6.493,-,-
2022-10-04T11:15:00,6.505,-,-
2022-10-04T11:00:00,6.514,-,-
2022-10-04T10:45:00,6.522,-,-
2022-10-04T10:30:00,6.536,-,-
2022-10-04T10:15:00,6.543,-,-
2022-10-04T10:00:00,6.557,-,-
2022-10-04T09:45:00,6.569,-,-
2022-10-04T09:30:00,6.576,-,-
2022-10-04T09:15:00,6.592,-,-
2022-10-04T09:00:00,6.597,-,-
2022-10-04T08:45:00,6.601,-,-
2022-10-04T08:30:00,6.616,-,-
2022-10-04T08:15:00,6.626,-,-
2022-10-04T08:00:00,6.633,-,-
2022-10-04T07:45:00,6.647,-,-
2022-10-04T07:30:00,6.656,-,-
2022-10-04T07:15:00,6.663,-,-
2022-10-04T07:00:00,6.676,-,-
2022-10-04T06:45:00,6.694,-,-
2022-10-04T06:30:00,6.699,-,-
2022-10-04T06:15:00,6.712,-,-
2022-10-04T06:00:00,6.722,-,-
2022-10-04T05:45:00,6.732,-,-
2022-10-04T05:30:00,6.740,-,-
2022-10-04T05:15:00,6.752,-,-
2022-10-04T05:00:00,6.767,-,-
2022-10-04T04:45:00,6.770,-,-
2022-10-04T04:30:00,6.780,-,-
2022-10-04T04:15:00,6.794,-,-
2022-10-04T04:00:00,6.801,-,-
2022-10-04T03:45:00,6.814,-,-
2022-10-04T03:30:00,6.826,-,-
2022-10-04T03:15:00,6.843,-,-
2022-10-04T03:00:00,6.854,-,-
2022-10-04T02:45:00,6.869,-,-
2022-10-04T02:30:00,6.895,-,-
2022-10-04T02:15:00,6.905,-,-
2022-10-04T02:00:00,6.926,-,-
2022-10-04T01:45:00,6.952,-,-
2022-10-04T01:30:00,6.963,-,-
2022-10-04T01:15:00,6.984,-,-
2022-10-04T01:00:00,7.009,-,-
2022-10-04T00:45:00,7.027,-,-
2022-10-04T00:30:00,7.054,-,-
2022-10-04T00:15:00,7.079,-,-
2022-10-04T00:00:00,7.091,-,-
2022-10-03T23:45:00,7.123,-,-
2022-10-03T23:30:00,7.145,-,-
2022-10-03T23:15:00,7.169,-,-
2022-10-03T23:00:00,7.188,-,-
2022-10-03T22:45:00,7.216,-,-
2022-10-03T22:30:00,7.237,-,-
2022-10-03T22:15:00,7.258,-,-
2022-10-03T22:00:00,7.277,-,-
2022-10-03T21:45:00,7.299,-,-
2022-10-03T21:30:00,7.311,-,-
2022-10-03T21:15:00,7.327,-,-
2022-10-03T21:00:00,7.347,-,-
2022-10-03T20:45:00,7.351,-,-
2022-10-03T20:30:00,7.371,-,-
2022-10-03T20:15:00,7.378,-,-
2022-10-03T20:00:00,7.377,-,-
2022-10-03T19:45:00,7.375,-,-
2022-10-03T19:30:00,7.379,-,-
2022-10-03T19:15:00,7.364,-,-
2022-10-03T19:00:00,7.345,-,-
2022-10-03T18:45:00,7.340,-,-
2022-10-03T18:30:00,7.326,-,-
2022-10-03T18:15:00,7.306,-,-
2022-10-03T18:00:00,7.287,-,-
2022-10-03T17:45:00,7.270,-,-
2022-10-03T17:30:00,7.249,-,-
2022-10-03T17:15:00,7.222,-,-
2022-10-03T17:00:00,7.198,-,-
2022-10-03T16:45:00,7.160,-,-
2022-10-03T16:30:00,7.126,-,-
2022-10-03T16:15:00,7.083,-,-
2022-10-03T16:00:00,7.039,-,-
2022-10-03T15:45:00,6.989,-,-
2022-10-03T15:30:00,6.929,-,-
2022-10-03T15:15:00,6.843,-,-
2022-10-03T15:00:00,6.748,-,-
2022-10-03T14:45:00,6.620,-,-
2022-10-03T14:30:00,6.498,-,-
2022-10-03T14:15:00,6.389,-,-
2022-10-03T14:00:00,6.315,-,-
2022-10-03T13:45:00,6.280,-,-
2022-10-03T13:30:00,6.269,-,-
2022-10-03T13:15:00,6.255,-,-
2022-10-03T13:00:00,6.247,-,-
2022-10-03T12:45:00,6.257,-,-
2022-10-03T12:30:00,6.253,-,-
2022-10-03T12:15:00,6.248,-,-
2022-10-03T12:00:00,6.253,-,-
2022-10-03T11:45:00,6.259,-,-
2022-10-03T11:30:00,6.261,-,-
2022-10-03T11:15:00,6.253,-,-
2022-10-03T11:00:00,6.245,-,-
2022-10-03T10:45:00,6.256,-,-
2022-10-03T10:30:00,6.253,-,-
2022-10-03T10:15:00,6.258,-,-
2022-10-03T10:00:00,6.262,-,-
2022-10-03T09:45:00,6.266,-,-
2022-10-03T09:30:00,6.268,-,-
2022-10-03T09:15:00,6.270,-,-
2022-10-03T09:00:00,6.275,-,-
2022-10-03T08:45:00,6.279,-,-
2022-10-03T08:30:00,6.286,-,-
2022-10-03T08:15:00,6.291,-,-
2022-10-03T08:00:00,6.295,-,-
2022-10-03T07:45:00,6.297,-,-
2022-10-03T07:30:00,6.310,-,-
2022-10-03T07:15:00,6.316,-,-
2022-10-03T07:00:00,6.322,-,-
2022-10-03T06:45:00,6.331,-,-
2022-10-03T06:30:00,6.337,-,-
2022-10-03T06:15:00,6.346,-,-
2022-10-03T06:00:00,6.357,-,-
2022-10-03T05:45:00,6.362,-,-
2022-10-03T05:30:00,6.371,-,-
2022-10-03T05:15:00,6.375,-,-
2022-10-03T05:00:00,6.382,-,-
2022-10-03T04:45:00,6.391,-,-
2022-10-03T04:30:00,6.398,-,-
2022-10-03T04:15:00,6.404,-,-
2022-10-03T04:00:00,6.412,-,-
2022-10-03T03:45:00,6.420,-,-
2022-10-03T03:30:00,6.429,-,-
2022-10-03T03:15:00,6.437,-,-
2022-10-03T03:00:00,6.444,-,-
2022-10-03T02:45:00,6.452,-,-
2022-10-03T02:30:00,6.463,-,-
2022-10-03T02:15:00,6.468,-,-
2022-10-03T02:00:00,6.479,-,-
2022-10-03T01:45:00,6.491,-,-
2022-10-03T01:30:00,6.501,-,-
2022-10-03T01:15:00,6.511,-,-
2022-10-03T01:00:00,6.520,-,-
2022-10-03T00:45:00,6.532,-,-
2022-10-03T00:30:00,6.537,-,-
2022-10-03T00:15:00,6.548,-,-
2022-10-03T00:00:00,6.560,-,-
2022-10-02T23:45:00,6.570,-,-
2022-10-02T23:30:00,6.579,-,-
2022-10-02T23:15:00,6.586,-,-
2022-10-02T23:00:00,6.598,-,-
2022-10-02T22:45:00,6.612,-,-
2022-10-02T22:30:00,6.619,-,-
2022-10-02T22:15:00,6.636,-,-
2022-10-02T22:00:00,6.646,-,-
2022-10-02T21:45:00,6.657,-,-
2022-10-02T21:30:00,6.669,-,-
2022-10-02T21:15:00,6.680,-,-
2022-10-02T21:00:00,6.691,-,-
2022-10-02T20:45:00,6.699,-,-
2022-10-02T20:30:00,6.719,-,-
2022-10-02T20:15:00,6.732,-,-
2022-10-02T20:00:00,6.746,-,-
2022-10-02T19:45:00,6.762,-,-
2022-10-02T19:30:00,6.778,-,-
2022-10-02T19:15:00,6.794,-,-
2022-10-02T19:00:00,6.807,-,-
2022-10-02T18:45:00,6.824,-,-
2022-10-02T18:30:00,6.847,-,-
2022-10-02T18:15:00,6.860,-,-
2022-10-02T18:00:00,6.881,-,-
2022-10-02T17:45:00,6.902,-,-
2022-10-02T17:30:00,6.917,-,-
2022-10-02T17:15:00,6.943,-,-
2022-10-02T17:00:00,6.956,-,-
2022-10-02T16:45:00,6.979,-,-
2022-10-02T16:30:00,7.002,-,-
2022-10-02T16:15:00,7.026,-,-
2022-10-02T16:00:00,7.040,-,-
2022-10-02T15:45:00,7.062,-,-
2022-10-02T15:30:00,7.091,-,-
2022-10-02T15:15:00,7.113,-,-
2022-10-02T15:00:00,7.145,-,-
2022-10-02T14:45:00,7.172,-,-
2022-10-02T14:30:00,7.198,-,-
2022-10-02T14:15:00,7.230,-,-
2022-10-02T14:00:00,7.262,-,-
2022-10-02T13:45:00,7.296,-,-
2022-10-02T13:30:00,7.333,-,-
2022-10-02T13:15:00,7.368,-,-
2022-10-02T13:00:00,7.406,-,-
2022-10-02T12:45:00,7.441,-,-
2022-10-02T12:30:00,7.477,-,-
2022-10-02T12:15:00,7.509,-,-
2022-10-02T12:00:00,7.539,-,-
2022-10-02T11:45:00,7.565,-,-
2022-10-02T11:30:00,7.602,-,-
2022-10-02T11:15:00,7.632,-,-
2022-10-02T11:00:00,7.663,-,-
2022-10-02T10:45:00,7.702,-,-
2022-10-02T10:30:00,7.738,-,-
2022-10-02T10:15:00,7.771,-,-
2022-10-02T10:00:00,7.797,-,-
2022-10-02T09:45:00,7.818,-,-
2022-10-02T09:30:00,7.836,-,-
2022-10-02T09:15:00,7.843,-,-
2022-10-02T09:00:00,7.848,-,-
2022-10-02T08:45:00,7.864,-,-
2022-10-02T08:30:00,7.874,-,-
2022-10-02T08:15:00,7.879,-,-
2022-10-02T08:00:00,7.896,-,-
2022-10-02T07:45:00,7.904,-,-
2022-10-02T07:30:00,7.907,-,-
2022-10-02T07:15:00,7.922,-,-
2022-10-02T07:00:00,7.931,-,-
2022-10-02T06:45:00,7.941,-,-
2022-10-02T06:30:00,7.953,-,-
2022-10-02T06:15:00,7.961,-,-
2022-10-02T06:00:00,7.972,-,-
2022-10-02T05:45:00,7.979,-,-
2022-10-02T05:30:00,7.993,-,-
2022-10-02T05:15:00,8.004,-,-
2022-10-02T05:00:00,8.010,-,-
2022-10-02T04:45:00,8.021,-,-
2022-10-02T04:30:00,8.032,-,-
2022-10-02T04:15:00,8.029,-,-
2022-10-02T04:00:00,8.039,-,-
2022-10-02T03:45:00,8.052,-,-
2022-10-02T03:30:00,8.065,-,-
2022-10-02T03:15:00,8.068,-,-
2022-10-02T03:00:00,8.077,-,-
2022-10-02T02:45:00,8.088,-,-
2022-10-02T02:30:00,8.098,-,-
2022-10-02T02:15:00,8.102,-,-
2022-10-02T02:00:00,8.114,-,-
2022-10-02T01:45:00,8.124,-,-
2022-10-02T01:30:00,8.128,-,-
2022-10-02T01:15:00,8.142,-,-
2022-10-02T01:00:00,8.145,-,-
2022-10-02T00:45:00,8.144,-,-
2022-10-02T00:30:00,8.150,-,-
2022-10-02T00:15:00,8.161,-,-
2022-10-02T00:00:00,8.152,-,-
2022-10-01T23:45:00,8.154,-,-
2022-10-01T23:30:00,8.150,-,-
2022-10-01T23:15:00,8.150,-,-
2022-10-01T23:00:00,8.137,-,-
2022-10-01T22:45:00,8.124,-,-
2022-10-01T22:30:00,8.114,-,-
2022-10-01T22:15:00,8.094,-,-
2022-10-01T22:00:00,8.073,-,-
2022-10-01T21:45:00,8.047,-,-
2022-10-01T21:30:00,8.022,-,-
2022-10-01T21:15:00,8.000,-,-
2022-10-01T21:00:00,7.977,-,-
2022-10-01T20:45:00,7.963,-,-
2022-10-01T20:30:00,7.941,-,-
2022-10-01T20:15:00,7.933,-,-
2022-10-01T20:00:00,7.932,-,-
2022-10-01T19:45:00,7.932,-,-
2022-10-01T19:30:00,7.934,-,-
2022-10-01T19:15:00,7.940,-,-
2022-10-01T19:00:00,7.941,-,-
2022-10-01T18:45:00,7.946,-,-
2022-10-01T18:30:00,7.955,-,-
2022-10-01T18:15:00,7.963,-,-
2022-10-01T18:00:00,7.961,-,-
2022-10-01T17:45:00,7.971,-,-
2022-10-01T17:30:00,7.973,-,-
2022-10-01T17:15:00,7.979,-,-
2022-10-01T17:00:00,7.990,-,-
2022-10-01T16:45:00,7.995,-,-
2022-10-01T16:30:00,7.996,-,-
2022-10-01T16:15:00,8.010,-,-
2022-10-01T16:00:00,8.014,-,-
2022-10-01T15:45:00,8.015,-,-
2022-10-01T15:30:00,8.016,-,-
2022-10-01T15:15:00,8.027,-,-
2022-10-01T15:00:00,8.036,-,-
2022-10-01T14:45:00,8.032,-,-
2022-10-01T14:30:00,8.041,-,-
2022-10-01T14:15:00,8.044,-,-
2022-10-01T14:00:00,8.048,-,-
2022-10-01T13:45:00,8.052,-,-
2022-10-01T13:30:00,8.053,-,-
2022-10-01T13:15:00,8.053,-,-
2022-10-01T13:00:00,8.060,-,-
2022-10-01T12:45:00,8.070,-,-
2022-10-01T12:30:00,8.069,-,-
2022-10-01T12:15:00,8.066,-,-
2022-10-01T12:00:00,8.071,-,-
2022-10-01T11:45:00,8.077,-,-
2022-10-01T11:30:00,8.072,-,-
2022-10-01T11:15:00,8.076,-,-
2022-10-01T11:00:00,8.070,-,-
2022-10-01T10:45:00,8.072,-,-
2022-10-01T10:30:00,8.066,-,-
2022-10-01T10:15:00,8.067,-,-
2022-10-01T10:00:00,8.067,-,-
2022-10-01T09:45:00,8.060,-,-
2022-10-01T09:30:00,8.049,-,-
2022-10-01T09:15:00,8.045,-,-
2022-10-01T09:00:00,8.042,-,-
2022-10-01T08:45:00,8.025,-,-
2022-10-01T08:30:00,7.626,-,-
2022-10-01T08:15:00,7.626,-,-
2022-10-01T08:00:00,7.626,-,-
2022-10-01T07:45:00,7.626,-,-
2022-10-01T07:30:00,7.626,-,-
2022-10-01T07:15:00,7.626,-,-
2022-10-01T07:00:00,7.626,-,-
2022-10-01T06:45:00,7.626,-,-
2022-10-01T06:30:00,7.626,-,-
2022-10-01T06:15:00,7.626,-,-
2022-10-01T06:00:00,7.626,-,-
2022-10-01T05:45:00,7.626,-,-
2022-10-01T05:30:00,7.626,-,-
2022-10-01T05:15:00,7.626,-,-
2022-10-01T05:00:00,7.626,-,-
2022-10-01T04:45:00,7.626,-,-
2022-10-01T04:30:00,7.626,-,-
2022-10-01T04:15:00,7.626,-,-
2022-10-01T04:00:00,7.626,-,-
2022-10-01T03:45:00,7.613,-,-
2022-10-01T03:30:00,7.603,-,-
2022-10-01T03:15:00,7.594,-,-
2022-10-01T03:00:00,7.585,-,-
2022-10-01T02:45:00,7.576,-,-
2022-10-01T02:30:00,7.564,-,-
2022-10-01T02:15:00,7.559,-,-
2022-10-01T02:00:00,7.544,-,-
2022-10-01T01:45:00,7.542,-,-
2022-10-01T01:30:00,7.533,-,-
2022-10-01T01:15:00,7.532,-,-
2022-10-01T01:00:00,7.539,-,-
2022-10-01T00:45:00,7.528,-,-
2022-10-01T00:30:00,7.530,-,-
2022-10-01T00:15:00,7.536,-,-
2022-10-01T00:00:00,7.539,-,-
2022-10-14T23:45:00,4.572,-,-
2022-10-14T23:30:00,4.574,-,-
2022-10-14T23:15:00,4.573,-,-
2022-10-14T23:00:00,4.575,-,-
2022-10-14T22:45:00,4.575,-,-
2022-10-14T22:30:00,4.578,-,-
2022-10-14T22:15:00,4.577,-,-
2022-10-14T22:00:00,4.578,-,-
2022-10-14T21:45:00,4.581,-,-
2022-10-14T21:30:00,4.580,-,-
2022-10-14T21:15:00,4.582,-,-
2022-10-14T21:00:00,4.582,-,-
2022-10-14T20:45:00,4.583,-,-
2022-10-14T20:30:00,4.584,-,-
2022-10-14T20:15:00,4.584,-,-
2022-10-14T20:00:00,4.585,-,-
2022-10-14T19:45:00,4.586,-,-
2022-10-14T19:30:00,4.587,-,-
2022-10-14T19:15:00,4.589,-,-
2022-10-14T19:00:00,4.591,-,-
2022-10-14T18:45:00,4.591,-,-
2022-10-14T18:30:00,4.591,-,-
2022-10-14T18:15:00,4.593,-,-
2022-10-14T18:00:00,4.594,-,-
2022-10-14T17:45:00,4.595,-,-
2022-10-14T17:30:00,4.596,-,-
2022-10-14T17:15:00,4.596,-,-
2022-10-14T17:00:00,4.598,-,-
2022-10-14T16:45:00,4.598,-,-
2022-10-14T16:30:00,4.602,-,-
2022-10-14T16:15:00,4.602,-,-
2022-10-14T16:00:00,4.603,-,-
2022-10-14T15:45:00,4.605,-,-
2022-10-14T15:30:00,4.606,-,-
2022-10-14T15:15:00,4.606,-,-
2022-10-14T15:00:00,4.606,-,-
2022-10-14T14:45:00,4.609,-,-
2022-10-14T14:30:00,4.611,-,-
2022-10-14T14:15:00,4.611,-,-
2022-10-14T14:00:00,4.613,-,-
2022-10-14T13:45:00,4.614,-,-
2022-10-14T13:30:00,4.615,-,-
2022-10-14T13:15:00,4.617,-,-
2022-10-14T13:00:00,4.619,-,-
2022-10-14T12:45:00,4.620,-,-
2022-10-14T12:30:00,4.620,-,-
2022-10-14T12:15:00,4.621,-,-
2022-10-14T12:00:00,4.621,-,-
2022-10-14T11:45:00,4.622,-,-
2022-10-14T11:30:00,4.627,-,-
2022-10-14T11:15:00,4.628,-,-
2022-10-14T11:00:00,4.628,-,-
2022-10-14T10:45:00,4.632,-,-
2022-10-14T10:30:00,4.633,-,-
2022-10-14T10:15:00,4.635,-,-
2022-10-14T10:00:00,4.640,-,-
2022-10-14T09:45:00,4.640,-,-
2022-10-14T09:30:00,4.643,-,-
2022-10-14T09:15:00,4.647,-,-
2022-10-14T09:00:00,4.650,-,-
2022-10-14T08:45:00,4.652,-,-
2022-10-14T08:30:00,4.656,-,-
2022-10-14T08:15:00,4.658,-,-
2022-10-14T08:00:00,4.664,-,-
2022-10-14T07:45:00,4.665,-,-
2022-10-14T07:30:00,4.669,-,-
2022-10-14T07:15:00,4.672,-,-
2022-10-14T07:00:00,4.675,-,-
2022-10-14T06:45:00,4.678,-,-
2022-10-14T06:30:00,4.680,-,-
2022-10-14T06:15:00,4.685,-,-
2022-10-14T06:00:00,4.687,-,-
2022-10-14T05:45:00,4.690,-,-
2022-10-14T05:30:00,4.695,-,-
2022-10-14T05:15:00,4.697,-,-
2022-10-14T05:00:00,4.703,-,-
2022-10-14T04:45:00,4.706,-,-
2022-10-14T04:30:00,4.712,-,-
2022-10-14T04:15:00,4.714,-,-
2022-10-14T04:00:00,4.718,-,-
2022-10-14T03:45:00,4.725,-,-
2022-10-14T03:30:00,4.728,-,-
2022-10-14T03:15:00,4.736,-,-
2022-10-14T03:00:00,4.740,-,-
2022-10-14T02:45:00,4.745,-,-
2022-10-14T02:30:00,4.752,-,-
2022-10-14T02:15:00,4.760,-,-
2022-10-14T02:00:00,4.772,-,-
2022-10-14T01:45:00,4.783,-,-
2022-10-14T01:30:00,4.796,-,-
2022-10-14T01:15:00,4.815,-,-
2022-10-14T01:00:00,4.839,-,-
2022-10-14T00:45:00,4.866,-,-
2022-10-14T00:30:00,4.898,-,-
2022-10-14T00:15:00,4.932,-,-
2022-10-14T00:00:00,4.971,-,-
2022-10-13T23:45:00,5.000,-,-
2022-10-13T23:30:00,5.027,-,-
2022-10-13T23:15:00,5.042,-,-
2022-10-13T23:00:00,5.047,-,-
2022-10-13T22:45:00,5.044,-,-
2022-10-13T22:30:00,5.040,-,-
2022-10-13T22:15:00,5.033,-,-
2022-10-13T22:00:00,5.021,-,-
2022-10-13T21:45:00,5.011,-,-
2022-10-13T21:30:00,4.998,-,-
2022-10-13T21:15:00,4.985,-,-
2022-10-13T21:00:00,4.968,-,-
2022-10-13T20:45:00,4.944,-,-
2022-10-13T20:30:00,4.914,-,-
2022-10-13T20:15:00,4.876,-,-
2022-10-13T20:00:00,4.832,-,-
2022-10-13T19:45:00,4.784,-,-
2022-10-13T19:30:00,4.739,-,-
2022-10-13T19:15:00,4.708,-,-
2022-10-13T19:00:00,4.693,-,-
2022-10-13T18:45:00,4.694,-,-
2022-10-13T18:30:00,4.695,-,-
2022-10-13T18:15:00,4.696,-,-
2022-10-13T18:00:00,4.701,-,-
2022-10-13T17:45:00,4.704,-,-
2022-10-13T17:30:00,4.706,-,-
2022-10-13T17:15:00,4.709,-,-
2022-10-13T17:00:00,4.711,-,-
2022-10-13T16:45:00,4.715,-,-
2022-10-13T16:30:00,4.716,-,-
2022-10-13T16:15:00,4.719,-,-
2022-10-13T16:00:00,4.722,-,-
2022-10-13T15:45:00,4.725,-,-
2022-10-13T15:30:00,4.727,-,-
2022-10-13T15:15:00,4.731,-,-
2022-10-13T15:00:00,4.731,-,-
2022-10-13T14:45:00,4.734,-,-
2022-10-13T14:30:00,4.736,-,-
2022-10-13T14:15:00,4.740,-,-
2022-10-13T14:00:00,4.745,-,-
2022-10-13T13:45:00,4.748,-,-
2022-10-13T13:30:00,4.751,-,-
2022-10-13T13:15:00,4.755,-,-
2022-10-13T13:00:00,4.761,-,-
2022-10-13T12:45:00,4.765,-,-
2022-10-13T12:30:00,4.772,-,-
2022-10-13T12:15:00,4.780,-,-
2022-10-13T12:00:00,4.793,-,-
2022-10-13T11:45:00,4.804,-,-
2022-10-13T11:30:00,4.823,-,-
2022-10-13T11:15:00,4.837,-,-
2022-10-13T11:00:00,4.864,-,-
2022-10-13T10:45:00,4.885,-,-
2022-10-13T10:30:00,4.909,-,-
2022-10-13T10:15:00,4.926,-,-
2022-10-13T10:00:00,4.919,-,-
2022-10-13T09:45:00,4.895,-,-
2022-10-13T09:30:00,4.847,-,-
2022-10-13T09:15:00,4.794,-,-
2022-10-13T09:00:00,4.755,-,-
2022-10-13T08:45:00,4.743,-,-
2022-10-13T08:30:00,4.743,-,-
2022-10-13T08:15:00,4.745,-,-
2022-10-13T08:00:00,4.747,-,-
2022-10-13T07:45:00,4.749,-,-
2022-10-13T07:30:00,4.750,-,-
2022-10-13T07:15:00,4.751,-,-
2022-10-13T07:00:00,4.754,-,-
2022-10-13T06:45:00,4.755,-,-
2022-10-13T06:30:00,4.753,-,-
2022-10-13T06:15:00,4.758,-,-
2022-10-13T06:00:00,4.759,-,-
2022-10-13T05:45:00,4.761,-,-
2022-10-13T05:30:00,4.763,-,-
2022-10-13T05:15:00,4.763,-,-
2022-10-13T05:00:00,4.764,-,-
2022-10-13T04:45:00,4.765,-,-
2022-10-13T04:30:00,4.767,-,-
2022-10-13T04:15:00,4.769,-,-
2022-10-13T04:00:00,4.771,-,-
2022-10-13T03:45:00,4.771,-,-
2022-10-13T03:30:00,4.773,-,-
2022-10-13T03:15:00,4.774,-,-
2022-10-13T03:00:00,4.775,-,-
2022-10-13T02:45:00,4.777,-,-
2022-10-13T02:30:00,4.779,-,-
2022-10-13T02:15:00,4.778,-,-
2022-10-13T02:00:00,4.781,-,-
2022-10-13T01:45:00,4.780,-,-
2022-10-13T01:30:00,4.786,-,-
2022-10-13T01:15:00,4.788,-,-
2022-10-13T01:00:00,4.788,-,-
2022-10-13T00:45:00,4.789,-,-
2022-10-13T00:30:00,4.789,-,-
2022-10-13T00:15:00,4.792,-,-
2022-10-13T00:00:00,4.792,-,-
2022-10-12T23:45:00,4.794,-,-
2022-10-12T23:30:00,4.794,-,-
2022-10-12T23:15:00,4.797,-,-
2022-10-12T23:00:00,4.796,-,-
2022-10-12T22:45:00,4.798,-,-
2022-10-12T22:30:00,4.800,-,-
2022-10-12T22:15:00,4.804,-,-
2022-10-12T22:00:00,4.803,-,-
2022-10-12T21:45:00,4.805,-,-
2022-10-12T21:30:00,4.805,-,-
2022-10-12T21:15:00,4.804,-,-
2022-10-12T21:00:00,4.805,-,-
2022-10-12T20:45:00,4.807,-,-
2022-10-12T20:30:00,4.807,-,-
2022-10-12T20:15:00,4.812,-,-
2022-10-12T20:00:00,4.814,-,-
2022-10-12T19:45:00,4.815,-,-
2022-10-12T19:30:00,4.815,-,-
2022-10-12T19:15:00,4.816,-,-
2022-10-12T19:00:00,4.818,-,-
2022-10-12T18:45:00,4.819,-,-
2022-10-12T18:30:00,4.819,-,-
2022-10-12T18:15:00,4.822,-,-
2022-10-12T18:00:00,4.824,-,-
2022-10-12T17:45:00,4.822,-,-
2022-10-12T17:30:00,4.826,-,-
2022-10-12T17:15:00,4.824,-,-
2022-10-12T17:00:00,4.827,-,-
2022-10-12T16:45:00,4.825,-,-
2022-10-12T16:30:00,4.828,-,-
2022-10-12T16:15:00,4.830,-,-
2022-10-12T16:00:00,4.829,-,-
2022-10-12T15:45:00,4.828,-,-
2022-10-12T15:30:00,4.829,-,-
2022-10-12T15:15:00,4.831,-,-
2022-10-12T15:00:00,4.830,-,-
2022-10-12T14:45:00,4.833,-,-
2022-10-12T14:30:00,4.832,-,-
2022-10-12T14:15:00,4.830,-,-
2022-10-12T14:00:00,4.832,-,-
2022-10-12T13:45:00,4.833,-,-
2022-10-12T13:30:00,4.832,-,-
2022-10-12T13:15:00,4.833,-,-
2022-10-12T13:00:00,4.832,-,-
2022-10-12T12:45:00,4.831,-,-
2022-10-12T12:30:00,4.831,-,-
2022-10-12T12:15:00,4.831,-,-
2022-10-12T12:00:00,4.829,-,-
2022-10-12T11:45:00,4.835,-,-
2022-10-12T11:30:00,4.837,-,-
2022-10-12T11:15:00,4.836,-,-
2022-10-12T11:00:00,4.840,-,-
2022-10-12T10:45:00,4.841,-,-
2022-10-12T10:30:00,4.841,-,-
2022-10-12T10:15:00,4.843,-,-
2022-10-12T10:00:00,4.846,-,-
2022-10-12T09:45:00,4.845,-,-
2022-10-12T09:30:00,4.849,-,-
2022-10-12T09:15:00,4.850,-,-
2022-10-12T09:00:00,4.856,-,-
2022-10-12T08:45:00,4.857,-,-
2022-10-12T08:30:00,4.857,-,-
2022-10-12T08:15:00,4.861,-,-
2022-10-12T08:00:00,4.861,-,-
2022-10-12T07:45:00,4.863,-,-
2022-10-12T07:30:00,4.868,-,-
2022-10-12T07:15:00,4.867,-,-
2022-10-12T07:00:00,4.869,-,-
2022-10-12T06:45:00,4.872,-,-
2022-10-12T06:30:00,4.874,-,-
2022-10-12T06:15:00,4.877,-,-
2022-10-12T06:00:00,4.878,-,-
2022-10-12T05:45:00,4.880,-,-
2022-10-12T05:30:00,4.881,-,-
2022-10-12T05:15:00,4.884,-,-
2022-10-12T05:00:00,4.882,-,-
2022-10-12T04:45:00,4.888,-,-
2022-10-12T04:30:00,4.888,-,-
2022-10-12T04:15:00,4.888,-,-
2022-10-12T04:00:00,4.894,-,-
2022-10-12T03:45:00,4.894,-,-
2022-10-12T03:30:00,4.894,-,-
2022-10-12T03:15:00,4.896,-,-
2022-10-12T03:00:00,4.900,-,-
2022-10-12T02:45:00,4.903,-,-
2022-10-12T02:30:00,4.903,-,-
2022-10-12T02:15:00,4.905,-,-
2022-10-12T02:00:00,4.906,-,-
2022-10-12T01:45:00,4.910,-,-
2022-10-12T01:30:00,4.909,-,-
2022-10-12T01:15:00,4.914,-,-
2022-10-12T01:00:00,4.914,-,-
2022-10-12T00:45:00,4.916,-,-
2022-10-12T00:30:00,4.917,-,-
2022-10-12T00:15:00,4.918,-,-
2022-10-12T00:00:00,4.921,-,-
2022-10-11T23:45:00,4.925,-,-
2022-10-11T23:30:00,4.923,-,-
2022-10-11T23:15:00,4.925,-,-
2022-10-11T23:00:00,4.926,-,-
2022-10-11T22:45:00,4.928,-,-
2022-10-11T22:30:00,4.930,-,-
2022-10-11T22:15:00,4.931,-,-
2022-10-11T22:00:00,4.934,-,-
2022-10-11T21:45:00,4.935,-,-
2022-10-11T21:30:00,4.935,-,-
2022-10-11T21:15:00,4.934,-,-
2022-10-11T21:00:00,4.937,-,-
2022-10-11T20:45:00,4.940,-,-
2022-10-11T20:30:00,4.941,-,-
2022-10-11T20:15:00,4.943,-,-
2022-10-11T20:00:00,4.942,-,-
2022-10-11T19:45:00,4.944,-,-
2022-10-11T19:30:00,4.945,-,-
2022-10-11T19:15:00,4.947,-,-
2022-10-11T19:00:00,4.948,-,-
2022-10-11T18:45:00,4.949,-,-
2022-10-11T18:30:00,4.951,-,-
2022-10-11T18:15:00,4.953,-,-
2022-10-11T18:00:00,4.954,-,-
2022-10-11T17:45:00,4.955,-,-
2022-10-11T17:30:00,4.958,-,-
2022-10-11T17:15:00,4.958,-,-
2022-10-11T17:00:00,4.961,-,-
2022-10-11T16:45:00,4.963,-,-
2022-10-11T16:30:00,4.961,-,-
2022-10-11T16:15:00,4.963,-,-
2022-10-11T16:00:00,4.963,-,-
2022-10-11T15:45:00,4.967,-,-
2022-10-11T15:30:00,4.967,-,-
2022-10-11T15:15:00,4.965,-,-
2022-10-11T15:00:00,4.967,-,-
2022-10-11T14:45:00,4.966,-,-
2022-10-11T14:30:00,4.965,-,-
2022-10-11T14:15:00,4.964,-,-
2022-10-11T14:00:00,4.964,-,-
2022-10-11T13:45:00,4.962,-,-
2022-10-11T13:30:00,4.964,-,-
2022-10-11T13:15:00,4.963,-,-
2022-10-11T13:00:00,4.964,-,-
2022-10-11T12:45:00,4.965,-,-
2022-10-11T12:30:00,4.962,-,-
2022-10-11T12:15:00,4.963,-,-
2022-10-11T12:00:00,4.966,-,-
2022-10-11T11:45:00,4.964,-,-
2022-10-11T11:30:00,4.969,-,-
2022-10-11T11:15:00,4.972,-,-
2022-10-11T11:00:00,4.973,-,-
2022-10-11T10:45:00,4.975,-,-
2022-10-11T10:30:00,4.979,-,-
2022-10-11T10:15:00,4.983,-,-
2022-10-11T10:00:00,4.984,-,-
2022-10-11T09:45:00,4.983,-,-
2022-10-11T09:30:00,4.986,-,-
2022-10-11T09:15:00,4.991,-,-
2022-10-11T09:00:00,4.992,-,-
2022-10-11T08:45:00,4.996,-,-
2022-10-11T08:30:00,4.995,-,-
2022-10-11T08:15:00,5.002,-,-
2022-10-11T08:00:00,5.004,-,-
2022-10-11T07:45:00,5.004,-,-
2022-10-11T07:30:00,5.007,-,-
2022-10-11T07:15:00,5.011,-,-
2022-10-11T07:00:00,5.014,-,-
2022-10-11T06:45:00,5.016,-,-
2022-10-11T06:30:00,5.021,-,-
2022-10-11T06:15:00,5.024,-,-
2022-10-11T06:00:00,5.027,-,-
2022-10-11T05:45:00,5.030,-,-
2022-10-11T05:30:00,5.037,-,-
2022-10-11T05:15:00,5.041,-,-
2022-10-11T05:00:00,5.045,-,-
2022-10-11T04:45:00,5.048,-,-
2022-10-11T04:30:00,5.053,-,-
2022-10-11T04:15:00,5.058,-,-
2022-10-11T04:00:00,5.060,-,-
2022-10-11T03:45:00,5.059,-,-
2022-10-11T03:30:00,5.067,-,-
2022-10-11T03:15:00,5.071,-,-
2022-10-11T03:00:00,5.077,-,-
2022-10-11T02:45:00,5.080,-,-
2022-10-11T02:30:00,5.087,-,-
2022-10-11T02:15:00,5.095,-,-
2022-10-11T02:00:00,5.108,-,-
2022-10-11T01:45:00,5.121,-,-
2022-10-11T01:30:00,5.135,-,-
2022-10-11T01:15:00,5.156,-,-
2022-10-11T01:00:00,5.173,-,-
2022-10-11T00:45:00,5.199,-,-
2022-10-11T00:30:00,5.225,-,-
2022-10-11T00:15:00,5.246,-,-
2022-10-11T00:00:00,5.263,-,-
2022-10-10T23:45:00,5.272,-,-
2022-10-10T23:30:00,5.284,-,-
2022-10-10T23:15:00,5.280,-,-
2022-10-10T23:00:00,5.278,-,-
2022-10-10T22:45:00,5.284,-,-
2022-10-10T22:30:00,5.275,-,-
2022-10-10T22:15:00,5.269,-,-
2022-10-10T22:00:00,5.263,-,-
2022-10-10T21:45:00,5.253,-,-
2022-10-10T21:30:00,5.242,-,-
2022-10-10T21:15:00,5.224,-,-
2022-10-10T21:00:00,5.216,-,-
2022-10-10T20:45:00,5.209,-,-
2022-10-10T20:30:00,5.196,-,-
2022-10-10T20:15:00,5.188,-,-
2022-10-10T20:00:00,5.183,-,-
2022-10-10T19:45:00,5.179,-,-
2022-10-10T19:30:00,5.180,-,-
2022-10-10T19:15:00,5.181,-,-
2022-10-10T19:00:00,5.180,-,-
2022-10-10T18:45:00,5.180,-,-
2022-10-10T18:30:00,5.176,-,-
2022-10-10T18:15:00,5.176,-,-
2022-10-10T18:00:00,5.179,-,-
2022-10-10T17:45:00,5.173,-,-
2022-10-10T17:30:00,5.175,-,-
2022-10-10T17:15:00,5.173,-,-
2022-10-10T17:00:00,5.174,-,-
2022-10-10T16:45:00,5.172,-,-
2022-10-10T16:30:00,5.171,-,-
2022-10-10T16:15:00,5.168,-,-
2022-10-10T16:00:00,5.168,-,-
2022-10-10T15:45:00,5.168,-,-
2022-10-10T15:30:00,5.168,-,-
2022-10-10T15:15:00,5.168,-,-
2022-10-10T15:00:00,5.177,-,-
2022-10-10T14:45:00,5.174,-,-
2022-10-10T14:30:00,5.178,-,-
2022-10-10T14:15:00,5.180,-,-
2022-10-10T14:00:00,5.181,-,-
2022-10-10T13:45:00,5.182,-,-
2022-10-10T13:30:00,5.186,-,-
2022-10-10T13:15:00,5.188,-,-
2022-10-10T13:00:00,5.189,-,-
2022-10-10T12:45:00,5.191,-,-
2022-10-10T12:30:00,5.193,-,-
2022-10-10T12:15:00,5.199,-,-
2022-10-10T12:00:00,5.202,-,-
2022-10-10T11:45:00,5.205,-,-
2022-10-10T11:30:00,5.205,-,-
2022-10-10T11:15:00,5.208,-,-
2022-10-10T11:00:00,5.210,-,-
2022-10-10T10:45:00,5.211,-,-
2022-10-10T10:30:00,5.214,-,-
2022-10-10T10:15:00,5.217,-,-
2022-10-10T10:00:00,5.216,-,-
2022-10-10T09:45:00,5.218,-,-
2022-10-10T09:30:00,5.229,-,-
2022-10-10T09:15:00,5.223,-,-
2022-10-10T09:00:00,5.225,-,-
2022-10-10T08:45:00,5.230,-,-
2022-10-10T08:30:00,5.232,-,-
2022-10-10T08:15:00,5.232,-,-
2022-10-10T08:00:00,5.233,-,-
2022-10-10T07:45:00,5.237,-,-
2022-10-10T07:30:00,5.233,-,-
2022-10-10T07:15:00,5.232,-,-
2022-10-10T07:00:00,5.234,-,-
2022-10-10T06:45:00,5.239,-,-
2022-10-10T06:30:00,5.240,-,-
2022-10-10T06:15:00,5.238,-,-
2022-10-10T06:00:00,5.237,-,-
2022-10-10T05:45:00,5.243,-,-
2022-10-10T05:30:00,5.246,-,-
2022-10-10T05:15:00,5.250,-,-
2022-10-10T05:00:00,5.247,-,-
2022-10-10T04:45:00,5.247,-,-
2022-10-10T04:30:00,5.244,-,-
2022-10-10T04:15:00,5.248,-,-
2022-10-10T04:00:00,5.245,-,-
2022-10-10T03:45:00,5.248,-,-
2022-10-10T03:30:00,5.248,-,-
2022-10-10T03:15:00,5.247,-,-
2022-10-10T03:00:00,5.249,-,-
2022-10-10T02:45:00,5.253,-,-
2022-10-10T02:30:00,5.249,-,-
2022-10-10T02:15:00,5.254,-,-
2022-10-10T02:00:00,5.252,-,-
2022-10-10T01:45:00,5.250,-,-
2022-10-10T01:30:00,5.249,-,-
2022-10-10T01:15:00,5.246,-,-
2022-10-10T01:00:00,5.248,-,-
2022-10-10T00:45:00,5.249,-,-
2022-10-10T00:30:00,5.246,-,-
2022-10-10T00:15:00,5.241,-,-
2022-10-10T00:00:00,5.242,-,-
2022-10-09T23:45:00,5.239,-,-
2022-10-09T23:30:00,5.241,-,-
2022-10-09T23:15:00,5.243,-,-
2022-10-09T23:00:00,5.242,-,-
2022-10-09T22:45:00,5.241,-,-
2022-10-09T22:30:00,5.249,-,-
2022-10-09T22:15:00,5.250,-,-
2022-10-09T22:00:00,5.252,-,-
2022-10-09T21:45:00,5.255,-,-
2022-10-09T21:30:00,5.262,-,-
2022-10-09T21:15:00,5.257,-,-
2022-10-09T21:00:00,5.265,-,-
2022-10-09T20:45:00,5.263,-,-
2022-10-09T20:30:00,5.269,-,-
2022-10-09T20:15:00,5.272,-,-
2022-10-09T20:00:00,5.274,-,-
2022-10-09T19:45:00,5.275,-,-
2022-10-09T19:30:00,5.274,-,-
2022-10-09T19:15:00,5.274,-,-
2022-10-09T19:00:00,5.271,-,-
2022-10-09T18:45:00,5.267,-,-
2022-10-09T18:30:00,5.273,-,-
2022-10-09T18:15:00,5.271,-,-
2022-10-09T18:00:00,5.268,-,-
2022-10-09T17:45:00,5.270,-,-
2022-10-09T17:30:00,5.268,-,-
2022-10-09T17:15:00,5.263,-,-
2022-10-09T17:00:00,5.257,-,-
2022-10-09T16:45:00,5.258,-,-
2022-10-09T16:30:00,5.251,-,-
2022-10-09T16:15:00,5.251,-,-
2022-10-09T16:00:00,5.250,-,-
2022-10-09T15:45:00,5.243,-,-
2022-10-09T15:30:00,5.241,-,-
2022-10-09T15:15:00,5.232,-,-
2022-10-09T15:00:00,5.230,-,-
2022-10-09T14:45:00,5.220,-,-
2022-10-09T14:30:00,5.218,-,-
2022-10-09T14:15:00,5.211,-,-
2022-10-09T14:00:00,5.210,-,-
2022-10-09T13:45:00,5.202,-,-
2022-10-09T13:30:00,5.202,-,-
2022-10-09T13:15:00,5.207,-,-
2022-10-09T13:00:00,5.206,-,-
2022-10-09T12:45:00,5.210,-,-
2022-10-09T12:30:00,5.208,-,-
2022-10-09T12:15:00,5.211,-,-
2022-10-09T12:00:00,5.218,-,-
2022-10-09T11:45:00,5.219,-,-
2022-10-09T11:30:00,5.226,-,-
2022-10-09T11:15:00,5.230,-,-
2022-10-09T11:00:00,5.232,-,-
2022-10-09T10:45:00,5.243,-,-
2022-10-09T10:30:00,5.248,-,-
2022-10-09T10:15:00,5.258,-,-
2022-10-09T10:00:00,5.265,-,-
2022-10-09T09:45:00,5.281,-,-
2022-10-09T09:30:00,5.289,-,-
2022-10-09T09:15:00,5.305,-,-
2022-10-09T09:00:00,5.314,-,-
2022-10-09T08:45:00,5.326,-,-
2022-10-09T08:30:00,5.346,-,-
2022-10-09T08:15:00,5.354,-,-
2022-10-09T08:00:00,5.362,-,-
2022-10-09T07:45:00,5.361,-,-
2022-10-09T07:30:00,5.369,-,-
2022-10-09T07:15:00,5.375,-,-
2022-10-09T07:00:00,5.377,-,-
2022-10-09T06:45:00,5.377,-,-
2022-10-09T06:30:00,5.379,-,-
2022-10-09T06:15:00,5.384,-,-
2022-10-09T06:00:00,5.393,-,-
2022-10-09T05:45:00,5.393,-,-
2022-10-09T05:30:00,5.392,-,-
2022-10-09T05:15:00,5.395,-,-
2022-10-09T05:00:00,5.402,-,-
2022-10-09T04:45:00,5.407,-,-
2022-10-09T04:30:00,5.412,-,-
2022-10-09T04:15:00,5.418,-,-
2022-10-09T04:00:00,5.422,-,-
2022-10-09T03:45:00,5.429,-,-
2022-10-09T03:30:00,5.433,-,-
2022-10-09T03:15:00,5.437,-,-
2022-10-09T03:00:00,5.447,-,-
2022-10-09T02:45:00,5.460,-,-
2022-10-09T02:30:00,5.467,-,-
2022-10-09T02:15:00,5.476,-,-
2022-10-09T02:00:00,5.490,-,-
2022-10-09T01:45:00,5.495,-,-
2022-10-09T01:30:00,5.506,-,-
2022-10-09T01:15:00,5.516,-,-
2022-10-09T01:00:00,5.520,-,-
2022-10-09T00:45:00,5.529,-,-
2022-10-09T00:30:00,5.531,-,-
2022-10-09T00:15:00,5.538,-,-
2022-10-09T00:00:00,5.539,-,-
2022-10-08T23:45:00,5.542,-,-
2022-10-08T23:30:00,5.550,-,-
2022-10-08T23:15:00,5.555,-,-
2022-10-08T23:00:00,5.564,-,-
2022-10-08T22:45:00,5.569,-,-
2022-10-08T22:30:00,5.570,-,-
2022-10-08T22:15:00,5.580,-,-
2022-10-08T22:00:00,5.589,-,-
2022-10-08T21:45:00,5.597,-,-
2022-10-08T21:30:00,5.607,-,-
2022-10-08T21:15:00,5.614,-,-
2022-10-08T21:00:00,5.627,-,-
2022-10-08T20:45:00,5.636,-,-
2022-10-08T20:30:00,5.642,-,-
2022-10-08T20:15:00,5.653,-,-
2022-10-08T20:00:00,5.655,-,-
2022-10-08T19:45:00,5.660,-,-
2022-10-08T19:30:00,5.658,-,-
2022-10-08T19:15:00,5.651,-,-
2022-10-08T19:00:00,5.637,-,-
2022-10-08T18:45:00,5.615,-,-
2022-10-08T18:30:00,5.585,-,-
2022-10-08T18:15:00,5.557,-,-
2022-10-08T18:00:00,5.544,-,-
2022-10-08T17:45:00,5.536,-,-
2022-10-08T17:30:00,5.535,-,-
2022-10-08T17:15:00,5.535,-,-
2022-10-08T17:00:00,5.533,-,-
2022-10-08T16:45:00,5.537,-,-
2022-10-08T16:30:00,5.540,-,-
2022-10-08T16:15:00,5.541,-,-
2022-10-08T16:00:00,5.545,-,-
2022-10-08T15:45:00,5.545,-,-
2022-10-08T15:30:00,5.552,-,-
2022-10-08T15:15:00,5.556,-,-
2022-10-08T15:00:00,5.552,-,-
2022-10-08T14:45:00,5.561,-,-
2022-10-08T14:30:00,5.562,-,-
2022-10-08T14:15:00,5.567,-,-
2022-10-08T14:00:00,5.572,-,-
2022-10-08T13:45:00,5.574,-,-
2022-10-08T13:30:00,5.578,-,-
2022-10-08T13:15:00,5.582,-,-
2022-10-08T13:00:00,5.584,-,-
2022-10-08T12:45:00,5.581,-,-
2022-10-08T12:30:00,5.590,-,-
2022-10-08T12:15:00,5.591,-,-
2022-10-08T12:00:00,5.597,-,-
2022-10-08T11:45:00,5.599,-,-
2022-10-08T11:30:00,5.602,-,-
2022-10-08T11:15:00,5.606,-,-
2022-10-08T11:00:00,5.616,-,-
2022-10-08T10:45:00,5.613,-,-
2022-10-08T10:30:00,5.618,-,-
2022-10-08T10:15:00,5.621,-,-
2022-10-08T10:00:00,5.620,-,-
2022-10-08T09:45:00,5.628,-,-
2022-10-08T09:30:00,5.634,-,-
2022-10-08T09:15:00,5.633,-,-
2022-10-08T09:00:00,5.642,-,-
2022-10-08T08:45:00,5.653,-,-
2022-10-08T08:30:00,5.654,-,-
2022-10-08T08:15:00,5.657,-,-
2022-10-08T08:00:00,5.660,-,-
2022-10-08T07:45:00,5.666,-,-
2022-10-08T07:30:00,5.667,-,-
2022-10-08T07:15:00,5.674,-,-
2022-10-08T07:00:00,5.682,-,-
2022-10-08T06:45:00,5.684,-,-
2022-10-08T06:30:00,5.689,-,-
2022-10-08T06:15:00,5.695,-,-
2022-10-08T06:00:00,5.697,-,-
2022-10-08T05:45:00,5.709,-,-
2022-10-08T05:30:00,5.710,-,-
2022-10-08T05:15:00,5.722,-,-
2022-10-08T05:00:00,5.726,-,-
2022-10-08T04:45:00,5.733,-,-
2022-10-08T04:30:00,5.739,-,-
2022-10-08T04:15:00,5.750,-,-
2022-10-08T04:00:00,5.748,-,-
2022-10-08T03:45:00,5.759,-,-
2022-10-08T03:30:00,5.772,-,-
2022-10-08T03:15:00,5.774,-,-
2022-10-08T03:00:00,5.783,-,-
2022-10-08T02:45:00,5.790,-,-
2022-10-08T02:30:00,5.795,-,-
2022-10-08T02:15:00,5.804,-,-
2022-10-08T02:00:00,5.815,-,-
2022-10-08T01:45:00,5.823,-,-
2022-10-08T01:30:00,5.826,-,-
2022-10-08T01:15:00,5.832,-,-
2022-10-08T01:00:00,5.839,-,-
2022-10-08T00:45:00,5.843,-,-
2022-10-08T00:30:00,5.848,-,-
2022-10-08T00:15:00,5.853,-,-
2022-10-08T00:00:00,5.858,-,-
2022-10-21T23:45:00,4.687,-,-
2022-10-21T23:30:00,4.680,-,-
2022-10-21T23:15:00,4.673,-,-
2022-10-21T23:00:00,4.665,-,-
2022-10-21T22:45:00,4.657,-,-
2022-10-21T22:30:00,4.650,-,-
2022-10-21T22:15:00,4.640,-,-
2022-10-21T22:00:00,4.634,-,-
2022-10-21T21:45:00,4.625,-,-
2022-10-21T21:30:00,4.618,-,-
2022-10-21T21:15:00,4.610,-,-
2022-10-21T21:00:00,4.604,-,-
2022-10-21T20:45:00,4.594,-,-
2022-10-21T20:30:00,4.589,-,-
2022-10-21T20:15:00,4.582,-,-
2022-10-21T20:00:00,4.574,-,-
2022-10-21T19:45:00,4.569,-,-
2022-10-21T19:30:00,4.563,-,-
2022-10-21T19:15:00,4.552,-,-
2022-10-21T19:00:00,4.543,-,-
2022-10-21T18:45:00,4.542,-,-
2022-10-21T18:30:00,4.540,-,-
2022-10-21T18:15:00,4.538,-,-
2022-10-21T18:00:00,4.537,-,-
2022-10-21T17:45:00,4.535,-,-
2022-10-21T17:30:00,4.533,-,-
2022-10-21T17:15:00,4.532,-,-
2022-10-21T17:00:00,4.529,-,-
2022-10-21T16:45:00,4.527,-,-
2022-10-21T16:30:00,4.523,-,-
2022-10-21T16:15:00,4.521,-,-
2022-10-21T16:00:00,4.519,-,-
2022-10-21T15:45:00,4.516,-,-
2022-10-21T15:30:00,4.513,-,-
2022-10-21T15:15:00,4.510,-,-
2022-10-21T15:00:00,4.507,-,-
2022-10-21T14:45:00,4.506,-,-
2022-10-21T14:30:00,4.501,-,-
2022-10-21T14:15:00,4.498,-,-
2022-10-21T14:00:00,4.493,-,-
2022-10-21T13:45:00,4.488,-,-
2022-10-21T13:30:00,4.480,-,-
2022-10-21T13:15:00,4.470,-,-
2022-10-21T13:00:00,4.455,-,-
2022-10-21T12:45:00,4.440,-,-
2022-10-21T12:30:00,4.420,-,-
2022-10-21T12:15:00,4.395,-,-
2022-10-21T12:00:00,4.374,-,-
2022-10-21T11:45:00,4.357,-,-
2022-10-21T11:30:00,4.346,-,-
2022-10-21T11:15:00,4.342,-,-
2022-10-21T11:00:00,4.342,-,-
2022-10-21T10:45:00,4.342,-,-
2022-10-21T10:30:00,4.343,-,-
2022-10-21T10:15:00,4.343,-,-
2022-10-21T10:00:00,4.344,-,-
2022-10-21T09:45:00,4.345,-,-
2022-10-21T09:30:00,4.345,-,-
2022-10-21T09:15:00,4.345,-,-
2022-10-21T09:00:00,4.345,-,-
2022-10-21T08:45:00,4.347,-,-
2022-10-21T08:30:00,4.347,-,-
2022-10-21T08:15:00,4.349,-,-
2022-10-21T08:00:00,4.349,-,-
2022-10-21T07:45:00,4.349,-,-
2022-10-21T07:30:00,4.350,-,-
2022-10-21T07:15:00,4.350,-,-
2022-10-21T07:00:00,4.351,-,-
2022-10-21T06:45:00,4.353,-,-
2022-10-21T06:30:00,4.353,-,-
2022-10-21T06:15:00,4.352,-,-
2022-10-21T06:00:00,4.354,-,-
2022-10-21T05:45:00,4.355,-,-
2022-10-21T05:30:00,4.355,-,-
2022-10-21T05:15:00,4.355,-,-
2022-10-21T05:00:00,4.355,-,-
2022-10-21T04:45:00,4.356,-,-
2022-10-21T04:30:00,4.356,-,-
2022-10-21T04:15:00,4.356,-,-
2022-10-21T04:00:00,4.357,-,-
2022-10-21T03:45:00,4.358,-,-
2022-10-21T03:30:00,4.359,-,-
2022-10-21T03:15:00,4.359,-,-
2022-10-21T03:00:00,4.360,-,-
2022-10-21T02:45:00,4.361,-,-
2022-10-21T02:30:00,4.361,-,-
2022-10-21T02:15:00,4.362,-,-
2022-10-21T02:00:00,4.363,-,-
2022-10-21T01:45:00,4.364,-,-
2022-10-21T01:30:00,4.364,-,-
2022-10-21T01:15:00,4.365,-,-
2022-10-21T01:00:00,4.366,-,-
2022-10-21T00:45:00,4.367,-,-
2022-10-21T00:30:00,4.367,-,-
2022-10-21T00:15:00,4.368,-,-
2022-10-21T00:00:00,4.369,-,-
2022-10-20T23:45:00,4.370,-,-
2022-10-20T23:30:00,4.370,-,-
2022-10-20T23:15:00,4.371,-,-
2022-10-20T23:00:00,4.372,-,-
2022-10-20T22:45:00,4.374,-,-
2022-10-20T22:30:00,4.374,-,-
2022-10-20T22:15:00,4.375,-,-
2022-10-20T22:00:00,4.375,-,-
2022-10-20T21:45:00,4.376,-,-
2022-10-20T21:30:00,4.377,-,-
2022-10-20T21:15:00,4.379,-,-
2022-10-20T21:00:00,4.381,-,-
2022-10-20T20:45:00,4.381,-,-
2022-10-20T20:30:00,4.383,-,-
2022-10-20T20:15:00,4.385,-,-
2022-10-20T20:00:00,4.386,-,-
2022-10-20T19:45:00,4.387,-,-
2022-10-20T19:30:00,4.387,-,-
2022-10-20T19:15:00,4.388,-,-
2022-10-20T19:00:00,4.388,-,-
2022-10-20T18:45:00,4.390,-,-
2022-10-20T18:30:00,4.391,-,-
2022-10-20T18:15:00,4.393,-,-
2022-10-20T18:00:00,4.393,-,-
2022-10-20T17:45:00,4.394,-,-
2022-10-20T17:30:00,4.396,-,-
2022-10-20T17:15:00,4.397,-,-
2022-10-20T17:00:00,4.398,-,-
2022-10-20T16:45:00,4.398,-,-
2022-10-20T16:30:00,4.399,-,-
2022-10-20T16:15:00,4.401,-,-
2022-10-20T16:00:00,4.401,-,-
2022-10-20T15:45:00,4.402,-,-
2022-10-20T15:30:00,4.402,-,-
2022-10-20T15:15:00,4.404,-,-
2022-10-20T15:00:00,4.404,-,-
2022-10-20T14:45:00,4.405,-,-
2022-10-20T14:30:00,4.405,-,-
2022-10-20T14:15:00,4.406,-,-
2022-10-20T14:00:00,4.407,-,-
2022-10-20T13:45:00,4.408,-,-
2022-10-20T13:30:00,4.410,-,-
2022-10-20T13:15:00,4.411,-,-
2022-10-20T13:00:00,4.412,-,-
2022-10-20T12:45:00,4.413,-,-
2022-10-20T12:30:00,4.415,-,-
2022-10-20T12:15:00,4.415,-,-
2022-10-20T12:00:00,4.416,-,-
2022-10-20T11:45:00,4.417,-,-
2022-10-20T11:30:00,4.418,-,-
2022-10-20T11:15:00,4.417,-,-
2022-10-20T11:00:00,4.418,-,-
2022-10-20T10:45:00,4.420,-,-
2022-10-20T10:30:00,4.420,-,-
2022-10-20T10:15:00,4.421,-,-
2022-10-20T10:00:00,4.421,-,-
2022-10-20T09:45:00,4.423,-,-
2022-10-20T09:30:00,4.423,-,-
2022-10-20T09:15:00,4.425,-,-
2022-10-20T09:00:00,4.425,-,-
2022-10-20T08:45:00,4.426,-,-
2022-10-20T08:30:00,4.427,-,-
2022-10-20T08:15:00,4.428,-,-
2022-10-20T08:00:00,4.429,-,-
2022-10-20T07:45:00,4.429,-,-
2022-10-20T07:30:00,4.431,-,-
2022-10-20T07:15:00,4.431,-,-
2022-10-20T07:00:00,4.432,-,-
2022-10-20T06:45:00,4.433,-,-
2022-10-20T06:30:00,4.435,-,-
2022-10-20T06:15:00,4.437,-,-
2022-10-20T06:00:00,4.437,-,-
2022-10-20T05:45:00,4.438,-,-
2022-10-20T05:30:00,4.440,-,-
2022-10-20T05:15:00,4.442,-,-
2022-10-20T05:00:00,4.443,-,-
2022-10-20T04:45:00,4.444,-,-
2022-10-20T04:30:00,4.446,-,-
2022-10-20T04:15:00,4.447,-,-
2022-10-20T04:00:00,4.449,-,-
2022-10-20T03:45:00,4.451,-,-
2022-10-20T03:30:00,4.453,-,-
2022-10-20T03:15:00,4.454,-,-
2022-10-20T03:00:00,4.455,-,-
2022-10-20T02:45:00,4.457,-,-
2022-10-20T02:30:00,4.460,-,-
2022-10-20T02:15:00,4.460,-,-
2022-10-20T02:00:00,4.462,-,-
2022-10-20T01:45:00,4.465,-,-
2022-10-20T01:30:00,4.466,-,-
2022-10-20T01:15:00,4.467,-,-
2022-10-20T01:00:00,4.469,-,-
2022-10-20T00:45:00,4.472,-,-
2022-10-20T00:30:00,4.473,-,-
2022-10-20T00:15:00,4.475,-,-
2022-10-20T00:00:00,4.476,-,-
2022-10-19T23:45:00,4.479,-,-
2022-10-19T23:30:00,4.481,-,-
2022-10-19T23:15:00,4.482,-,-
2022-10-19T23:00:00,4.484,-,-
2022-10-19T22:45:00,4.486,-,-
2022-10-19T22:30:00,4.488,-,-
2022-10-19T22:15:00,4.490,-,-
2022-10-19T22:00:00,4.492,-,-
2022-10-19T21:45:00,4.494,-,-
2022-10-19T21:30:00,4.496,-,-
2022-10-19T21:15:00,4.497,-,-
2022-10-19T21:00:00,4.499,-,-
2022-10-19T20:45:00,4.500,-,-
2022-10-19T20:30:00,4.502,-,-
2022-10-19T20:15:00,4.504,-,-
2022-10-19T20:00:00,4.505,-,-
2022-10-19T19:45:00,4.507,-,-
2022-10-19T19:30:00,4.508,-,-
2022-10-19T19:15:00,4.509,-,-
2022-10-19T19:00:00,4.510,-,-
2022-10-19T18:45:00,4.512,-,-
2022-10-19T18:30:00,4.513,-,-
2022-10-19T18:15:00,4.520,-,-
2022-10-19T18:00:00,4.526,-,-
2022-10-19T17:45:00,4.536,-,-
2022-10-19T17:30:00,4.546,-,-
2022-10-19T17:15:00,4.554,-,-
2022-10-19T17:00:00,4.564,-,-
2022-10-19T16:45:00,4.573,-,-
2022-10-19T16:30:00,4.581,-,-
2022-10-19T16:15:00,4.590,-,-
2022-10-19T16:00:00,4.599,-,-
2022-10-19T15:45:00,4.606,-,-
2022-10-19T15:30:00,4.615,-,-
2022-10-19T15:15:00,4.624,-,-
2022-10-19T15:00:00,4.631,-,-
2022-10-19T14:45:00,4.641,-,-
2022-10-19T14:30:00,4.649,-,-
2022-10-19T14:15:00,4.658,-,-
2022-10-19T14:00:00,4.666,-,-
2022-10-19T13:45:00,4.676,-,-
2022-10-19T13:30:00,4.685,-,-
2022-10-19T13:15:00,4.694,-,-
2022-10-19T13:00:00,4.703,-,-
2022-10-19T12:45:00,4.712,-,-
2022-10-19T12:30:00,4.722,-,-
2022-10-19T12:15:00,4.732,-,-
2022-10-19T12:00:00,4.743,-,-
2022-10-19T11:45:00,4.752,-,-
2022-10-19T11:30:00,4.762,-,-
2022-10-19T11:15:00,4.775,-,-
2022-10-19T11:00:00,4.784,-,-
2022-10-19T10:45:00,4.796,-,-
2022-10-19T10:30:00,4.804,-,-
2022-10-19T10:15:00,4.812,-,-
2022-10-19T10:00:00,4.820,-,-
2022-10-19T09:45:00,4.829,-,-
2022-10-19T09:30:00,4.838,-,-
2022-10-19T09:15:00,4.852,-,-
2022-10-19T09:00:00,4.872,-,-
2022-10-19T08:45:00,4.873,-,-
2022-10-19T08:30:00,4.874,-,-
2022-10-19T08:15:00,4.876,-,-
2022-10-19T08:00:00,4.875,-,-
2022-10-19T07:45:00,4.878,-,-
2022-10-19T07:30:00,4.879,-,-
2022-10-19T07:15:00,4.880,-,-
2022-10-19T07:00:00,4.881,-,-
2022-10-19T06:45:00,4.881,-,-
2022-10-19T06:30:00,4.882,-,-
2022-10-19T06:15:00,4.884,-,-
2022-10-19T06:00:00,4.885,-,-
2022-10-19T05:45:00,4.886,-,-
2022-10-19T05:30:00,4.889,-,-
2022-10-19T05:15:00,4.886,-,-
2022-10-19T05:00:00,4.884,-,-
2022-10-19T04:45:00,4.882,-,-
2022-10-19T04:30:00,4.880,-,-
2022-10-19T04:15:00,4.877,-,-
2022-10-19T04:00:00,4.875,-,-
2022-10-19T03:45:00,4.873,-,-
2022-10-19T03:30:00,4.870,-,-
2022-10-19T03:15:00,4.868,-,-
2022-10-19T03:00:00,4.865,-,-
2022-10-19T02:45:00,4.862,-,-
2022-10-19T02:30:00,4.859,-,-
2022-10-19T02:15:00,4.857,-,-
2022-10-19T02:00:00,4.855,-,-
2022-10-19T01:45:00,4.852,-,-
2022-10-19T01:30:00,4.850,-,-
2022-10-19T01:15:00,4.846,-,-
2022-10-19T01:00:00,4.844,-,-
2022-10-19T00:45:00,4.841,-,-
2022-10-19T00:30:00,4.839,-,-
2022-10-19T00:15:00,4.837,-,-
2022-10-19T00:00:00,4.834,-,-
2022-10-18T23:45:00,4.832,-,-
2022-10-18T23:30:00,4.829,-,-
2022-10-18T23:15:00,4.825,-,-
2022-10-18T23:00:00,4.823,-,-
2022-10-18T22:45:00,4.819,-,-
2022-10-18T22:30:00,4.816,-,-
2022-10-18T22:15:00,4.813,-,-
2022-10-18T22:00:00,4.811,-,-
2022-10-18T21:45:00,4.808,-,-
2022-10-18T21:30:00,4.808,-,-
2022-10-18T21:15:00,4.802,-,-
2022-10-18T21:00:00,4.795,-,-
2022-10-18T20:45:00,4.795,-,-
2022-10-18T20:30:00,4.786,-,-
2022-10-18T20:15:00,4.790,-,-
2022-10-18T20:00:00,4.795,-,-
2022-10-18T19:45:00,4.799,-,-
2022-10-18T19:30:00,4.803,-,-
2022-10-18T19:15:00,4.808,-,-
2022-10-18T19:00:00,4.812,-,-
2022-10-18T18:45:00,4.817,-,-
2022-10-18T18:30:00,4.822,-,-
2022-10-18T18:15:00,4.827,-,-
2022-10-18T18:00:00,4.833,-,-
2022-10-18T17:45:00,4.837,-,-
2022-10-18T17:30:00,4.842,-,-
2022-10-18T17:15:00,4.847,-,-
2022-10-18T17:00:00,4.853,-,-
2022-10-18T16:45:00,4.858,-,-
2022-10-18T16:30:00,4.865,-,-
2022-10-18T16:15:00,4.871,-,-
2022-10-18T16:00:00,4.878,-,-
2022-10-18T15:45:00,4.885,-,-
2022-10-18T15:30:00,4.893,-,-
2022-10-18T15:15:00,4.901,-,-
2022-10-18T15:00:00,4.911,-,-
2022-10-18T14:45:00,4.923,-,-
2022-10-18T14:30:00,4.933,-,-
2022-10-18T14:15:00,4.944,-,-
2022-10-18T14:00:00,4.960,-,-
2022-10-18T13:45:00,4.971,-,-
2022-10-18T13:30:00,4.978,-,-
2022-10-18T13:15:00,4.979,-,-
2022-10-18T13:00:00,4.976,-,-
2022-10-18T12:45:00,4.970,-,-
2022-10-18T12:30:00,4.961,-,-
2022-10-18T12:15:00,4.953,-,-
2022-10-18T12:00:00,4.946,-,-
2022-10-18T11:45:00,4.939,-,-
2022-10-18T11:30:00,4.930,-,-
2022-10-18T11:15:00,4.923,-,-
2022-10-18T11:00:00,4.917,-,-
2022-10-18T10:45:00,4.910,-,-
2022-10-18T10:30:00,4.897,-,-
2022-10-18T10:15:00,4.889,-,-
2022-10-18T10:00:00,4.890,-,-
2022-10-18T09:45:00,4.889,-,-
2022-10-18T09:30:00,4.891,-,-
2022-10-18T09:15:00,4.890,-,-
2022-10-18T09:00:00,4.889,-,-
2022-10-18T08:45:00,4.891,-,-
2022-10-18T08:30:00,4.893,-,-
2022-10-18T08:15:00,4.893,-,-
2022-10-18T08:00:00,4.891,-,-
2022-10-18T07:45:00,4.894,-,-
2022-10-18T07:30:00,4.895,-,-
2022-10-18T07:15:00,4.892,-,-
2022-10-18T07:00:00,4.898,-,-
2022-10-18T06:45:00,4.898,-,-
2022-10-18T06:30:00,4.903,-,-
2022-10-18T06:15:00,4.907,-,-
2022-10-18T06:00:00,4.909,-,-
2022-10-18T05:45:00,4.914,-,-
2022-10-18T05:30:00,4.918,-,-
2022-10-18T05:15:00,4.921,-,-
2022-10-18T05:00:00,4.926,-,-
2022-10-18T04:45:00,4.931,-,-
2022-10-18T04:30:00,4.932,-,-
2022-10-18T04:15:00,4.939,-,-
2022-10-18T04:00:00,4.943,-,-
2022-10-18T03:45:00,4.948,-,-
2022-10-18T03:30:00,4.950,-,-
2022-10-18T03:15:00,4.958,-,-
2022-10-18T03:00:00,4.964,-,-
2022-10-18T02:45:00,4.967,-,-
2022-10-18T02:30:00,4.973,-,-
2022-10-18T02:15:00,4.979,-,-
2022-10-18T02:00:00,4.983,-,-
2022-10-18T01:45:00,4.988,-,-
2022-10-18T01:30:00,4.995,-,-
2022-10-18T01:15:00,4.999,-,-
2022-10-18T01:00:00,5.007,-,-
2022-10-18T00:45:00,5.013,-,-
2022-10-18T00:30:00,5.020,-,-
2022-10-18T00:15:00,5.027,-,-
2022-10-18T00:00:00,5.034,-,-
2022-10-17T23:45:00,5.040,-,-
2022-10-17T23:30:00,5.046,-,-
2022-10-17T23:15:00,5.052,-,-
2022-10-17T23:00:00,5.060,-,-
2022-10-17T22:45:00,5.067,-,-
2022-10-17T22:30:00,5.077,-,-
2022-10-17T22:15:00,5.088,-,-
2022-10-17T22:00:00,5.092,-,-
2022-10-17T21:45:00,5.089,-,-
2022-10-17T21:30:00,5.087,-,-
2022-10-17T21:15:00,5.079,-,-
2022-10-17T21:00:00,5.070,-,-
2022-10-17T20:45:00,5.063,-,-
2022-10-17T20:30:00,5.058,-,-
2022-10-17T20:15:00,5.051,-,-
2022-10-17T20:00:00,5.043,-,-
2022-10-17T19:45:00,5.036,-,-
2022-10-17T19:30:00,5.028,-,-
2022-10-17T19:15:00,5.018,-,-
2022-10-17T19:00:00,5.006,-,-
2022-10-17T18:45:00,4.998,-,-
2022-10-17T18:30:00,4.983,-,-
2022-10-17T18:15:00,4.966,-,-
2022-10-17T18:00:00,4.943,-,-
2022-10-17T17:45:00,4.918,-,-
2022-10-17T17:30:00,4.890,-,-
2022-10-17T17:15:00,4.863,-,-
2022-10-17T17:00:00,4.839,-,-
2022-10-17T16:45:00,4.826,-,-
2022-10-17T16:30:00,4.819,-,-
2022-10-17T16:15:00,4.815,-,-
2022-10-17T16:00:00,4.811,-,-
2022-10-17T15:45:00,4.807,-,-
2022-10-17T15:30:00,4.802,-,-
2022-10-17T15:15:00,4.801,-,-
2022-10-17T15:00:00,4.797,-,-
2022-10-17T14:45:00,4.790,-,-
2022-10-17T14:30:00,4.785,-,-
2022-10-17T14:15:00,4.779,-,-
2022-10-17T14:00:00,4.777,-,-
2022-10-17T13:45:00,4.777,-,-
2022-10-17T13:30:00,4.775,-,-
2022-10-17T13:15:00,4.773,-,-
2022-10-17T13:00:00,4.775,-,-
2022-10-17T12:45:00,4.771,-,-
2022-10-17T12:30:00,4.769,-,-
2022-10-17T12:15:00,4.768,-,-
2022-10-17T12:00:00,4.766,-,-
2022-10-17T11:45:00,4.771,-,-
2022-10-17T11:30:00,4.775,-,-
2022-10-17T11:15:00,4.780,-,-
2022-10-17T11:00:00,4.784,-,-
2022-10-17T10:45:00,4.789,-,-
2022-10-17T10:30:00,4.792,-,-
2022-10-17T10:15:00,4.799,-,-
2022-10-17T10:00:00,4.800,-,-
2022-10-17T09:45:00,4.801,-,-
2022-10-17T09:30:00,4.802,-,-
2022-10-17T09:15:00,4.804,-,-
2022-10-17T09:00:00,4.805,-,-
2022-10-17T08:45:00,4.806,-,-
2022-10-17T08:30:00,4.807,-,-
2022-10-17T08:15:00,4.809,-,-
2022-10-17T08:00:00,4.810,-,-
2022-10-17T07:45:00,4.811,-,-
2022-10-17T07:30:00,4.812,-,-
2022-10-17T07:15:00,4.813,-,-
2022-10-17T07:00:00,4.815,-,-
2022-10-17T06:45:00,4.815,-,-
2022-10-17T06:30:00,4.817,-,-
2022-10-17T06:15:00,4.819,-,-
2022-10-17T06:00:00,4.819,-,-
2022-10-17T05:45:00,4.820,-,-
2022-10-17T05:30:00,4.822,-,-
2022-10-17T05:15:00,4.822,-,-
2022-10-17T05:00:00,4.825,-,-
2022-10-17T04:45:00,4.826,-,-
2022-10-17T04:30:00,4.827,-,-
2022-10-17T04:15:00,4.828,-,-
2022-10-17T04:00:00,4.829,-,-
2022-10-17T03:45:00,4.832,-,-
2022-10-17T03:30:00,4.832,-,-
2022-10-17T03:15:00,4.833,-,-
2022-10-17T03:00:00,4.835,-,-
2022-10-17T02:45:00,4.836,-,-
2022-10-17T02:30:00,4.838,-,-
2022-10-17T02:15:00,4.837,-,-
2022-10-17T02:00:00,4.840,-,-
2022-10-17T01:45:00,4.841,-,-
2022-10-17T01:30:00,4.842,-,-
2022-10-17T01:15:00,4.843,-,-
2022-10-17T01:00:00,4.844,-,-
2022-10-17T00:45:00,4.846,-,-
2022-10-17T00:30:00,4.847,-,-
2022-10-17T00:15:00,4.847,-,-
2022-10-17T00:00:00,4.850,-,-
2022-10-16T23:45:00,4.850,-,-
2022-10-16T23:30:00,4.851,-,-
2022-10-16T23:15:00,4.853,-,-
2022-10-16T23:00:00,4.853,-,-
2022-10-16T22:45:00,4.856,-,-
2022-10-16T22:30:00,4.856,-,-
2022-10-16T22:15:00,4.858,-,-
2022-10-16T22:00:00,4.860,-,-
2022-10-16T21:45:00,4.860,-,-
2022-10-16T21:30:00,4.863,-,-
2022-10-16T21:15:00,4.863,-,-
2022-10-16T21:00:00,4.866,-,-
2022-10-16T20:45:00,4.866,-,-
2022-10-16T20:30:00,4.869,-,-
2022-10-16T20:15:00,4.868,-,-
2022-10-16T20:00:00,4.870,-,-
2022-10-16T19:45:00,4.872,-,-
2022-10-16T19:30:00,4.874,-,-
2022-10-16T19:15:00,4.875,-,-
2022-10-16T19:00:00,4.877,-,-
2022-10-16T18:45:00,4.878,-,-
2022-10-16T18:30:00,4.880,-,-
2022-10-16T18:15:00,4.882,-,-
2022-10-16T18:00:00,4.884,-,-
2022-10-16T17:45:00,4.886,-,-
2022-10-16T17:30:00,4.887,-,-
2022-10-16T17:15:00,4.888,-,-
2022-10-16T17:00:00,4.890,-,-
2022-10-16T16:45:00,4.894,-,-
2022-10-16T16:30:00,4.893,-,-
2022-10-16T16:15:00,4.897,-,-
2022-10-16T16:00:00,4.897,-,-
2022-10-16T15:45:00,4.896,-,-
2022-10-16T15:30:00,4.895,-,-
2022-10-16T15:15:00,4.894,-,-
2022-10-16T15:00:00,4.893,-,-
2022-10-16T14:45:00,4.893,-,-
2022-10-16T14:30:00,4.891,-,-
2022-10-16T14:15:00,4.892,-,-
2022-10-16T14:00:00,4.891,-,-
2022-10-16T13:45:00,4.892,-,-
2022-10-16T13:30:00,4.892,-,-
2022-10-16T13:15:00,4.896,-,-
2022-10-16T13:00:00,4.902,-,-
2022-10-16T12:45:00,4.910,-,-
2022-10-16T12:30:00,4.921,-,-
2022-10-16T12:15:00,4.935,-,-
2022-10-16T12:00:00,4.949,-,-
2022-10-16T11:45:00,4.965,-,-
2022-10-16T11:30:00,4.978,-,-
2022-10-16T11:15:00,4.987,-,-
2022-10-16T11:00:00,4.988,-,-
2022-10-16T10:45:00,4.983,-,-
2022-10-16T10:30:00,4.974,-,-
2022-10-16T10:15:00,4.963,-,-
2022-10-16T10:00:00,4.948,-,-
2022-10-16T09:45:00,4.936,-,-
2022-10-16T09:30:00,4.925,-,-
2022-10-16T09:15:00,4.914,-,-
2022-10-16T09:00:00,4.901,-,-
2022-10-16T08:45:00,4.888,-,-
2022-10-16T08:30:00,4.871,-,-
2022-10-16T08:15:00,4.851,-,-
2022-10-16T08:00:00,4.828,-,-
2022-10-16T07:45:00,4.802,-,-
2022-10-16T07:30:00,4.765,-,-
2022-10-16T07:15:00,4.713,-,-
2022-10-16T07:00:00,4.676,-,-
2022-10-16T06:45:00,4.641,-,-
2022-10-16T06:30:00,4.621,-,-
2022-10-16T06:15:00,4.618,-,-
2022-10-16T06:00:00,4.620,-,-
2022-10-16T05:45:00,4.624,-,-
2022-10-16T05:30:00,4.627,-,-
2022-10-16T05:15:00,4.631,-,-
2022-10-16T05:00:00,4.635,-,-
2022-10-16T04:45:00,4.638,-,-
2022-10-16T04:30:00,4.641,-,-
2022-10-16T04:15:00,4.646,-,-
2022-10-16T04:00:00,4.652,-,-
2022-10-16T03:45:00,4.655,-,-
2022-10-16T03:30:00,4.658,-,-
2022-10-16T03:15:00,4.663,-,-
2022-10-16T03:00:00,4.668,-,-
2022-10-16T02:45:00,4.673,-,-
2022-10-16T02:30:00,4.678,-,-
2022-10-16T02:15:00,4.682,-,-
2022-10-16T02:00:00,4.687,-,-
2022-10-16T01:45:00,4.691,-,-
2022-10-16T01:30:00,4.697,-,-
2022-10-16T01:15:00,4.701,-,-
2022-10-16T01:00:00,4.704,-,-
2022-10-16T00:45:00,4.711,-,-
2022-10-16T00:30:00,4.717,-,-
2022-10-16T00:15:00,4.723,-,-
2022-10-16T00:00:00,4.728,-,-
2022-10-15T23:45:00,4.734,-,-
2022-10-15T23:30:00,4.741,-,-
2022-10-15T23:15:00,4.747,-,-
2022-10-15T23:00:00,4.756,-,-
2022-10-15T22:45:00,4.765,-,-
2022-10-15T22:30:00,4.774,-,-
2022-10-15T22:15:00,4.788,-,-
2022-10-15T22:00:00,4.804,-,-
2022-10-15T21:45:00,4.824,-,-
2022-10-15T21:30:00,4.848,-,-
2022-10-15T21:15:00,4.878,-,-
2022-10-15T21:00:00,4.907,-,-
2022-10-15T20:45:00,4.942,-,-
2022-10-15T20:30:00,4.980,-,-
2022-10-15T20:15:00,5.012,-,-
2022-10-15T20:00:00,5.038,-,-
2022-10-15T19:45:00,5.046,-,-
2022-10-15T19:30:00,5.050,-,-
2022-10-15T19:15:00,5.049,-,-
2022-10-15T19:00:00,5.048,-,-
2022-10-15T18:45:00,5.047,-,-
2022-10-15T18:30:00,5.043,-,-
2022-10-15T18:15:00,5.039,-,-
2022-10-15T18:00:00,5.034,-,-
2022-10-15T17:45:00,5.031,-,-
2022-10-15T17:30:00,5.026,-,-
2022-10-15T17:15:00,5.025,-,-
2022-10-15T17:00:00,5.020,-,-
2022-10-15T16:45:00,5.013,-,-
2022-10-15T16:30:00,5.014,-,-
2022-10-15T16:15:00,5.007,-,-
2022-10-15T16:00:00,5.005,-,-
2022-10-15T15:45:00,5.001,-,-
2022-10-15T15:30:00,4.995,-,-
2022-10-15T15:15:00,4.991,-,-
2022-10-15T15:00:00,4.987,-,-
2022-10-15T14:45:00,4.983,-,-
2022-10-15T14:30:00,4.981,-,-
2022-10-15T14:15:00,4.973,-,-
2022-10-15T14:00:00,4.968,-,-
2022-10-15T13:45:00,4.967,-,-
2022-10-15T13:30:00,4.958,-,-
2022-10-15T13:15:00,4.958,-,-
2022-10-15T13:00:00,4.949,-,-
2022-10-15T12:45:00,4.942,-,-
2022-10-15T12:30:00,4.936,-,-
2022-10-15T12:15:00,4.931,-,-
2022-10-15T12:00:00,4.923,-,-
2022-10-15T11:45:00,4.914,-,-
2022-10-15T11:30:00,4.904,-,-
2022-10-15T11:15:00,4.883,-,-
2022-10-15T11:00:00,4.870,-,-
2022-10-15T10:45:00,4.845,-,-
2022-10-15T10:30:00,4.816,-,-
2022-10-15T10:15:00,4.785,-,-
2022-10-15T10:00:00,4.735,-,-
2022-10-15T09:45:00,4.685,-,-
2022-10-15T09:30:00,4.635,-,-
2022-10-15T09:15:00,4.591,-,-
2022-10-15T09:00:00,4.567,-,-
2022-10-15T08:45:00,4.561,-,-
2022-10-15T08:30:00,4.558,-,-
2022-10-15T08:15:00,4.560,-,-
2022-10-15T08:00:00,4.559,-,-
2022-10-15T07:45:00,4.557,-,-
2022-10-15T07:30:00,4.558,-,-
2022-10-15T07:15:00,4.557,-,-
2022-10-15T07:00:00,4.561,-,-
2022-10-15T06:45:00,4.560,-,-
2022-10-15T06:30:00,4.560,-,-
2022-10-15T06:15:00,4.562,-,-
2022-10-15T06:00:00,4.561,-,-
2022-10-15T05:45:00,4.562,-,-
2022-10-15T05:30:00,4.562,-,-
2022-10-15T05:15:00,4.562,-,-
2022-10-15T05:00:00,4.563,-,-
2022-10-15T04:45:00,4.563,-,-
2022-10-15T04:30:00,4.563,-,-
2022-10-15T04:15:00,4.565,-,-
2022-10-15T04:00:00,4.565,-,-
2022-10-15T03:45:00,4.566,-,-
2022-10-15T03:30:00,4.566,-,-
2022-10-15T03:15:00,4.567,-,-
2022-10-15T03:00:00,4.566,-,-
2022-10-15T02:45:00,4.567,-,-
2022-10-15T02:30:00,4.570,-,-
2022-10-15T02:15:00,4.568,-,-
2022-10-15T02:00:00,4.568,-,-
2022-10-15T01:45:00,4.568,-,-
2022-10-15T01:30:00,4.569,-,-
2022-10-15T01:15:00,4.570,-,-
2022-10-15T01:00:00,4.571,-,-
2022-10-15T00:45:00,4.572,-,-
2022-10-15T00:30:00,4.572,-,-
2022-10-15T00:15:00,4.572,-,-
2022-10-15T00:00:00,4.572,-,-
2022-10-28T23:45:00,4.677,-,-
2022-10-28T23:30:00,4.676,-,-
2022-10-28T23:15:00,4.676,-,-
2022-10-28T23:00:00,4.675,-,-
2022-10-28T22:45:00,4.674,-,-
2022-10-28T22:30:00,4.672,-,-
2022-10-28T22:15:00,4.671,-,-
2022-10-28T22:00:00,4.670,-,-
2022-10-28T21:45:00,4.669,-,-
2022-10-28T21:30:00,4.668,-,-
2022-10-28T21:15:00,4.667,-,-
2022-10-28T21:00:00,4.666,-,-
2022-10-28T20:45:00,4.665,-,-
2022-10-28T20:30:00,4.664,-,-
2022-10-28T20:15:00,4.663,-,-
2022-10-28T20:00:00,4.662,-,-
2022-10-28T19:45:00,4.661,-,-
2022-10-28T19:30:00,4.661,-,-
2022-10-28T19:15:00,4.660,-,-
2022-10-28T19:00:00,4.659,-,-
2022-10-28T18:45:00,4.657,-,-
2022-10-28T18:30:00,4.656,-,-
2022-10-28T18:15:00,4.655,-,-
2022-10-28T18:00:00,4.654,-,-
2022-10-28T17:45:00,4.653,-,-
2022-10-28T17:30:00,4.652,-,-
2022-10-28T17:15:00,4.652,-,-
2022-10-28T17:00:00,4.650,-,-
2022-10-28T16:45:00,4.649,-,-
2022-10-28T16:30:00,4.649,-,-
2022-10-28T16:15:00,4.648,-,-
2022-10-28T16:00:00,4.646,-,-
2022-10-28T15:45:00,4.645,-,-
2022-10-28T15:30:00,4.645,-,-
2022-10-28T15:15:00,4.644,-,-
2022-10-28T15:00:00,4.642,-,-
2022-10-28T14:45:00,4.640,-,-
2022-10-28T14:30:00,4.639,-,-
2022-10-28T14:15:00,4.638,-,-
2022-10-28T14:00:00,4.637,-,-
2022-10-28T13:45:00,4.637,-,-
2022-10-28T13:30:00,4.635,-,-
2022-10-28T13:15:00,4.635,-,-
2022-10-28T13:00:00,4.633,-,-
2022-10-28T12:45:00,4.631,-,-
2022-10-28T12:30:00,4.631,-,-
2022-10-28T12:15:00,4.630,-,-
2022-10-28T12:00:00,4.628,-,-
2022-10-28T11:45:00,4.626,-,-
2022-10-28T11:30:00,4.625,-,-
2022-10-28T11:15:00,4.624,-,-
2022-10-28T11:00:00,4.623,-,-
2022-10-28T10:45:00,4.622,-,-
2022-10-28T10:30:00,4.621,-,-
2022-10-28T10:15:00,4.620,-,-
2022-10-28T10:00:00,4.618,-,-
2022-10-28T09:45:00,4.617,-,-
2022-10-28T09:30:00,4.616,-,-
2022-10-28T09:15:00,4.615,-,-
2022-10-28T09:00:00,4.614,-,-
2022-10-28T08:45:00,4.613,-,-
2022-10-28T08:30:00,4.611,-,-
2022-10-28T08:15:00,4.610,-,-
2022-10-28T08:00:00,4.607,-,-
2022-10-28T07:45:00,4.605,-,-
2022-10-28T07:30:00,4.606,-,-
2022-10-28T07:15:00,4.603,-,-
2022-10-28T07:00:00,4.605,-,-
2022-10-28T06:45:00,4.608,-,-
2022-10-28T06:30:00,4.609,-,-
2022-10-28T06:15:00,4.611,-,-
2022-10-28T06:00:00,4.614,-,-
2022-10-28T05:45:00,4.615,-,-
2022-10-28T05:30:00,4.617,-,-
2022-10-28T05:15:00,4.619,-,-
2022-10-28T05:00:00,4.621,-,-
2022-10-28T04:45:00,4.624,-,-
2022-10-28T04:30:00,4.626,-,-
2022-10-28T04:15:00,4.628,-,-
2022-10-28T04:00:00,4.630,-,-
2022-10-28T03:45:00,4.632,-,-
2022-10-28T03:30:00,4.635,-,-
2022-10-28T03:15:00,4.637,-,-
2022-10-28T03:00:00,4.639,-,-
2022-10-28T02:45:00,4.641,-,-
2022-10-28T02:30:00,4.643,-,-
2022-10-28T02:15:00,4.645,-,-
2022-10-28T02:00:00,4.648,-,-
2022-10-28T01:45:00,4.650,-,-
2022-10-28T01:30:00,4.652,-,-
2022-10-28T01:15:00,4.655,-,-
2022-10-28T01:00:00,4.657,-,-
2022-10-28T00:45:00,4.659,-,-
2022-10-28T00:30:00,4.662,-,-
2022-10-28T00:15:00,4.664,-,-
2022-10-28T00:00:00,4.667,-,-
2022-10-27T23:45:00,4.668,-,-
2022-10-27T23:30:00,4.671,-,-
2022-10-27T23:15:00,4.674,-,-
2022-10-27T23:00:00,4.676,-,-
2022-10-27T22:45:00,4.679,-,-
2022-10-27T22:30:00,4.681,-,-
2022-10-27T22:15:00,4.682,-,-
2022-10-27T22:00:00,4.684,-,-
2022-10-27T21:45:00,4.687,-,-
2022-10-27T21:30:00,4.689,-,-
2022-10-27T21:15:00,4.691,-,-
2022-10-27T21:00:00,4.694,-,-
2022-10-27T20:45:00,4.696,-,-
2022-10-27T20:30:00,4.698,-,-
2022-10-27T20:15:00,4.700,-,-
2022-10-27T20:00:00,4.702,-,-
2022-10-27T19:45:00,4.705,-,-
2022-10-27T19:30:00,4.708,-,-
2022-10-27T19:15:00,4.710,-,-
2022-10-27T19:00:00,4.712,-,-
2022-10-27T18:45:00,4.715,-,-
2022-10-27T18:30:00,4.716,-,-
2022-10-27T18:15:00,4.719,-,-
2022-10-27T18:00:00,4.722,-,-
2022-10-27T17:45:00,4.725,-,-
2022-10-27T17:30:00,4.725,-,-
2022-10-27T17:15:00,4.728,-,-
2022-10-27T17:00:00,4.730,-,-
2022-10-27T16:45:00,4.732,-,-
2022-10-27T16:30:00,4.735,-,-
2022-10-27T16:15:00,4.737,-,-
2022-10-27T16:00:00,4.739,-,-
2022-10-27T15:45:00,4.741,-,-
2022-10-27T15:30:00,4.742,-,-
2022-10-27T15:15:00,4.745,-,-
2022-10-27T15:00:00,4.747,-,-
2022-10-27T14:45:00,4.748,-,-
2022-10-27T14:30:00,4.751,-,-
2022-10-27T14:15:00,4.753,-,-
2022-10-27T14:00:00,4.755,-,-
2022-10-27T13:45:00,4.756,-,-
2022-10-27T13:30:00,4.757,-,-
2022-10-27T13:15:00,4.757,-,-
2022-10-27T13:00:00,4.759,-,-
2022-10-27T12:45:00,4.761,-,-
2022-10-27T12:30:00,4.761,-,-
2022-10-27T12:15:00,4.761,-,-
2022-10-27T12:00:00,4.760,-,-
2022-10-27T11:45:00,4.759,-,-
2022-10-27T11:30:00,4.757,-,-
2022-10-27T11:15:00,4.755,-,-
2022-10-27T11:00:00,4.751,-,-
2022-10-27T10:45:00,4.745,-,-
2022-10-27T10:30:00,4.741,-,-
2022-10-27T10:15:00,4.737,-,-
2022-10-27T10:00:00,4.733,-,-
2022-10-27T09:45:00,4.731,-,-
2022-10-27T09:30:00,4.729,-,-
2022-10-27T09:15:00,4.727,-,-
2022-10-27T09:00:00,4.725,-,-
2022-10-27T08:45:00,4.720,-,-
2022-10-27T08:30:00,4.717,-,-
2022-10-27T08:15:00,4.714,-,-
2022-10-27T08:00:00,4.709,-,-
2022-10-27T07:45:00,4.706,-,-
2022-10-27T07:30:00,4.701,-,-
2022-10-27T07:15:00,4.697,-,-
2022-10-27T07:00:00,4.693,-,-
2022-10-27T06:45:00,4.689,-,-
2022-10-27T06:30:00,4.686,-,-
2022-10-27T06:15:00,4.684,-,-
2022-10-27T06:00:00,4.682,-,-
2022-10-27T05:45:00,4.679,-,-
2022-10-27T05:30:00,4.677,-,-
2022-10-27T05:15:00,4.676,-,-
2022-10-27T05:00:00,4.674,-,-
2022-10-27T04:45:00,4.674,-,-
2022-10-27T04:30:00,4.673,-,-
2022-10-27T04:15:00,4.670,-,-
2022-10-27T04:00:00,4.668,-,-
2022-10-27T03:45:00,4.666,-,-
2022-10-27T03:30:00,4.665,-,-
2022-10-27T03:15:00,4.665,-,-
2022-10-27T03:00:00,4.664,-,-
2022-10-27T02:45:00,4.660,-,-
2022-10-27T02:30:00,4.659,-,-
2022-10-27T02:15:00,4.656,-,-
2022-10-27T02:00:00,4.653,-,-
2022-10-27T01:45:00,4.647,-,-
2022-10-27T01:30:00,4.644,-,-
2022-10-27T01:15:00,4.640,-,-
2022-10-27T01:00:00,4.639,-,-
2022-10-27T00:45:00,4.638,-,-
2022-10-27T00:30:00,4.636,-,-
2022-10-27T00:15:00,4.634,-,-
2022-10-27T00:00:00,4.634,-,-
2022-10-26T23:45:00,4.632,-,-
2022-10-26T23:30:00,4.631,-,-
2022-10-26T23:15:00,4.629,-,-
2022-10-26T23:00:00,4.628,-,-
2022-10-26T22:45:00,4.627,-,-
2022-10-26T22:30:00,4.627,-,-
2022-10-26T22:15:00,4.625,-,-
2022-10-26T22:00:00,4.624,-,-
2022-10-26T21:45:00,4.623,-,-
2022-10-26T21:30:00,4.621,-,-
2022-10-26T21:15:00,4.619,-,-
2022-10-26T21:00:00,4.618,-,-
2022-10-26T20:45:00,4.617,-,-
2022-10-26T20:30:00,4.616,-,-
2022-10-26T20:15:00,4.615,-,-
2022-10-26T20:00:00,4.613,-,-
2022-10-26T19:45:00,4.612,-,-
2022-10-26T19:30:00,4.611,-,-
2022-10-26T19:15:00,4.610,-,-
2022-10-26T19:00:00,4.610,-,-
2022-10-26T18:45:00,4.608,-,-
2022-10-26T18:30:00,4.607,-,-
2022-10-26T18:15:00,4.606,-,-
2022-10-26T18:00:00,4.605,-,-
2022-10-26T17:45:00,4.604,-,-
2022-10-26T17:30:00,4.601,-,-
2022-10-26T17:15:00,4.599,-,-
2022-10-26T17:00:00,4.597,-,-
2022-10-26T16:45:00,4.595,-,-
2022-10-26T16:30:00,4.589,-,-
2022-10-26T16:15:00,4.587,-,-
2022-10-26T16:00:00,4.587,-,-
2022-10-26T15:45:00,4.583,-,-
2022-10-26T15:30:00,4.588,-,-
2022-10-26T15:15:00,4.587,-,-
2022-10-26T15:00:00,4.586,-,-
2022-10-26T14:45:00,4.586,-,-
2022-10-26T14:30:00,4.586,-,-
2022-10-26T14:15:00,4.585,-,-
2022-10-26T14:00:00,4.585,-,-
2022-10-26T13:45:00,4.583,-,-
2022-10-26T13:30:00,4.582,-,-
2022-10-26T13:15:00,4.582,-,-
2022-10-26T13:00:00,4.579,-,-
2022-10-26T12:45:00,4.579,-,-
2022-10-26T12:30:00,4.577,-,-
2022-10-26T12:15:00,4.576,-,-
2022-10-26T12:00:00,4.574,-,-
2022-10-26T11:45:00,4.574,-,-
2022-10-26T11:30:00,4.572,-,-
2022-10-26T11:15:00,4.572,-,-
2022-10-26T11:00:00,4.571,-,-
2022-10-26T10:45:00,4.571,-,-
2022-10-26T10:30:00,4.571,-,-
2022-10-26T10:15:00,4.571,-,-
2022-10-26T10:00:00,4.572,-,-
2022-10-26T09:45:00,4.570,-,-
2022-10-26T09:30:00,4.568,-,-
2022-10-26T09:15:00,4.566,-,-
2022-10-26T09:00:00,4.565,-,-
2022-10-26T08:45:00,4.562,-,-
2022-10-26T08:30:00,4.560,-,-
2022-10-26T08:15:00,4.558,-,-
2022-10-26T08:00:00,4.556,-,-
2022-10-26T07:45:00,4.555,-,-
2022-10-26T07:30:00,4.552,-,-
2022-10-26T07:15:00,4.550,-,-
2022-10-26T07:00:00,4.548,-,-
2022-10-26T06:45:00,4.545,-,-
2022-10-26T06:30:00,4.542,-,-
2022-10-26T06:15:00,4.540,-,-
2022-10-26T06:00:00,4.537,-,-
2022-10-26T05:45:00,4.534,-,-
2022-10-26T05:30:00,4.532,-,-
2022-10-26T05:15:00,4.528,-,-
2022-10-26T05:00:00,4.525,-,-
2022-10-26T04:45:00,4.523,-,-
2022-10-26T04:30:00,4.520,-,-
2022-10-26T04:15:00,4.518,-,-
2022-10-26T04:00:00,4.515,-,-
2022-10-26T03:45:00,4.512,-,-
2022-10-26T03:30:00,4.510,-,-
2022-10-26T03:15:00,4.506,-,-
2022-10-26T03:00:00,4.503,-,-
2022-10-26T02:45:00,4.500,-,-
2022-10-26T02:30:00,4.497,-,-
2022-10-26T02:15:00,4.495,-,-
2022-10-26T02:00:00,4.492,-,-
2022-10-26T01:45:00,4.490,-,-
2022-10-26T01:30:00,4.487,-,-
2022-10-26T01:15:00,4.484,-,-
2022-10-26T01:00:00,4.481,-,-
2022-10-26T00:45:00,4.478,-,-
2022-10-26T00:30:00,4.476,-,-
2022-10-26T00:15:00,4.472,-,-
2022-10-26T00:00:00,4.469,-,-
2022-10-25T23:45:00,4.466,-,-
2022-10-25T23:30:00,4.463,-,-
2022-10-25T23:15:00,4.460,-,-
2022-10-25T23:00:00,4.457,-,-
2022-10-25T22:45:00,4.455,-,-
2022-10-25T22:30:00,4.452,-,-
2022-10-25T22:15:00,4.448,-,-
2022-10-25T22:00:00,4.445,-,-
2022-10-25T21:45:00,4.443,-,-
2022-10-25T21:30:00,4.440,-,-
2022-10-25T21:15:00,4.437,-,-
2022-10-25T21:00:00,4.433,-,-
2022-10-25T20:45:00,4.432,-,-
2022-10-25T20:30:00,4.429,-,-
2022-10-25T20:15:00,4.427,-,-
2022-10-25T20:00:00,4.423,-,-
2022-10-25T19:45:00,4.420,-,-
2022-10-25T19:30:00,4.417,-,-
2022-10-25T19:15:00,4.413,-,-
2022-10-25T19:00:00,4.411,-,-
2022-10-25T18:45:00,4.407,-,-
2022-10-25T18:30:00,4.406,-,-
2022-10-25T18:15:00,4.403,-,-
2022-10-25T18:00:00,4.398,-,-
2022-10-25T17:45:00,4.394,-,-
2022-10-25T17:30:00,4.390,-,-
2022-10-25T17:15:00,4.386,-,-
2022-10-25T17:00:00,4.380,-,-
2022-10-25T16:45:00,4.375,-,-
2022-10-25T16:30:00,4.371,-,-
2022-10-25T16:15:00,4.366,-,-
2022-10-25T16:00:00,4.363,-,-
2022-10-25T15:45:00,4.358,-,-
2022-10-25T15:30:00,4.355,-,-
2022-10-25T15:15:00,4.349,-,-
2022-10-25T15:00:00,4.345,-,-
2022-10-25T14:45:00,4.341,-,-
2022-10-25T14:30:00,4.336,-,-
2022-10-25T14:15:00,4.331,-,-
2022-10-25T14:00:00,4.327,-,-
2022-10-25T13:45:00,4.322,-,-
2022-10-25T13:30:00,4.318,-,-
2022-10-25T13:15:00,4.314,-,-
2022-10-25T13:00:00,4.310,-,-
2022-10-25T12:45:00,4.306,-,-
2022-10-25T12:30:00,4.302,-,-
2022-10-25T12:15:00,4.299,-,-
2022-10-25T12:00:00,4.294,-,-
2022-10-25T11:45:00,4.290,-,-
2022-10-25T11:30:00,4.286,-,-
2022-10-25T11:15:00,4.281,-,-
2022-10-25T11:00:00,4.277,-,-
2022-10-25T10:45:00,4.272,-,-
2022-10-25T10:30:00,4.269,-,-
2022-10-25T10:15:00,4.265,-,-
2022-10-25T10:00:00,4.261,-,-
2022-10-25T09:45:00,4.257,-,-
2022-10-25T09:30:00,4.253,-,-
2022-10-25T09:15:00,4.248,-,-
2022-10-25T09:00:00,4.243,-,-
2022-10-25T08:45:00,4.239,-,-
2022-10-25T08:30:00,4.236,-,-
2022-10-25T08:15:00,4.233,-,-
2022-10-25T08:00:00,4.229,-,-
2022-10-25T07:45:00,4.227,-,-
2022-10-25T07:30:00,4.227,-,-
2022-10-25T07:15:00,4.219,-,-
2022-10-25T07:00:00,4.209,-,-
2022-10-25T06:45:00,4.211,-,-
2022-10-25T06:30:00,4.212,-,-
2022-10-25T06:15:00,4.214,-,-
2022-10-25T06:00:00,4.216,-,-
2022-10-25T05:45:00,4.217,-,-
2022-10-25T05:30:00,4.219,-,-
2022-10-25T05:15:00,4.221,-,-
2022-10-25T05:00:00,4.222,-,-
2022-10-25T04:45:00,4.224,-,-
2022-10-25T04:30:00,4.226,-,-
2022-10-25T04:15:00,4.227,-,-
2022-10-25T04:00:00,4.228,-,-
2022-10-25T03:45:00,4.230,-,-
2022-10-25T03:30:00,4.232,-,-
2022-10-25T03:15:00,4.235,-,-
2022-10-25T03:00:00,4.236,-,-
2022-10-25T02:45:00,4.238,-,-
2022-10-25T02:30:00,4.239,-,-
2022-10-25T02:15:00,4.242,-,-
2022-10-25T02:00:00,4.243,-,-
2022-10-25T01:45:00,4.246,-,-
2022-10-25T01:30:00,4.248,-,-
2022-10-25T01:15:00,4.250,-,-
2022-10-25T01:00:00,4.252,-,-
2022-10-25T00:45:00,4.255,-,-
2022-10-25T00:30:00,4.257,-,-
2022-10-25T00:15:00,4.259,-,-
2022-10-25T00:00:00,4.261,-,-
2022-10-24T23:45:00,4.263,-,-
2022-10-24T23:30:00,4.266,-,-
2022-10-24T23:15:00,4.267,-,-
2022-10-24T23:00:00,4.272,-,-
2022-10-24T22:45:00,4.273,-,-
2022-10-24T22:30:00,4.275,-,-
2022-10-24T22:15:00,4.277,-,-
2022-10-24T22:00:00,4.280,-,-
2022-10-24T21:45:00,4.283,-,-
2022-10-24T21:30:00,4.286,-,-
2022-10-24T21:15:00,4.289,-,-
2022-10-24T21:00:00,4.292,-,-
2022-10-24T20:45:00,4.294,-,-
2022-10-24T20:30:00,4.297,-,-
2022-10-24T20:15:00,4.299,-,-
2022-10-24T20:00:00,4.301,-,-
2022-10-24T19:45:00,4.303,-,-
2022-10-24T19:30:00,4.309,-,-
2022-10-24T19:15:00,4.308,-,-
2022-10-24T19:00:00,4.310,-,-
2022-10-24T18:45:00,4.312,-,-
2022-10-24T18:30:00,4.315,-,-
2022-10-24T18:15:00,4.317,-,-
2022-10-24T18:00:00,4.321,-,-
2022-10-24T17:45:00,4.324,-,-
2022-10-24T17:30:00,4.326,-,-
2022-10-24T17:15:00,4.329,-,-
2022-10-24T17:00:00,4.332,-,-
2022-10-24T16:45:00,4.336,-,-
2022-10-24T16:30:00,4.339,-,-
2022-10-24T16:15:00,4.342,-,-
2022-10-24T16:00:00,4.346,-,-
2022-10-24T15:45:00,4.349,-,-
2022-10-24T15:30:00,4.352,-,-
2022-10-24T15:15:00,4.355,-,-
2022-10-24T15:00:00,4.359,-,-
2022-10-24T14:45:00,4.360,-,-
2022-10-24T14:30:00,4.365,-,-
2022-10-24T14:15:00,4.367,-,-
2022-10-24T14:00:00,4.371,-,-
2022-10-24T13:45:00,4.375,-,-
2022-10-24T13:30:00,4.379,-,-
2022-10-24T13:15:00,4.383,-,-
2022-10-24T13:00:00,4.388,-,-
2022-10-24T12:45:00,4.394,-,-
2022-10-24T12:30:00,4.399,-,-
2022-10-24T12:15:00,4.405,-,-
2022-10-24T12:00:00,4.412,-,-
2022-10-24T11:45:00,4.422,-,-
2022-10-24T11:30:00,4.432,-,-
2022-10-24T11:15:00,4.443,-,-
2022-10-24T11:00:00,4.458,-,-
2022-10-24T10:45:00,4.474,-,-
2022-10-24T10:30:00,4.490,-,-
2022-10-24T10:15:00,4.503,-,-
2022-10-24T10:00:00,4.515,-,-
2022-10-24T09:45:00,4.523,-,-
2022-10-24T09:30:00,4.529,-,-
2022-10-24T09:15:00,4.531,-,-
2022-10-24T09:00:00,4.529,-,-
2022-10-24T08:45:00,4.529,-,-
2022-10-24T08:30:00,4.531,-,-
2022-10-24T08:15:00,4.531,-,-
2022-10-24T08:00:00,4.530,-,-
2022-10-24T07:45:00,4.530,-,-
2022-10-24T07:30:00,4.531,-,-
2022-10-24T07:15:00,4.529,-,-
2022-10-24T07:00:00,4.530,-,-
2022-10-24T06:45:00,4.529,-,-
2022-10-24T06:30:00,4.528,-,-
2022-10-24T06:15:00,4.528,-,-
2022-10-24T06:00:00,4.526,-,-
2022-10-24T05:45:00,4.527,-,-
2022-10-24T05:30:00,4.526,-,-
2022-10-24T05:15:00,4.525,-,-
2022-10-24T05:00:00,4.524,-,-
2022-10-24T04:45:00,4.523,-,-
2022-10-24T04:30:00,4.523,-,-
2022-10-24T04:15:00,4.523,-,-
2022-10-24T04:00:00,4.522,-,-
2022-10-24T03:45:00,4.522,-,-
2022-10-24T03:30:00,4.521,-,-
2022-10-24T03:15:00,4.521,-,-
2022-10-24T03:00:00,4.521,-,-
2022-10-24T02:45:00,4.518,-,-
2022-10-24T02:30:00,4.517,-,-
2022-10-24T02:15:00,4.517,-,-
2022-10-24T02:00:00,4.518,-,-
2022-10-24T01:45:00,4.516,-,-
2022-10-24T01:30:00,4.515,-,-
2022-10-24T01:15:00,4.515,-,-
2022-10-24T01:00:00,4.514,-,-
2022-10-24T00:45:00,4.513,-,-
2022-10-24T00:30:00,4.513,-,-
2022-10-24T00:15:00,4.512,-,-
2022-10-24T00:00:00,4.512,-,-
2022-10-23T23:45:00,4.511,-,-
2022-10-23T23:30:00,4.511,-,-
2022-10-23T23:15:00,4.511,-,-
2022-10-23T23:00:00,4.508,-,-
2022-10-23T22:45:00,4.507,-,-
2022-10-23T22:30:00,4.507,-,-
2022-10-23T22:15:00,4.505,-,-
2022-10-23T22:00:00,4.505,-,-
2022-10-23T21:45:00,4.505,-,-
2022-10-23T21:30:00,4.504,-,-
2022-10-23T21:15:00,4.502,-,-
2022-10-23T21:00:00,4.503,-,-
2022-10-23T20:45:00,4.501,-,-
2022-10-23T20:30:00,4.501,-,-
2022-10-23T20:15:00,4.501,-,-
2022-10-23T20:00:00,4.499,-,-
2022-10-23T19:45:00,4.498,-,-
2022-10-23T19:30:00,4.495,-,-
2022-10-23T19:15:00,4.494,-,-
2022-10-23T19:00:00,4.494,-,-
2022-10-23T18:45:00,4.494,-,-
2022-10-23T18:30:00,4.487,-,-
2022-10-23T18:15:00,4.489,-,-
2022-10-23T18:00:00,4.486,-,-
2022-10-23T17:45:00,4.486,-,-
2022-10-23T17:30:00,4.484,-,-
2022-10-23T17:15:00,4.484,-,-
2022-10-23T17:00:00,4.482,-,-
2022-10-23T16:45:00,4.480,-,-
2022-10-23T16:30:00,4.479,-,-
2022-10-23T16:15:00,4.476,-,-
2022-10-23T16:00:00,4.473,-,-
2022-10-23T15:45:00,4.468,-,-
2022-10-23T15:30:00,4.463,-,-
2022-10-23T15:15:00,4.455,-,-
2022-10-23T15:00:00,4.444,-,-
2022-10-23T14:45:00,4.432,-,-
2022-10-23T14:30:00,4.417,-,-
2022-10-23T14:15:00,4.398,-,-
2022-10-23T14:00:00,4.379,-,-
2022-10-23T13:45:00,4.363,-,-
2022-10-23T13:30:00,4.355,-,-
2022-10-23T13:15:00,4.353,-,-
2022-10-23T13:00:00,4.353,-,-
2022-10-23T12:45:00,4.356,-,-
2022-10-23T12:30:00,4.358,-,-
2022-10-23T12:15:00,4.361,-,-
2022-10-23T12:00:00,4.364,-,-
2022-10-23T11:45:00,4.366,-,-
2022-10-23T11:30:00,4.367,-,-
2022-10-23T11:15:00,4.369,-,-
2022-10-23T11:00:00,4.371,-,-
2022-10-23T10:45:00,4.373,-,-
2022-10-23T10:30:00,4.376,-,-
2022-10-23T10:15:00,4.377,-,-
2022-10-23T10:00:00,4.379,-,-
2022-10-23T09:45:00,4.382,-,-
2022-10-23T09:30:00,4.383,-,-
2022-10-23T09:15:00,4.387,-,-
2022-10-23T09:00:00,4.392,-,-
2022-10-23T08:45:00,4.395,-,-
2022-10-23T08:30:00,4.401,-,-
2022-10-23T08:15:00,4.406,-,-
2022-10-23T08:00:00,4.410,-,-
2022-10-23T07:45:00,4.414,-,-
2022-10-23T07:30:00,4.420,-,-
2022-10-23T07:15:00,4.424,-,-
2022-10-23T07:00:00,4.428,-,-
2022-10-23T06:45:00,4.432,-,-
2022-10-23T06:30:00,4.437,-,-
2022-10-23T06:15:00,4.442,-,-
2022-10-23T06:00:00,4.446,-,-
2022-10-23T05:45:00,4.451,-,-
2022-10-23T05:30:00,4.456,-,-
2022-10-23T05:15:00,4.461,-,-
2022-10-23T05:00:00,4.467,-,-
2022-10-23T04:45:00,4.472,-,-
2022-10-23T04:30:00,4.477,-,-
2022-10-23T04:15:00,4.482,-,-
2022-10-23T04:00:00,4.487,-,-
2022-10-23T03:45:00,4.492,-,-
2022-10-23T03:30:00,4.497,-,-
2022-10-23T03:15:00,4.503,-,-
2022-10-23T03:00:00,4.509,-,-
2022-10-23T02:45:00,4.515,-,-
2022-10-23T02:30:00,4.521,-,-
2022-10-23T02:15:00,4.526,-,-
2022-10-23T02:00:00,4.533,-,-
2022-10-23T01:45:00,4.539,-,-
2022-10-23T01:30:00,4.545,-,-
2022-10-23T01:15:00,4.551,-,-
2022-10-23T01:00:00,4.556,-,-
2022-10-23T00:45:00,4.562,-,-
2022-10-23T00:30:00,4.568,-,-
2022-10-23T00:15:00,4.575,-,-
2022-10-23T00:00:00,4.580,-,-
2022-10-22T23:45:00,4.586,-,-
2022-10-22T23:30:00,4.593,-,-
2022-10-22T23:15:00,4.600,-,-
2022-10-22T23:00:00,4.606,-,-
2022-10-22T22:45:00,4.613,-,-
2022-10-22T22:30:00,4.619,-,-
2022-10-22T22:15:00,4.625,-,-
2022-10-22T22:00:00,4.633,-,-
2022-10-22T21:45:00,4.640,-,-
2022-10-22T21:30:00,4.647,-,-
2022-10-22T21:15:00,4.653,-,-
2022-10-22T21:00:00,4.661,-,-
2022-10-22T20:45:00,4.668,-,-
2022-10-22T20:30:00,4.675,-,-
2022-10-22T20:15:00,4.682,-,-
2022-10-22T20:00:00,4.689,-,-
2022-10-22T19:45:00,4.696,-,-
2022-10-22T19:30:00,4.703,-,-
2022-10-22T19:15:00,4.711,-,-
2022-10-22T19:00:00,4.718,-,-
2022-10-22T18:45:00,4.727,-,-
2022-10-22T18:30:00,4.734,-,-
2022-10-22T18:15:00,4.743,-,-
2022-10-22T18:00:00,4.752,-,-
2022-10-22T17:45:00,4.762,-,-
2022-10-22T17:30:00,4.772,-,-
2022-10-22T17:15:00,4.782,-,-
2022-10-22T17:00:00,4.795,-,-
2022-10-22T16:45:00,4.807,-,-
2022-10-22T16:30:00,4.823,-,-
2022-10-22T16:15:00,4.838,-,-
2022-10-22T16:00:00,4.854,-,-
2022-10-22T15:45:00,4.868,-,-
2022-10-22T15:30:00,4.880,-,-
2022-10-22T15:15:00,4.888,-,-
2022-10-22T15:00:00,4.895,-,-
2022-10-22T14:45:00,4.899,-,-
2022-10-22T14:30:00,4.904,-,-
2022-10-22T14:15:00,4.907,-,-
2022-10-22T14:00:00,4.912,-,-
2022-10-22T13:45:00,4.916,-,-
2022-10-22T13:30:00,4.921,-,-
2022-10-22T13:15:00,4.925,-,-
2022-10-22T13:00:00,4.929,-,-
2022-10-22T12:45:00,4.935,-,-
2022-10-22T12:30:00,4.940,-,-
2022-10-22T12:15:00,4.945,-,-
2022-10-22T12:00:00,4.951,-,-
2022-10-22T11:45:00,4.964,-,-
2022-10-22T11:30:00,4.971,-,-
2022-10-22T11:15:00,4.970,-,-
2022-10-22T11:00:00,4.966,-,-
2022-10-22T10:45:00,4.964,-,-
2022-10-22T10:30:00,4.960,-,-
2022-10-22T10:15:00,4.957,-,-
2022-10-22T10:00:00,4.955,-,-
2022-10-22T09:45:00,4.952,-,-
2022-10-22T09:30:00,4.951,-,-
2022-10-22T09:15:00,4.948,-,-
2022-10-22T09:00:00,4.944,-,-
2022-10-22T08:45:00,4.941,-,-
2022-10-22T08:30:00,4.933,-,-
2022-10-22T08:15:00,4.929,-,-
2022-10-22T08:00:00,4.922,-,-
2022-10-22T07:45:00,4.917,-,-
2022-10-22T07:30:00,4.911,-,-
2022-10-22T07:15:00,4.906,-,-
2022-10-22T07:00:00,4.899,-,-
2022-10-22T06:45:00,4.893,-,-
2022-10-22T06:30:00,4.884,-,-
2022-10-22T06:15:00,4.878,-,-
2022-10-22T06:00:00,4.869,-,-
2022-10-22T05:45:00,4.863,-,-
2022-10-22T05:30:00,4.856,-,-
2022-10-22T05:15:00,4.849,-,-
2022-10-22T05:00:00,4.841,-,-
2022-10-22T04:45:00,4.836,-,-
2022-10-22T04:30:00,4.828,-,-
2022-10-22T04:15:00,4.818,-,-
2022-10-22T04:00:00,4.811,-,-
2022-10-22T03:45:00,4.804,-,-
2022-10-22T03:30:00,4.798,-,-
2022-10-22T03:15:00,4.791,-,-
2022-10-22T03:00:00,4.782,-,-
2022-10-22T02:45:00,4.776,-,-
2022-10-22T02:30:00,4.769,-,-
2022-10-22T02:15:00,4.761,-,-
2022-10-22T02:00:00,4.754,-,-
2022-10-22T01:45:00,4.746,-,-
2022-10-22T01:30:00,4.739,-,-
2022-10-22T01:15:00,4.732,-,-
2022-10-22T01:00:00,4.724,-,-
2022-10-22T00:45:00,4.716,-,-
2022-10-22T00:30:00,4.709,-,-
2022-10-22T00:15:00,4.701,-,-
2022-10-22T00:00:00,4.695,-,-
2022-11-04T23:45:00,4.560,-,-
2022-11-04T23:30:00,4.560,-,-
2022-11-04T23:15:00,4.561,-,-
2022-11-04T23:00:00,4.560,-,-
2022-11-04T22:45:00,4.561,-,-
2022-11-04T22:30:00,4.561,-,-
2022-11-04T22:15:00,4.561,-,-
2022-11-04T22:00:00,4.561,-,-
2022-11-04T21:45:00,4.561,-,-
2022-11-04T21:30:00,4.561,-,-
2022-11-04T21:15:00,4.561,-,-
2022-11-04T21:00:00,4.561,-,-
2022-11-04T20:45:00,4.561,-,-
2022-11-04T20:30:00,4.561,-,-
2022-11-04T20:15:00,4.561,-,-
2022-11-04T20:00:00,4.561,-,-
2022-11-04T19:45:00,4.561,-,-
2022-11-04T19:30:00,4.561,-,-
2022-11-04T19:15:00,4.561,-,-
2022-11-04T19:00:00,4.562,-,-
2022-11-04T18:45:00,4.562,-,-
2022-11-04T18:30:00,4.562,-,-
2022-11-04T18:15:00,4.562,-,-
2022-11-04T18:00:00,4.563,-,-
2022-11-04T17:45:00,4.563,-,-
2022-11-04T17:30:00,4.563,-,-
2022-11-04T17:15:00,4.563,-,-
2022-11-04T17:00:00,4.563,-,-
2022-11-04T16:45:00,4.563,-,-
2022-11-04T16:30:00,4.563,-,-
2022-11-04T16:15:00,4.562,-,-
2022-11-04T16:00:00,4.563,-,-
2022-11-04T15:45:00,4.563,-,-
2022-11-04T15:30:00,4.562,-,-
2022-11-04T15:15:00,4.562,-,-
2022-11-04T15:00:00,4.562,-,-
2022-11-04T14:45:00,4.561,-,-
2022-11-04T14:30:00,4.561,-,-
2022-11-04T14:15:00,4.561,-,-
2022-11-04T14:00:00,4.561,-,-
2022-11-04T13:45:00,4.561,-,-
2022-11-04T13:30:00,4.561,-,-
2022-11-04T13:15:00,4.562,-,-
2022-11-04T13:00:00,4.561,-,-
2022-11-04T12:45:00,4.562,-,-
2022-11-04T12:30:00,4.561,-,-
2022-11-04T12:15:00,4.561,-,-
2022-11-04T12:00:00,4.560,-,-
2022-11-04T11:45:00,4.561,-,-
2022-11-04T11:30:00,4.560,-,-
2022-11-04T11:15:00,4.561,-,-
2022-11-04T11:00:00,4.560,-,-
2022-11-04T10:45:00,4.560,-,-
2022-11-04T10:30:00,4.560,-,-
2022-11-04T10:15:00,4.560,-,-
2022-11-04T10:00:00,4.561,-,-
2022-11-04T09:45:00,4.560,-,-
2022-11-04T09:30:00,4.561,-,-
2022-11-04T09:15:00,4.561,-,-
2022-11-04T09:00:00,4.561,-,-
2022-11-04T08:45:00,4.561,-,-
2022-11-04T08:30:00,4.561,-,-
2022-11-04T08:15:00,4.561,-,-
2022-11-04T08:00:00,4.561,-,-
2022-11-04T07:45:00,4.561,-,-
2022-11-04T07:30:00,4.561,-,-
2022-11-04T07:15:00,4.561,-,-
2022-11-04T07:00:00,4.561,-,-
2022-11-04T06:45:00,4.561,-,-
2022-11-04T06:30:00,4.561,-,-
2022-11-04T06:15:00,4.561,-,-
2022-11-04T06:00:00,4.560,-,-
2022-11-04T05:45:00,4.560,-,-
2022-11-04T05:30:00,4.560,-,-
2022-11-04T05:15:00,4.560,-,-
2022-11-04T05:00:00,4.559,-,-
2022-11-04T04:45:00,4.559,-,-
2022-11-04T04:30:00,4.559,-,-
2022-11-04T04:15:00,4.559,-,-
2022-11-04T04:00:00,4.559,-,-
2022-11-04T03:45:00,4.558,-,-
2022-11-04T03:30:00,4.559,-,-
2022-11-04T03:15:00,4.558,-,-
2022-11-04T03:00:00,4.557,-,-
2022-11-04T02:45:00,4.557,-,-
2022-11-04T02:30:00,4.556,-,-
2022-11-04T02:15:00,4.555,-,-
2022-11-04T02:00:00,4.555,-,-
2022-11-04T01:45:00,4.554,-,-
2022-11-04T01:30:00,4.554,-,-
2022-11-04T01:15:00,4.554,-,-
2022-11-04T01:00:00,4.554,-,-
2022-11-04T00:45:00,4.554,-,-
2022-11-04T00:30:00,4.554,-,-
2022-11-04T00:15:00,4.553,-,-
2022-11-04T00:00:00,4.551,-,-
2022-11-03T23:45:00,4.551,-,-
2022-11-03T23:30:00,4.552,-,-
2022-11-03T23:15:00,4.551,-,-
2022-11-03T23:00:00,4.550,-,-
2022-11-03T22:45:00,4.550,-,-
2022-11-03T22:30:00,4.551,-,-
2022-11-03T22:15:00,4.551,-,-
2022-11-03T22:00:00,4.550,-,-
2022-11-03T21:45:00,4.550,-,-
2022-11-03T21:30:00,4.550,-,-
2022-11-03T21:15:00,4.551,-,-
2022-11-03T21:00:00,4.551,-,-
2022-11-03T20:45:00,4.551,-,-
2022-11-03T20:30:00,4.551,-,-
2022-11-03T20:15:00,4.550,-,-
2022-11-03T20:00:00,4.549,-,-
2022-11-03T19:45:00,4.547,-,-
2022-11-03T19:30:00,4.547,-,-
2022-11-03T19:15:00,4.546,-,-
2022-11-03T19:00:00,4.546,-,-
2022-11-03T18:45:00,4.547,-,-
2022-11-03T18:30:00,4.547,-,-
2022-11-03T18:15:00,4.547,-,-
2022-11-03T18:00:00,4.546,-,-
2022-11-03T17:45:00,4.545,-,-
2022-11-03T17:30:00,4.545,-,-
2022-11-03T17:15:00,4.544,-,-
2022-11-03T17:00:00,4.543,-,-
2022-11-03T16:45:00,4.541,-,-
2022-11-03T16:30:00,4.541,-,-
2022-11-03T16:15:00,4.539,-,-
2022-11-03T16:00:00,4.538,-,-
2022-11-03T15:45:00,4.538,-,-
2022-11-03T15:30:00,4.537,-,-
2022-11-03T15:15:00,4.537,-,-
2022-11-03T15:00:00,4.535,-,-
2022-11-03T14:45:00,4.533,-,-
2022-11-03T14:30:00,4.531,-,-
2022-11-03T14:15:00,4.531,-,-
2022-11-03T14:00:00,4.531,-,-
2022-11-03T13:45:00,4.528,-,-
2022-11-03T13:30:00,4.527,-,-
2022-11-03T13:15:00,4.526,-,-
2022-11-03T13:00:00,4.526,-,-
2022-11-03T12:45:00,4.524,-,-
2022-11-03T12:30:00,4.523,-,-
2022-11-03T12:15:00,4.521,-,-
2022-11-03T12:00:00,4.520,-,-
2022-11-03T11:45:00,4.519,-,-
2022-11-03T11:30:00,4.517,-,-
2022-11-03T11:15:00,4.515,-,-
2022-11-03T11:00:00,4.513,-,-
2022-11-03T10:45:00,4.513,-,-
2022-11-03T10:30:00,4.512,-,-
2022-11-03T10:15:00,4.510,-,-
2022-11-03T10:00:00,4.508,-,-
2022-11-03T09:45:00,4.506,-,-
2022-11-03T09:30:00,4.505,-,-
2022-11-03T09:15:00,4.504,-,-
2022-11-03T09:00:00,4.504,-,-
2022-11-03T08:45:00,4.503,-,-
2022-11-03T08:30:00,4.502,-,-
2022-11-03T08:15:00,4.502,-,-
2022-11-03T08:00:00,4.500,-,-
2022-11-03T07:45:00,4.497,-,-
2022-11-03T07:30:00,4.495,-,-
2022-11-03T07:15:00,4.493,-,-
2022-11-03T07:00:00,4.493,-,-
2022-11-03T06:45:00,4.493,-,-
2022-11-03T06:30:00,4.494,-,-
2022-11-03T06:15:00,4.494,-,-
2022-11-03T06:00:00,4.494,-,-
2022-11-03T05:45:00,4.494,-,-
2022-11-03T05:30:00,4.494,-,-
2022-11-03T05:15:00,4.494,-,-
2022-11-03T05:00:00,4.495,-,-
2022-11-03T04:45:00,4.495,-,-
2022-11-03T04:30:00,4.495,-,-
2022-11-03T04:15:00,4.494,-,-
2022-11-03T04:00:00,4.495,-,-
2022-11-03T03:45:00,4.495,-,-
2022-11-03T03:30:00,4.495,-,-
2022-11-03T03:15:00,4.496,-,-
2022-11-03T03:00:00,4.496,-,-
2022-11-03T02:45:00,4.496,-,-
2022-11-03T02:30:00,4.497,-,-
2022-11-03T02:15:00,4.496,-,-
2022-11-03T02:00:00,4.497,-,-
2022-11-03T01:45:00,4.497,-,-
2022-11-03T01:30:00,4.498,-,-
2022-11-03T01:15:00,4.497,-,-
2022-11-03T01:00:00,4.498,-,-
2022-11-03T00:45:00,4.498,-,-
2022-11-03T00:30:00,4.499,-,-
2022-11-03T00:15:00,4.498,-,-
2022-11-03T00:00:00,4.498,-,-
2022-11-02T23:45:00,4.499,-,-
2022-11-02T23:30:00,4.498,-,-
2022-11-02T23:15:00,4.499,-,-
2022-11-02T23:00:00,4.500,-,-
2022-11-02T22:45:00,4.499,-,-
2022-11-02T22:30:00,4.499,-,-
2022-11-02T22:15:00,4.499,-,-
2022-11-02T22:00:00,4.500,-,-
2022-11-02T21:45:00,4.501,-,-
2022-11-02T21:30:00,4.501,-,-
2022-11-02T21:15:00,4.501,-,-
2022-11-02T21:00:00,4.501,-,-
2022-11-02T20:45:00,4.501,-,-
2022-11-02T20:30:00,4.501,-,-
2022-11-02T20:15:00,4.502,-,-
2022-11-02T20:00:00,4.501,-,-
2022-11-02T19:45:00,4.502,-,-
2022-11-02T19:30:00,4.503,-,-
2022-11-02T19:15:00,4.503,-,-
2022-11-02T19:00:00,4.504,-,-
2022-11-02T18:45:00,4.504,-,-
2022-11-02T18:30:00,4.504,-,-
2022-11-02T18:15:00,4.506,-,-
2022-11-02T18:00:00,4.505,-,-
2022-11-02T17:45:00,4.506,-,-
2022-11-02T17:30:00,4.506,-,-
2022-11-02T17:15:00,4.506,-,-
2022-11-02T17:00:00,4.507,-,-
2022-11-02T16:45:00,4.507,-,-
2022-11-02T16:30:00,4.508,-,-
2022-11-02T16:15:00,4.508,-,-
2022-11-02T16:00:00,4.509,-,-
2022-11-02T15:45:00,4.509,-,-
2022-11-02T15:30:00,4.510,-,-
2022-11-02T15:15:00,4.509,-,-
2022-11-02T15:00:00,4.509,-,-
2022-11-02T14:45:00,4.510,-,-
2022-11-02T14:30:00,4.510,-,-
2022-11-02T14:15:00,4.511,-,-
2022-11-02T14:00:00,4.511,-,-
2022-11-02T13:45:00,4.511,-,-
2022-11-02T13:30:00,4.511,-,-
2022-11-02T13:15:00,4.512,-,-
2022-11-02T13:00:00,4.512,-,-
2022-11-02T12:45:00,4.512,-,-
2022-11-02T12:30:00,4.512,-,-
2022-11-02T12:15:00,4.512,-,-
2022-11-02T12:00:00,4.513,-,-
2022-11-02T11:45:00,4.513,-,-
2022-11-02T11:30:00,4.514,-,-
2022-11-02T11:15:00,4.514,-,-
2022-11-02T11:00:00,4.514,-,-
2022-11-02T10:45:00,4.514,-,-
2022-11-02T10:30:00,4.515,-,-
2022-11-02T10:15:00,4.515,-,-
2022-11-02T10:00:00,4.516,-,-
2022-11-02T09:45:00,4.517,-,-
2022-11-02T09:30:00,4.517,-,-
2022-11-02T09:15:00,4.517,-,-
2022-11-02T09:00:00,4.518,-,-
2022-11-02T08:45:00,4.519,-,-
2022-11-02T08:30:00,4.519,-,-
2022-11-02T08:15:00,4.520,-,-
2022-11-02T08:00:00,4.520,-,-
2022-11-02T07:45:00,4.521,-,-
2022-11-02T07:30:00,4.520,-,-
2022-11-02T07:15:00,4.521,-,-
2022-11-02T07:00:00,4.523,-,-
2022-11-02T06:45:00,4.522,-,-
2022-11-02T06:30:00,4.523,-,-
2022-11-02T06:15:00,4.523,-,-
2022-11-02T06:00:00,4.524,-,-
2022-11-02T05:45:00,4.523,-,-
2022-11-02T05:30:00,4.523,-,-
2022-11-02T05:15:00,4.524,-,-
2022-11-02T05:00:00,4.524,-,-
2022-11-02T04:45:00,4.524,-,-
2022-11-02T04:30:00,4.526,-,-
2022-11-02T04:15:00,4.526,-,-
2022-11-02T04:00:00,4.527,-,-
2022-11-02T03:45:00,4.526,-,-
2022-11-02T03:30:00,4.526,-,-
2022-11-02T03:15:00,4.526,-,-
2022-11-02T03:00:00,4.527,-,-
2022-11-02T02:45:00,4.527,-,-
2022-11-02T02:30:00,4.527,-,-
2022-11-02T02:15:00,4.528,-,-
2022-11-02T02:00:00,4.528,-,-
2022-11-02T01:45:00,4.529,-,-
2022-11-02T01:30:00,4.529,-,-
2022-11-02T01:15:00,4.529,-,-
2022-11-02T01:00:00,4.529,-,-
2022-11-02T00:45:00,4.529,-,-
2022-11-02T00:30:00,4.530,-,-
2022-11-02T00:15:00,4.530,-,-
2022-11-02T00:00:00,4.530,-,-
2022-11-01T23:45:00,4.531,-,-
2022-11-01T23:30:00,4.531,-,-
2022-11-01T23:15:00,4.531,-,-
2022-11-01T23:00:00,4.531,-,-
2022-11-01T22:45:00,4.532,-,-
2022-11-01T22:30:00,4.532,-,-
2022-11-01T22:15:00,4.533,-,-
2022-11-01T22:00:00,4.534,-,-
2022-11-01T21:45:00,4.532,-,-
2022-11-01T21:30:00,4.533,-,-
2022-11-01T21:15:00,4.534,-,-
2022-11-01T21:00:00,4.535,-,-
2022-11-01T20:45:00,4.535,-,-
2022-11-01T20:30:00,4.534,-,-
2022-11-01T20:15:00,4.535,-,-
2022-11-01T20:00:00,4.536,-,-
2022-11-01T19:45:00,4.535,-,-
2022-11-01T19:30:00,4.535,-,-
2022-11-01T19:15:00,4.535,-,-
2022-11-01T19:00:00,4.536,-,-
2022-11-01T18:45:00,4.537,-,-
2022-11-01T18:30:00,4.537,-,-
2022-11-01T18:15:00,4.537,-,-
2022-11-01T18:00:00,4.538,-,-
2022-11-01T17:45:00,4.538,-,-
2022-11-01T17:30:00,4.539,-,-
2022-11-01T17:15:00,4.539,-,-
2022-11-01T17:00:00,4.540,-,-
2022-11-01T16:45:00,4.541,-,-
2022-11-01T16:30:00,4.541,-,-
2022-11-01T16:15:00,4.541,-,-
2022-11-01T16:00:00,4.541,-,-
2022-11-01T15:45:00,4.541,-,-
2022-11-01T15:30:00,4.541,-,-
2022-11-01T15:15:00,4.542,-,-
2022-11-01T15:00:00,4.542,-,-
2022-11-01T14:45:00,4.542,-,-
2022-11-01T14:30:00,4.543,-,-
2022-11-01T14:15:00,4.543,-,-
2022-11-01T14:00:00,4.543,-,-
2022-11-01T13:45:00,4.544,-,-
2022-11-01T13:30:00,4.543,-,-
2022-11-01T13:15:00,4.544,-,-
2022-11-01T13:00:00,4.544,-,-
2022-11-01T12:45:00,4.545,-,-
2022-11-01T12:30:00,4.544,-,-
2022-11-01T12:15:00,4.545,-,-
2022-11-01T12:00:00,4.545,-,-
2022-11-01T11:45:00,4.545,-,-
2022-11-01T11:30:00,4.545,-,-
2022-11-01T11:15:00,4.546,-,-
2022-11-01T11:00:00,4.546,-,-
2022-11-01T10:45:00,4.546,-,-
2022-11-01T10:30:00,4.546,-,-
2022-11-01T10:15:00,4.547,-,-
2022-11-01T10:00:00,4.547,-,-
2022-11-01T09:45:00,4.547,-,-
2022-11-01T09:30:00,4.548,-,-
2022-11-01T09:15:00,4.548,-,-
2022-11-01T09:00:00,4.548,-,-
2022-11-01T08:45:00,4.549,-,-
2022-11-01T08:30:00,4.551,-,-
2022-11-01T08:15:00,4.549,-,-
2022-11-01T08:00:00,4.550,-,-
2022-11-01T07:45:00,4.550,-,-
2022-11-01T07:30:00,4.550,-,-
2022-11-01T07:15:00,4.551,-,-
2022-11-01T07:00:00,4.551,-,-
2022-11-01T06:45:00,4.551,-,-
2022-11-01T06:30:00,4.552,-,-
2022-11-01T06:15:00,4.551,-,-
2022-11-01T06:00:00,4.551,-,-
2022-11-01T05:45:00,4.552,-,-
2022-11-01T05:30:00,4.552,-,-
2022-11-01T05:15:00,4.553,-,-
2022-11-01T05:00:00,4.552,-,-
2022-11-01T04:45:00,4.552,-,-
2022-11-01T04:30:00,4.552,-,-
2022-11-01T04:15:00,4.552,-,-
2022-11-01T04:00:00,4.552,-,-
2022-11-01T03:45:00,4.552,-,-
2022-11-01T03:30:00,4.552,-,-
2022-11-01T03:15:00,4.553,-,-
2022-11-01T03:00:00,4.553,-,-
2022-11-01T02:45:00,4.553,-,-
2022-11-01T02:30:00,4.553,-,-
2022-11-01T02:15:00,4.553,-,-
2022-11-01T02:00:00,4.553,-,-
2022-11-01T01:45:00,4.553,-,-
2022-11-01T01:30:00,4.553,-,-
2022-11-01T01:15:00,4.553,-,-
2022-11-01T01:00:00,4.553,-,-
2022-11-01T00:45:00,4.552,-,-
2022-11-01T00:30:00,4.553,-,-
2022-11-01T00:15:00,4.552,-,-
2022-11-01T00:00:00,4.553,-,-
2022-10-31T23:45:00,4.553,-,-
2022-10-31T23:30:00,4.552,-,-
2022-10-31T23:15:00,4.553,-,-
2022-10-31T23:00:00,4.553,-,-
2022-10-31T22:45:00,4.553,-,-
2022-10-31T22:30:00,4.552,-,-
2022-10-31T22:15:00,4.553,-,-
2022-10-31T22:00:00,4.553,-,-
2022-10-31T21:45:00,4.554,-,-
2022-10-31T21:30:00,4.553,-,-
2022-10-31T21:15:00,4.551,-,-
2022-10-31T21:00:00,4.551,-,-
2022-10-31T20:45:00,4.551,-,-
2022-10-31T20:30:00,4.551,-,-
2022-10-31T20:15:00,4.552,-,-
2022-10-31T20:00:00,4.553,-,-
2022-10-31T19:45:00,4.556,-,-
2022-10-31T19:30:00,4.559,-,-
2022-10-31T19:15:00,4.557,-,-
2022-10-31T19:00:00,4.537,-,-
2022-10-31T18:45:00,4.539,-,-
2022-10-31T18:30:00,4.546,-,-
2022-10-31T18:15:00,4.552,-,-
2022-10-31T18:00:00,4.557,-,-
2022-10-31T17:45:00,4.564,-,-
2022-10-31T17:30:00,4.569,-,-
2022-10-31T17:15:00,4.579,-,-
2022-10-31T17:00:00,4.588,-,-
2022-10-31T16:45:00,4.596,-,-
2022-10-31T16:30:00,4.605,-,-
2022-10-31T16:15:00,4.615,-,-
2022-10-31T16:00:00,4.625,-,-
2022-10-31T15:45:00,4.635,-,-
2022-10-31T15:30:00,4.644,-,-
2022-10-31T15:15:00,4.653,-,-
2022-10-31T15:00:00,4.674,-,-
2022-10-31T14:45:00,4.687,-,-
2022-10-31T14:30:00,4.687,-,-
2022-10-31T14:15:00,4.688,-,-
2022-10-31T14:00:00,4.688,-,-
2022-10-31T13:45:00,4.689,-,-
2022-10-31T13:30:00,4.689,-,-
2022-10-31T13:15:00,4.689,-,-
2022-10-31T13:00:00,4.689,-,-
2022-10-31T12:45:00,4.688,-,-
2022-10-31T12:30:00,4.689,-,-
2022-10-31T12:15:00,4.689,-,-
2022-10-31T12:00:00,4.689,-,-
2022-10-31T11:45:00,4.689,-,-
2022-10-31T11:30:00,4.689,-,-
2022-10-31T11:15:00,4.689,-,-
2022-10-31T11:00:00,4.688,-,-
2022-10-31T10:45:00,4.688,-,-
2022-10-31T10:30:00,4.688,-,-
2022-10-31T10:15:00,4.688,-,-
2022-10-31T10:00:00,4.688,-,-
2022-10-31T09:45:00,4.688,-,-
2022-10-31T09:30:00,4.688,-,-
2022-10-31T09:15:00,4.688,-,-
2022-10-31T09:00:00,4.688,-,-
2022-10-31T08:45:00,4.688,-,-
2022-10-31T08:30:00,4.689,-,-
2022-10-31T08:15:00,4.689,-,-
2022-10-31T08:00:00,4.689,-,-
2022-10-31T07:45:00,4.690,-,-
2022-10-31T07:30:00,4.689,-,-
2022-10-31T07:15:00,4.690,-,-
2022-10-31T07:00:00,4.688,-,-
2022-10-31T06:45:00,4.688,-,-
2022-10-31T06:30:00,4.688,-,-
2022-10-31T06:15:00,4.689,-,-
2022-10-31T06:00:00,4.688,-,-
2022-10-31T05:45:00,4.688,-,-
2022-10-31T05:30:00,4.687,-,-
2022-10-31T05:15:00,4.689,-,-
2022-10-31T05:00:00,4.689,-,-
2022-10-31T04:45:00,4.688,-,-
2022-10-31T04:30:00,4.687,-,-
2022-10-31T04:15:00,4.687,-,-
2022-10-31T04:00:00,4.687,-,-
2022-10-31T03:45:00,4.687,-,-
2022-10-31T03:30:00,4.687,-,-
2022-10-31T03:15:00,4.687,-,-
2022-10-31T03:00:00,4.687,-,-
2022-10-31T02:45:00,4.687,-,-
2022-10-31T02:30:00,4.687,-,-
2022-10-31T02:15:00,4.687,-,-
2022-10-31T02:00:00,4.686,-,-
2022-10-31T01:45:00,4.686,-,-
2022-10-31T01:30:00,4.686,-,-
2022-10-31T01:15:00,4.686,-,-
2022-10-31T01:00:00,4.686,-,-
2022-10-31T00:45:00,4.686,-,-
2022-10-31T00:30:00,4.687,-,-
2022-10-31T00:15:00,4.686,-,-
2022-10-31T00:00:00,4.686,-,-
2022-10-30T23:45:00,4.686,-,-
2022-10-30T23:30:00,4.686,-,-
2022-10-30T23:15:00,4.686,-,-
2022-10-30T23:00:00,4.686,-,-
2022-10-30T22:45:00,4.686,-,-
2022-10-30T22:30:00,4.686,-,-
2022-10-30T22:15:00,4.687,-,-
2022-10-30T22:00:00,4.689,-,-
2022-10-30T21:45:00,4.690,-,-
2022-10-30T21:30:00,4.693,-,-
2022-10-30T21:15:00,4.695,-,-
2022-10-30T21:00:00,4.697,-,-
2022-10-30T20:45:00,4.698,-,-
2022-10-30T20:30:00,4.699,-,-
2022-10-30T20:15:00,4.698,-,-
2022-10-30T20:00:00,4.697,-,-
2022-10-30T19:45:00,4.696,-,-
2022-10-30T19:30:00,4.694,-,-
2022-10-30T19:15:00,4.693,-,-
2022-10-30T19:00:00,4.688,-,-
2022-10-30T18:45:00,4.682,-,-
2022-10-30T18:30:00,4.680,-,-
2022-10-30T18:15:00,4.673,-,-
2022-10-30T18:00:00,4.676,-,-
2022-10-30T17:45:00,4.679,-,-
2022-10-30T17:30:00,4.680,-,-
2022-10-30T17:15:00,4.682,-,-
2022-10-30T17:00:00,4.687,-,-
2022-10-30T16:45:00,4.689,-,-
2022-10-30T16:30:00,4.692,-,-
2022-10-30T16:15:00,4.695,-,-
2022-10-30T16:00:00,4.698,-,-
2022-10-30T15:45:00,4.699,-,-
2022-10-30T15:30:00,4.702,-,-
2022-10-30T15:15:00,4.707,-,-
2022-10-30T15:00:00,4.708,-,-
2022-10-30T14:45:00,4.711,-,-
2022-10-30T14:30:00,4.713,-,-
2022-10-30T14:15:00,4.715,-,-
2022-10-30T14:00:00,4.719,-,-
2022-10-30T13:45:00,4.722,-,-
2022-10-30T13:30:00,4.726,-,-
2022-10-30T13:15:00,4.729,-,-
2022-10-30T13:00:00,4.732,-,-
2022-10-30T12:45:00,4.736,-,-
2022-10-30T12:30:00,4.739,-,-
2022-10-30T12:15:00,4.743,-,-
2022-10-30T12:00:00,4.748,-,-
2022-10-30T11:45:00,4.753,-,-
2022-10-30T11:30:00,4.759,-,-
2022-10-30T11:15:00,4.767,-,-
2022-10-30T11:00:00,4.778,-,-
2022-10-30T10:45:00,4.789,-,-
2022-10-30T10:30:00,4.799,-,-
2022-10-30T10:15:00,4.809,-,-
2022-10-30T10:00:00,4.813,-,-
2022-10-30T09:45:00,4.810,-,-
2022-10-30T09:30:00,4.801,-,-
2022-10-30T09:15:00,4.781,-,-
2022-10-30T09:00:00,4.763,-,-
2022-10-30T08:45:00,4.750,-,-
2022-10-30T08:30:00,4.746,-,-
2022-10-30T08:15:00,4.747,-,-
2022-10-30T08:00:00,4.751,-,-
2022-10-30T07:45:00,4.754,-,-
2022-10-30T07:30:00,4.757,-,-
2022-10-30T07:15:00,4.760,-,-
2022-10-30T07:00:00,4.763,-,-
2022-10-30T06:45:00,4.769,-,-
2022-10-30T06:30:00,4.773,-,-
2022-10-30T06:15:00,4.777,-,-
2022-10-30T06:00:00,4.781,-,-
2022-10-30T05:45:00,4.781,-,-
2022-10-30T05:30:00,4.783,-,-
2022-10-30T05:15:00,4.783,-,-
2022-10-30T05:00:00,4.785,-,-
2022-10-30T04:45:00,4.787,-,-
2022-10-30T04:30:00,4.787,-,-
2022-10-30T04:15:00,4.787,-,-
2022-10-30T04:00:00,4.789,-,-
2022-10-30T03:45:00,4.789,-,-
2022-10-30T03:30:00,4.789,-,-
2022-10-30T03:15:00,4.791,-,-
2022-10-30T03:00:00,4.791,-,-
2022-10-30T02:45:00,4.793,-,-
2022-10-30T02:30:00,4.794,-,-
2022-10-30T02:15:00,4.795,-,-
2022-10-30T02:00:00,4.796,-,-
2022-10-30T01:45:00,4.796,-,-
2022-10-30T01:30:00,4.797,-,-
2022-10-30T01:15:00,4.797,-,-
2022-10-30T01:00:00,4.799,-,-
2022-10-30T00:45:00,4.801,-,-
2022-10-30T00:30:00,4.802,-,-
2022-10-30T00:15:00,4.806,-,-
2022-10-30T00:00:00,4.805,-,-
2022-10-29T23:45:00,4.803,-,-
2022-10-29T23:30:00,4.802,-,-
2022-10-29T23:15:00,4.802,-,-
2022-10-29T23:00:00,4.801,-,-
2022-10-29T22:45:00,4.801,-,-
2022-10-29T22:30:00,4.800,-,-
2022-10-29T22:15:00,4.800,-,-
2022-10-29T22:00:00,4.800,-,-
2022-10-29T21:45:00,4.801,-,-
2022-10-29T21:30:00,4.803,-,-
2022-10-29T21:15:00,4.805,-,-
2022-10-29T21:00:00,4.807,-,-
2022-10-29T20:45:00,4.810,-,-
2022-10-29T20:30:00,4.810,-,-
2022-10-29T20:15:00,4.810,-,-
2022-10-29T20:00:00,4.807,-,-
2022-10-29T19:45:00,4.803,-,-
2022-10-29T19:30:00,4.800,-,-
2022-10-29T19:15:00,4.796,-,-
2022-10-29T19:00:00,4.792,-,-
2022-10-29T18:45:00,4.787,-,-
2022-10-29T18:30:00,4.782,-,-
2022-10-29T18:15:00,4.777,-,-
2022-10-29T18:00:00,4.772,-,-
2022-10-29T17:45:00,4.769,-,-
2022-10-29T17:30:00,4.764,-,-
2022-10-29T17:15:00,4.760,-,-
2022-10-29T17:00:00,4.757,-,-
2022-10-29T16:45:00,4.751,-,-
2022-10-29T16:30:00,4.744,-,-
2022-10-29T16:15:00,4.740,-,-
2022-10-29T16:00:00,4.732,-,-
2022-10-29T15:45:00,4.732,-,-
2022-10-29T15:30:00,4.730,-,-
2022-10-29T15:15:00,4.729,-,-
2022-10-29T15:00:00,4.728,-,-
2022-10-29T14:45:00,4.727,-,-
2022-10-29T14:30:00,4.725,-,-
2022-10-29T14:15:00,4.723,-,-
2022-10-29T14:00:00,4.722,-,-
2022-10-29T13:45:00,4.719,-,-
2022-10-29T13:30:00,4.716,-,-
2022-10-29T13:15:00,4.710,-,-
2022-10-29T13:00:00,4.705,-,-
2022-10-29T12:45:00,4.697,-,-
2022-10-29T12:30:00,4.689,-,-
2022-10-29T12:15:00,4.682,-,-
2022-10-29T12:00:00,4.677,-,-
2022-10-29T11:45:00,4.675,-,-
2022-10-29T11:30:00,4.676,-,-
2022-10-29T11:15:00,4.677,-,-
2022-10-29T11:00:00,4.680,-,-
2022-10-29T10:45:00,4.682,-,-
2022-10-29T10:30:00,4.683,-,-
2022-10-29T10:15:00,4.687,-,-
2022-10-29T10:00:00,4.691,-,-
2022-10-29T09:45:00,4.695,-,-
2022-10-29T09:30:00,4.699,-,-
2022-10-29T09:15:00,4.698,-,-
2022-10-29T09:00:00,4.697,-,-
2022-10-29T08:45:00,4.698,-,-
2022-10-29T08:30:00,4.698,-,-
2022-10-29T08:15:00,4.697,-,-
2022-10-29T08:00:00,4.697,-,-
2022-10-29T07:45:00,4.697,-,-
2022-10-29T07:30:00,4.698,-,-
2022-10-29T07:15:00,4.697,-,-
2022-10-29T07:00:00,4.697,-,-
2022-10-29T06:45:00,4.696,-,-
2022-10-29T06:30:00,4.695,-,-
2022-10-29T06:15:00,4.695,-,-
2022-10-29T06:00:00,4.694,-,-
2022-10-29T05:45:00,4.693,-,-
2022-10-29T05:30:00,4.693,-,-
2022-10-29T05:15:00,4.692,-,-
2022-10-29T05:00:00,4.692,-,-
2022-10-29T04:45:00,4.691,-,-
2022-10-29T04:30:00,4.691,-,-
2022-10-29T04:15:00,4.689,-,-
2022-10-29T04:00:00,4.689,-,-
2022-10-29T03:45:00,4.687,-,-
2022-10-29T03:30:00,4.686,-,-
2022-10-29T03:15:00,4.685,-,-
2022-10-29T03:00:00,4.685,-,-
2022-10-29T02:45:00,4.684,-,-
2022-10-29T02:30:00,4.685,-,-
2022-10-29T02:15:00,4.684,-,-
2022-10-29T02:00:00,4.684,-,-
2022-10-29T01:45:00,4.684,-,-
2022-10-29T01:30:00,4.683,-,-
2022-10-29T01:15:00,4.682,-,-
2022-10-29T01:00:00,4.679,-,-
2022-10-29T00:45:00,4.679,-,-
2022-10-29T00:30:00,4.678,-,-
2022-10-29T00:15:00,4.678,-,-
2022-10-29T00:00:00,4.678,-,-
2022-11-11T23:45:00,4.267,-,-
2022-11-11T23:30:00,4.269,-,-
2022-11-11T23:15:00,4.270,-,-
2022-11-11T23:00:00,4.271,-,-
2022-11-11T22:45:00,4.272,-,-
2022-11-11T22:30:00,4.273,-,-
2022-11-11T22:15:00,4.274,-,-
2022-11-11T22:00:00,4.275,-,-
2022-11-11T21:45:00,4.277,-,-
2022-11-11T21:30:00,4.278,-,-
2022-11-11T21:15:00,4.279,-,-
2022-11-11T21:00:00,4.281,-,-
2022-11-11T20:45:00,4.282,-,-
2022-11-11T20:30:00,4.283,-,-
2022-11-11T20:15:00,4.285,-,-
2022-11-11T20:00:00,4.287,-,-
2022-11-11T19:45:00,4.288,-,-
2022-11-11T19:30:00,4.290,-,-
2022-11-11T19:15:00,4.291,-,-
2022-11-11T19:00:00,4.292,-,-
2022-11-11T18:45:00,4.293,-,-
2022-11-11T18:30:00,4.294,-,-
2022-11-11T18:15:00,4.297,-,-
2022-11-11T18:00:00,4.299,-,-
2022-11-11T17:45:00,4.302,-,-
2022-11-11T17:30:00,4.302,-,-
2022-11-11T17:15:00,4.302,-,-
2022-11-11T17:00:00,4.302,-,-
2022-11-11T16:45:00,4.302,-,-
2022-11-11T16:30:00,4.303,-,-
2022-11-11T16:15:00,4.302,-,-
2022-11-11T16:00:00,4.301,-,-
2022-11-11T15:45:00,4.301,-,-
2022-11-11T15:30:00,4.302,-,-
2022-11-11T15:15:00,4.302,-,-
2022-11-11T15:00:00,4.301,-,-
2022-11-11T14:45:00,4.301,-,-
2022-11-11T14:30:00,4.300,-,-
2022-11-11T14:15:00,4.300,-,-
2022-11-11T14:00:00,4.300,-,-
2022-11-11T13:45:00,4.300,-,-
2022-11-11T13:30:00,4.299,-,-
2022-11-11T13:15:00,4.300,-,-
2022-11-11T13:00:00,4.299,-,-
2022-11-11T12:45:00,4.299,-,-
2022-11-11T12:30:00,4.299,-,-
2022-11-11T12:15:00,4.299,-,-
2022-11-11T12:00:00,4.299,-,-
2022-11-11T11:45:00,4.299,-,-
2022-11-11T11:30:00,4.299,-,-
2022-11-11T11:15:00,4.300,-,-
2022-11-11T11:00:00,4.299,-,-
2022-11-11T10:45:00,4.299,-,-
2022-11-11T10:30:00,4.299,-,-
2022-11-11T10:15:00,4.299,-,-
2022-11-11T10:00:00,4.299,-,-
2022-11-11T09:45:00,4.299,-,-
2022-11-11T09:30:00,4.299,-,-
2022-11-11T09:15:00,4.300,-,-
2022-11-11T09:00:00,4.299,-,-
2022-11-11T08:45:00,4.299,-,-
2022-11-11T08:30:00,4.300,-,-
2022-11-11T08:15:00,4.300,-,-
2022-11-11T08:00:00,4.299,-,-
2022-11-11T07:45:00,4.300,-,-
2022-11-11T07:30:00,4.300,-,-
2022-11-11T07:15:00,4.300,-,-
2022-11-11T07:00:00,4.300,-,-
2022-11-11T06:45:00,4.299,-,-
2022-11-11T06:30:00,4.298,-,-
2022-11-11T06:15:00,4.299,-,-
2022-11-11T06:00:00,4.298,-,-
2022-11-11T05:45:00,4.298,-,-
2022-11-11T05:30:00,4.298,-,-
2022-11-11T05:15:00,4.297,-,-
2022-11-11T05:00:00,4.297,-,-
2022-11-11T04:45:00,4.297,-,-
2022-11-11T04:30:00,4.297,-,-
2022-11-11T04:15:00,4.297,-,-
2022-11-11T04:00:00,4.296,-,-
2022-11-11T03:45:00,4.296,-,-
2022-11-11T03:30:00,4.295,-,-
2022-11-11T03:15:00,4.295,-,-
2022-11-11T03:00:00,4.295,-,-
2022-11-11T02:45:00,4.295,-,-
2022-11-11T02:30:00,4.295,-,-
2022-11-11T02:15:00,4.295,-,-
2022-11-11T02:00:00,4.294,-,-
2022-11-11T01:45:00,4.294,-,-
2022-11-11T01:30:00,4.293,-,-
2022-11-11T01:15:00,4.293,-,-
2022-11-11T01:00:00,4.292,-,-
2022-11-11T00:45:00,4.292,-,-
2022-11-11T00:30:00,4.292,-,-
2022-11-11T00:15:00,4.292,-,-
2022-11-11T00:00:00,4.291,-,-
2022-11-10T23:45:00,4.291,-,-
2022-11-10T23:30:00,4.290,-,-
2022-11-10T23:15:00,4.290,-,-
2022-11-10T23:00:00,4.290,-,-
2022-11-10T22:45:00,4.290,-,-
2022-11-10T22:30:00,4.289,-,-
2022-11-10T22:15:00,4.289,-,-
2022-11-10T22:00:00,4.288,-,-
2022-11-10T21:45:00,4.288,-,-
2022-11-10T21:30:00,4.287,-,-
2022-11-10T21:15:00,4.286,-,-
2022-11-10T21:00:00,4.286,-,-
2022-11-10T20:45:00,4.286,-,-
2022-11-10T20:30:00,4.286,-,-
2022-11-10T20:15:00,4.286,-,-
2022-11-10T20:00:00,4.286,-,-
2022-11-10T19:45:00,4.286,-,-
2022-11-10T19:30:00,4.285,-,-
2022-11-10T19:15:00,4.285,-,-
2022-11-10T19:00:00,4.284,-,-
2022-11-10T18:45:00,4.283,-,-
2022-11-10T18:30:00,4.284,-,-
2022-11-10T18:15:00,4.283,-,-
2022-11-10T18:00:00,4.283,-,-
2022-11-10T17:45:00,4.283,-,-
2022-11-10T17:30:00,4.283,-,-
2022-11-10T17:15:00,4.283,-,-
2022-11-10T17:00:00,4.283,-,-
2022-11-10T16:45:00,4.283,-,-
2022-11-10T16:30:00,4.282,-,-
2022-11-10T16:15:00,4.282,-,-
2022-11-10T16:00:00,4.282,-,-
2022-11-10T15:45:00,4.282,-,-
2022-11-10T15:30:00,4.282,-,-
2022-11-10T15:15:00,4.282,-,-
2022-11-10T15:00:00,4.282,-,-
2022-11-10T14:45:00,4.281,-,-
2022-11-10T14:30:00,4.281,-,-
2022-11-10T14:15:00,4.279,-,-
2022-11-10T14:00:00,4.277,-,-
2022-11-10T13:45:00,4.279,-,-
2022-11-10T13:30:00,4.279,-,-
2022-11-10T13:15:00,4.278,-,-
2022-11-10T13:00:00,4.278,-,-
2022-11-10T12:45:00,4.278,-,-
2022-11-10T12:30:00,4.277,-,-
2022-11-10T12:15:00,4.277,-,-
2022-11-10T12:00:00,4.277,-,-
2022-11-10T11:45:00,4.277,-,-
2022-11-10T11:30:00,4.277,-,-
2022-11-10T11:15:00,4.277,-,-
2022-11-10T11:00:00,4.276,-,-
2022-11-10T10:45:00,4.276,-,-
2022-11-10T10:30:00,4.275,-,-
2022-11-10T10:15:00,4.275,-,-
2022-11-10T10:00:00,4.274,-,-
2022-11-10T09:45:00,4.274,-,-
2022-11-10T09:30:00,4.274,-,-
2022-11-10T09:15:00,4.274,-,-
2022-11-10T09:00:00,4.274,-,-
2022-11-10T08:45:00,4.273,-,-
2022-11-10T08:30:00,4.274,-,-
2022-11-10T08:15:00,4.273,-,-
2022-11-10T08:00:00,4.274,-,-
2022-11-10T07:45:00,4.274,-,-
2022-11-10T07:30:00,4.276,-,-
2022-11-10T07:15:00,4.276,-,-
2022-11-10T07:00:00,4.274,-,-
2022-11-10T06:45:00,4.273,-,-
2022-11-10T06:30:00,4.272,-,-
2022-11-10T06:15:00,4.269,-,-
2022-11-10T06:00:00,4.269,-,-
2022-11-10T05:45:00,4.268,-,-
2022-11-10T05:30:00,4.267,-,-
2022-11-10T05:15:00,4.266,-,-
2022-11-10T05:00:00,4.264,-,-
2022-11-10T04:45:00,4.263,-,-
2022-11-10T04:30:00,4.262,-,-
2022-11-10T04:15:00,4.260,-,-
2022-11-10T04:00:00,4.259,-,-
2022-11-10T03:45:00,4.258,-,-
2022-11-10T03:30:00,4.257,-,-
2022-11-10T03:15:00,4.256,-,-
2022-11-10T03:00:00,4.255,-,-
2022-11-10T02:45:00,4.254,-,-
2022-11-10T02:30:00,4.253,-,-
2022-11-10T02:15:00,4.252,-,-
2022-11-10T02:00:00,4.250,-,-
2022-11-10T01:45:00,4.250,-,-
2022-11-10T01:30:00,4.248,-,-
2022-11-10T01:15:00,4.247,-,-
2022-11-10T01:00:00,4.246,-,-
2022-11-10T00:45:00,4.244,-,-
2022-11-10T00:30:00,4.243,-,-
2022-11-10T00:15:00,4.242,-,-
2022-11-10T00:00:00,4.241,-,-
2022-11-09T23:45:00,4.239,-,-
2022-11-09T23:30:00,4.239,-,-
2022-11-09T23:15:00,4.237,-,-
2022-11-09T23:00:00,4.237,-,-
2022-11-09T22:45:00,4.235,-,-
2022-11-09T22:30:00,4.234,-,-
2022-11-09T22:15:00,4.233,-,-
2022-11-09T22:00:00,4.231,-,-
2022-11-09T21:45:00,4.230,-,-
2022-11-09T21:30:00,4.228,-,-
2022-11-09T21:15:00,4.227,-,-
2022-11-09T21:00:00,4.226,-,-
2022-11-09T20:45:00,4.225,-,-
2022-11-09T20:30:00,4.224,-,-
2022-11-09T20:15:00,4.223,-,-
2022-11-09T20:00:00,4.220,-,-
2022-11-09T19:45:00,4.219,-,-
2022-11-09T19:30:00,4.218,-,-
2022-11-09T19:15:00,4.217,-,-
2022-11-09T19:00:00,4.216,-,-
2022-11-09T18:45:00,4.215,-,-
2022-11-09T18:30:00,4.213,-,-
2022-11-09T18:15:00,4.212,-,-
2022-11-09T18:00:00,4.210,-,-
2022-11-09T17:45:00,4.209,-,-
2022-11-09T17:30:00,4.207,-,-
2022-11-09T17:15:00,4.206,-,-
2022-11-09T17:00:00,4.205,-,-
2022-11-09T16:45:00,4.204,-,-
2022-11-09T16:30:00,4.203,-,-
2022-11-09T16:15:00,4.202,-,-
2022-11-09T16:00:00,4.202,-,-
2022-11-09T15:45:00,4.201,-,-
2022-11-09T15:30:00,4.200,-,-
2022-11-09T15:15:00,4.199,-,-
2022-11-09T15:00:00,4.197,-,-
2022-11-09T14:45:00,4.195,-,-
2022-11-09T14:30:00,4.193,-,-
2022-11-09T14:15:00,4.192,-,-
2022-11-09T14:00:00,4.191,-,-
2022-11-09T13:45:00,4.190,-,-
2022-11-09T13:30:00,4.189,-,-
2022-11-09T13:15:00,4.188,-,-
2022-11-09T13:00:00,4.186,-,-
2022-11-09T12:45:00,4.184,-,-
2022-11-09T12:30:00,4.183,-,-
2022-11-09T12:15:00,4.181,-,-
2022-11-09T12:00:00,4.180,-,-
2022-11-09T11:45:00,4.178,-,-
2022-11-09T11:30:00,4.177,-,-
2022-11-09T11:15:00,4.176,-,-
2022-11-09T11:00:00,4.174,-,-
2022-11-09T10:45:00,4.174,-,-
2022-11-09T10:30:00,4.172,-,-
2022-11-09T10:15:00,4.170,-,-
2022-11-09T10:00:00,4.168,-,-
2022-11-09T09:45:00,4.165,-,-
2022-11-09T09:30:00,4.164,-,-
2022-11-09T09:15:00,4.165,-,-
2022-11-09T09:00:00,4.165,-,-
2022-11-09T08:45:00,4.165,-,-
2022-11-09T08:30:00,4.165,-,-
2022-11-09T08:15:00,4.166,-,-
2022-11-09T08:00:00,4.166,-,-
2022-11-09T07:45:00,4.167,-,-
2022-11-09T07:30:00,4.168,-,-
2022-11-09T07:15:00,4.168,-,-
2022-11-09T07:00:00,4.166,-,-
2022-11-09T06:45:00,4.165,-,-
2022-11-09T06:30:00,4.163,-,-
2022-11-09T06:15:00,4.169,-,-
2022-11-09T06:00:00,4.173,-,-
2022-11-09T05:45:00,4.179,-,-
2022-11-09T05:30:00,4.185,-,-
2022-11-09T05:15:00,4.191,-,-
2022-11-09T05:00:00,4.198,-,-
2022-11-09T04:45:00,4.206,-,-
2022-11-09T04:30:00,4.217,-,-
2022-11-09T04:15:00,4.227,-,-
2022-11-09T04:00:00,4.237,-,-
2022-11-09T03:45:00,4.249,-,-
2022-11-09T03:30:00,4.259,-,-
2022-11-09T03:15:00,4.268,-,-
2022-11-09T03:00:00,4.274,-,-
2022-11-09T02:45:00,4.281,-,-
2022-11-09T02:30:00,4.284,-,-
2022-11-09T02:15:00,4.285,-,-
2022-11-09T02:00:00,4.285,-,-
2022-11-09T01:45:00,4.286,-,-
2022-11-09T01:30:00,4.286,-,-
2022-11-09T01:15:00,4.287,-,-
2022-11-09T01:00:00,4.288,-,-
2022-11-09T00:45:00,4.288,-,-
2022-11-09T00:30:00,4.288,-,-
2022-11-09T00:15:00,4.288,-,-
2022-11-09T00:00:00,4.289,-,-
2022-11-08T23:45:00,4.289,-,-
2022-11-08T23:30:00,4.290,-,-
2022-11-08T23:15:00,4.290,-,-
2022-11-08T23:00:00,4.291,-,-
2022-11-08T22:45:00,4.291,-,-
2022-11-08T22:30:00,4.292,-,-
2022-11-08T22:15:00,4.292,-,-
2022-11-08T22:00:00,4.293,-,-
2022-11-08T21:45:00,4.293,-,-
2022-11-08T21:30:00,4.294,-,-
2022-11-08T21:15:00,4.294,-,-
2022-11-08T21:00:00,4.295,-,-
2022-11-08T20:45:00,4.295,-,-
2022-11-08T20:30:00,4.296,-,-
2022-11-08T20:15:00,4.296,-,-
2022-11-08T20:00:00,4.297,-,-
2022-11-08T19:45:00,4.298,-,-
2022-11-08T19:30:00,4.298,-,-
2022-11-08T19:15:00,4.298,-,-
2022-11-08T19:00:00,4.299,-,-
2022-11-08T18:45:00,4.299,-,-
2022-11-08T18:30:00,4.301,-,-
2022-11-08T18:15:00,4.302,-,-
2022-11-08T18:00:00,4.302,-,-
2022-11-08T17:45:00,4.303,-,-
2022-11-08T17:30:00,4.303,-,-
2022-11-08T17:15:00,4.304,-,-
2022-11-08T17:00:00,4.305,-,-
2022-11-08T16:45:00,4.305,-,-
2022-11-08T16:30:00,4.307,-,-
2022-11-08T16:15:00,4.307,-,-
2022-11-08T16:00:00,4.308,-,-
2022-11-08T15:45:00,4.308,-,-
2022-11-08T15:30:00,4.309,-,-
2022-11-08T15:15:00,4.309,-,-
2022-11-08T15:00:00,4.309,-,-
2022-11-08T14:45:00,4.309,-,-
2022-11-08T14:30:00,4.309,-,-
2022-11-08T14:15:00,4.308,-,-
2022-11-08T14:00:00,4.309,-,-
2022-11-08T13:45:00,4.308,-,-
2022-11-08T13:30:00,4.305,-,-
2022-11-08T13:15:00,4.303,-,-
2022-11-08T13:00:00,4.299,-,-
2022-11-08T12:45:00,4.293,-,-
2022-11-08T12:30:00,4.287,-,-
2022-11-08T12:15:00,4.275,-,-
2022-11-08T12:00:00,4.267,-,-
2022-11-08T11:45:00,4.261,-,-
2022-11-08T11:30:00,4.257,-,-
2022-11-08T11:15:00,4.257,-,-
2022-11-08T11:00:00,4.258,-,-
2022-11-08T10:45:00,4.260,-,-
2022-11-08T10:30:00,4.263,-,-
2022-11-08T10:15:00,4.265,-,-
2022-11-08T10:00:00,4.267,-,-
2022-11-08T09:45:00,4.270,-,-
2022-11-08T09:30:00,4.273,-,-
2022-11-08T09:15:00,4.276,-,-
2022-11-08T09:00:00,4.279,-,-
2022-11-08T08:45:00,4.282,-,-
2022-11-08T08:30:00,4.285,-,-
2022-11-08T08:15:00,4.288,-,-
2022-11-08T08:00:00,4.291,-,-
2022-11-08T07:45:00,4.293,-,-
2022-11-08T07:30:00,4.296,-,-
2022-11-08T07:15:00,4.299,-,-
2022-11-08T07:00:00,4.301,-,-
2022-11-08T06:45:00,4.303,-,-
2022-11-08T06:30:00,4.306,-,-
2022-11-08T06:15:00,4.308,-,-
2022-11-08T06:00:00,4.311,-,-
2022-11-08T05:45:00,4.313,-,-
2022-11-08T05:30:00,4.315,-,-
2022-11-08T05:15:00,4.318,-,-
2022-11-08T05:00:00,4.320,-,-
2022-11-08T04:45:00,4.323,-,-
2022-11-08T04:30:00,4.326,-,-
2022-11-08T04:15:00,4.328,-,-
2022-11-08T04:00:00,4.331,-,-
2022-11-08T03:45:00,4.334,-,-
2022-11-08T03:30:00,4.337,-,-
2022-11-08T03:15:00,4.340,-,-
2022-11-08T03:00:00,4.343,-,-
2022-11-08T02:45:00,4.345,-,-
2022-11-08T02:30:00,4.347,-,-
2022-11-08T02:15:00,4.351,-,-
2022-11-08T02:00:00,4.353,-,-
2022-11-08T01:45:00,4.357,-,-
2022-11-08T01:30:00,4.358,-,-
2022-11-08T01:15:00,4.362,-,-
2022-11-08T01:00:00,4.365,-,-
2022-11-08T00:45:00,4.368,-,-
2022-11-08T00:30:00,4.371,-,-
2022-11-08T00:15:00,4.373,-,-
2022-11-08T00:00:00,4.376,-,-
2022-11-07T23:45:00,4.380,-,-
2022-11-07T23:30:00,4.383,-,-
2022-11-07T23:15:00,4.385,-,-
2022-11-07T23:00:00,4.389,-,-
2022-11-07T22:45:00,4.392,-,-
2022-11-07T22:30:00,4.395,-,-
2022-11-07T22:15:00,4.398,-,-
2022-11-07T22:00:00,4.400,-,-
2022-11-07T21:45:00,4.403,-,-
2022-11-07T21:30:00,4.407,-,-
2022-11-07T21:15:00,4.410,-,-
2022-11-07T21:00:00,4.413,-,-
2022-11-07T20:45:00,4.416,-,-
2022-11-07T20:30:00,4.419,-,-
2022-11-07T20:15:00,4.423,-,-
2022-11-07T20:00:00,4.426,-,-
2022-11-07T19:45:00,4.429,-,-
2022-11-07T19:30:00,4.432,-,-
2022-11-07T19:15:00,4.435,-,-
2022-11-07T19:00:00,4.439,-,-
2022-11-07T18:45:00,4.442,-,-
2022-11-07T18:30:00,4.445,-,-
2022-11-07T18:15:00,4.448,-,-
2022-11-07T18:00:00,4.451,-,-
2022-11-07T17:45:00,4.455,-,-
2022-11-07T17:30:00,4.458,-,-
2022-11-07T17:15:00,4.463,-,-
2022-11-07T17:00:00,4.466,-,-
2022-11-07T16:45:00,4.470,-,-
2022-11-07T16:30:00,4.474,-,-
2022-11-07T16:15:00,4.477,-,-
2022-11-07T16:00:00,4.481,-,-
2022-11-07T15:45:00,4.484,-,-
2022-11-07T15:30:00,4.488,-,-
2022-11-07T15:15:00,4.491,-,-
2022-11-07T15:00:00,4.494,-,-
2022-11-07T14:45:00,4.498,-,-
2022-11-07T14:30:00,4.501,-,-
2022-11-07T14:15:00,4.505,-,-
2022-11-07T14:00:00,4.509,-,-
2022-11-07T13:45:00,4.512,-,-
2022-11-07T13:30:00,4.516,-,-
2022-11-07T13:15:00,4.519,-,-
2022-11-07T13:00:00,4.523,-,-
2022-11-07T12:45:00,4.527,-,-
2022-11-07T12:30:00,4.531,-,-
2022-11-07T12:15:00,4.534,-,-
2022-11-07T12:00:00,4.539,-,-
2022-11-07T11:45:00,4.542,-,-
2022-11-07T11:30:00,4.545,-,-
2022-11-07T11:15:00,4.550,-,-
2022-11-07T11:00:00,4.555,-,-
2022-11-07T10:45:00,4.559,-,-
2022-11-07T10:30:00,4.565,-,-
2022-11-07T10:15:00,4.567,-,-
2022-11-07T10:00:00,4.569,-,-
2022-11-07T09:45:00,4.571,-,-
2022-11-07T09:30:00,4.574,-,-
2022-11-07T09:15:00,4.576,-,-
2022-11-07T09:00:00,4.578,-,-
2022-11-07T08:45:00,4.579,-,-
2022-11-07T08:30:00,4.581,-,-
2022-11-07T08:15:00,4.583,-,-
2022-11-07T08:00:00,4.585,-,-
2022-11-07T07:45:00,4.587,-,-
2022-11-07T07:30:00,4.589,-,-
2022-11-07T07:15:00,4.591,-,-
2022-11-07T07:00:00,4.593,-,-
2022-11-07T06:45:00,4.593,-,-
2022-11-07T06:30:00,4.594,-,-
2022-11-07T06:15:00,4.596,-,-
2022-11-07T06:00:00,4.599,-,-
2022-11-07T05:45:00,4.600,-,-
2022-11-07T05:30:00,4.602,-,-
2022-11-07T05:15:00,4.603,-,-
2022-11-07T05:00:00,4.606,-,-
2022-11-07T04:45:00,4.607,-,-
2022-11-07T04:30:00,4.609,-,-
2022-11-07T04:15:00,4.610,-,-
2022-11-07T04:00:00,4.612,-,-
2022-11-07T03:45:00,4.613,-,-
2022-11-07T03:30:00,4.615,-,-
2022-11-07T03:15:00,4.617,-,-
2022-11-07T03:00:00,4.619,-,-
2022-11-07T02:45:00,4.621,-,-
2022-11-07T02:30:00,4.623,-,-
2022-11-07T02:15:00,4.625,-,-
2022-11-07T02:00:00,4.627,-,-
2022-11-07T01:45:00,4.629,-,-
2022-11-07T01:30:00,4.631,-,-
2022-11-07T01:15:00,4.633,-,-
2022-11-07T01:00:00,4.635,-,-
2022-11-07T00:45:00,4.637,-,-
2022-11-07T00:30:00,4.640,-,-
2022-11-07T00:15:00,4.641,-,-
2022-11-07T00:00:00,4.643,-,-
2022-11-06T23:45:00,4.645,-,-
2022-11-06T23:30:00,4.647,-,-
2022-11-06T23:15:00,4.650,-,-
2022-11-06T23:00:00,4.652,-,-
2022-11-06T22:45:00,4.655,-,-
2022-11-06T22:30:00,4.658,-,-
2022-11-06T22:15:00,4.662,-,-
2022-11-06T22:00:00,4.665,-,-
2022-11-06T21:45:00,4.668,-,-
2022-11-06T21:30:00,4.673,-,-
2022-11-06T21:15:00,4.678,-,-
2022-11-06T21:00:00,4.684,-,-
2022-11-06T20:45:00,4.691,-,-
2022-11-06T20:30:00,4.698,-,-
2022-11-06T20:15:00,4.705,-,-
2022-11-06T20:00:00,4.712,-,-
2022-11-06T19:45:00,4.716,-,-
2022-11-06T19:30:00,4.717,-,-
2022-11-06T19:15:00,4.717,-,-
2022-11-06T19:00:00,4.715,-,-
2022-11-06T18:45:00,4.713,-,-
2022-11-06T18:30:00,4.711,-,-
2022-11-06T18:15:00,4.709,-,-
2022-11-06T18:00:00,4.707,-,-
2022-11-06T17:45:00,4.704,-,-
2022-11-06T17:30:00,4.703,-,-
2022-11-06T17:15:00,4.699,-,-
2022-11-06T17:00:00,4.697,-,-
2022-11-06T16:45:00,4.696,-,-
2022-11-06T16:30:00,4.693,-,-
2022-11-06T16:15:00,4.691,-,-
2022-11-06T16:00:00,4.688,-,-
2022-11-06T15:45:00,4.686,-,-
2022-11-06T15:30:00,4.684,-,-
2022-11-06T15:15:00,4.680,-,-
2022-11-06T15:00:00,4.679,-,-
2022-11-06T14:45:00,4.677,-,-
2022-11-06T14:30:00,4.673,-,-
2022-11-06T14:15:00,4.670,-,-
2022-11-06T14:00:00,4.665,-,-
2022-11-06T13:45:00,4.662,-,-
2022-11-06T13:30:00,4.657,-,-
2022-11-06T13:15:00,4.650,-,-
2022-11-06T13:00:00,4.645,-,-
2022-11-06T12:45:00,4.637,-,-
2022-11-06T12:30:00,4.625,-,-
2022-11-06T12:15:00,4.613,-,-
2022-11-06T12:00:00,4.601,-,-
2022-11-06T11:45:00,4.591,-,-
2022-11-06T11:30:00,4.586,-,-
2022-11-06T11:15:00,4.586,-,-
2022-11-06T11:00:00,4.587,-,-
2022-11-06T10:45:00,4.588,-,-
2022-11-06T10:30:00,4.589,-,-
2022-11-06T10:15:00,4.590,-,-
2022-11-06T10:00:00,4.592,-,-
2022-11-06T09:45:00,4.594,-,-
2022-11-06T09:30:00,4.595,-,-
2022-11-06T09:15:00,4.599,-,-
2022-11-06T09:00:00,4.602,-,-
2022-11-06T08:45:00,4.606,-,-
2022-11-06T08:30:00,4.607,-,-
2022-11-06T08:15:00,4.607,-,-
2022-11-06T08:00:00,4.608,-,-
2022-11-06T07:45:00,4.608,-,-
2022-11-06T07:30:00,4.608,-,-
2022-11-06T07:15:00,4.609,-,-
2022-11-06T07:00:00,4.609,-,-
2022-11-06T06:45:00,4.609,-,-
2022-11-06T06:30:00,4.611,-,-
2022-11-06T06:15:00,4.611,-,-
2022-11-06T06:00:00,4.611,-,-
2022-11-06T05:45:00,4.612,-,-
2022-11-06T05:30:00,4.612,-,-
2022-11-06T05:15:00,4.612,-,-
2022-11-06T05:00:00,4.612,-,-
2022-11-06T04:45:00,4.613,-,-
2022-11-06T04:30:00,4.613,-,-
2022-11-06T04:15:00,4.613,-,-
2022-11-06T04:00:00,4.614,-,-
2022-11-06T03:45:00,4.613,-,-
2022-11-06T03:30:00,4.614,-,-
2022-11-06T03:15:00,4.615,-,-
2022-11-06T03:00:00,4.615,-,-
2022-11-06T02:45:00,4.615,-,-
2022-11-06T02:30:00,4.615,-,-
2022-11-06T02:15:00,4.616,-,-
2022-11-06T02:00:00,4.616,-,-
2022-11-06T01:45:00,4.617,-,-
2022-11-06T01:30:00,4.617,-,-
2022-11-06T01:15:00,4.616,-,-
2022-11-06T01:00:00,4.618,-,-
2022-11-06T00:45:00,4.618,-,-
2022-11-06T00:30:00,4.619,-,-
2022-11-06T00:15:00,4.620,-,-
2022-11-06T00:00:00,4.620,-,-
2022-11-05T23:45:00,4.620,-,-
2022-11-05T23:30:00,4.620,-,-
2022-11-05T23:15:00,4.621,-,-
2022-11-05T23:00:00,4.621,-,-
2022-11-05T22:45:00,4.622,-,-
2022-11-05T22:30:00,4.624,-,-
2022-11-05T22:15:00,4.625,-,-
2022-11-05T22:00:00,4.626,-,-
2022-11-05T21:45:00,4.628,-,-
2022-11-05T21:30:00,4.629,-,-
2022-11-05T21:15:00,4.632,-,-
2022-11-05T21:00:00,4.636,-,-
2022-11-05T20:45:00,4.640,-,-
2022-11-05T20:30:00,4.647,-,-
2022-11-05T20:15:00,4.654,-,-
2022-11-05T20:00:00,4.660,-,-
2022-11-05T19:45:00,4.664,-,-
2022-11-05T19:30:00,4.666,-,-
2022-11-05T19:15:00,4.666,-,-
2022-11-05T19:00:00,4.662,-,-
2022-11-05T18:45:00,4.662,-,-
2022-11-05T18:30:00,4.660,-,-
2022-11-05T18:15:00,4.659,-,-
2022-11-05T18:00:00,4.658,-,-
2022-11-05T17:45:00,4.656,-,-
2022-11-05T17:30:00,4.654,-,-
2022-11-05T17:15:00,4.651,-,-
2022-11-05T17:00:00,4.648,-,-
2022-11-05T16:45:00,4.645,-,-
2022-11-05T16:30:00,4.643,-,-
2022-11-05T16:15:00,4.640,-,-
2022-11-05T16:00:00,4.639,-,-
2022-11-05T15:45:00,4.638,-,-
2022-11-05T15:30:00,4.637,-,-
2022-11-05T15:15:00,4.635,-,-
2022-11-05T15:00:00,4.632,-,-
2022-11-05T14:45:00,4.629,-,-
2022-11-05T14:30:00,4.625,-,-
2022-11-05T14:15:00,4.623,-,-
2022-11-05T14:00:00,4.618,-,-
2022-11-05T13:45:00,4.612,-,-
2022-11-05T13:30:00,4.605,-,-
2022-11-05T13:15:00,4.595,-,-
2022-11-05T13:00:00,4.586,-,-
2022-11-05T12:45:00,4.572,-,-
2022-11-05T12:30:00,4.560,-,-
2022-11-05T12:15:00,4.549,-,-
2022-11-05T12:00:00,4.542,-,-
2022-11-05T11:45:00,4.540,-,-
2022-11-05T11:30:00,4.541,-,-
2022-11-05T11:15:00,4.542,-,-
2022-11-05T11:00:00,4.544,-,-
2022-11-05T10:45:00,4.546,-,-
2022-11-05T10:30:00,4.547,-,-
2022-11-05T10:15:00,4.549,-,-
2022-11-05T10:00:00,4.552,-,-
2022-11-05T09:45:00,4.555,-,-
2022-11-05T09:30:00,4.559,-,-
2022-11-05T09:15:00,4.559,-,-
2022-11-05T09:00:00,4.559,-,-
2022-11-05T08:45:00,4.559,-,-
2022-11-05T08:30:00,4.560,-,-
2022-11-05T08:15:00,4.561,-,-
2022-11-05T08:00:00,4.561,-,-
2022-11-05T07:45:00,4.561,-,-
2022-11-05T07:30:00,4.561,-,-
2022-11-05T07:15:00,4.561,-,-
2022-11-05T07:00:00,4.561,-,-
2022-11-05T06:45:00,4.561,-,-
2022-11-05T06:30:00,4.562,-,-
2022-11-05T06:15:00,4.562,-,-
2022-11-05T06:00:00,4.562,-,-
2022-11-05T05:45:00,4.562,-,-
2022-11-05T05:30:00,4.562,-,-
2022-11-05T05:15:00,4.561,-,-
2022-11-05T05:00:00,4.561,-,-
2022-11-05T04:45:00,4.561,-,-
2022-11-05T04:30:00,4.561,-,-
2022-11-05T04:15:00,4.561,-,-
2022-11-05T04:00:00,4.561,-,-
2022-11-05T03:45:00,4.561,-,-
2022-11-05T03:30:00,4.561,-,-
2022-11-05T03:15:00,4.562,-,-
2022-11-05T03:00:00,4.561,-,-
2022-11-05T02:45:00,4.561,-,-
2022-11-05T02:30:00,4.561,-,-
2022-11-05T02:15:00,4.561,-,-
2022-11-05T02:00:00,4.561,-,-
2022-11-05T01:45:00,4.561,-,-
2022-11-05T01:30:00,4.560,-,-
2022-11-05T01:15:00,4.560,-,-
2022-11-05T01:00:00,4.561,-,-
2022-11-05T00:45:00,4.561,-,-
2022-11-05T00:30:00,4.560,-,-
2022-11-05T00:15:00,4.561,-,-
2022-11-05T00:00:00,4.560,-,-
2022-11-18T23:45:00,4.365,-,-
2022-11-18T23:30:00,4.365,-,-
2022-11-18T23:15:00,4.363,-,-
2022-11-18T23:00:00,4.362,-,-
2022-11-18T22:45:00,4.363,-,-
2022-11-18T22:30:00,4.363,-,-
2022-11-18T22:15:00,4.364,-,-
2022-11-18T22:00:00,4.363,-,-
2022-11-18T21:45:00,4.365,-,-
2022-11-18T21:30:00,4.365,-,-
2022-11-18T21:15:00,4.366,-,-
2022-11-18T21:00:00,4.365,-,-
2022-11-18T20:45:00,4.362,-,-
2022-11-18T20:30:00,4.358,-,-
2022-11-18T20:15:00,4.354,-,-
2022-11-18T20:00:00,4.349,-,-
2022-11-18T19:45:00,4.344,-,-
2022-11-18T19:30:00,4.337,-,-
2022-11-18T19:15:00,4.332,-,-
2022-11-18T19:00:00,4.327,-,-
2022-11-18T18:45:00,4.323,-,-
2022-11-18T18:30:00,4.321,-,-
2022-11-18T18:15:00,4.313,-,-
2022-11-18T18:00:00,4.305,-,-
2022-11-18T17:45:00,4.296,-,-
2022-11-18T17:30:00,4.286,-,-
2022-11-18T17:15:00,4.276,-,-
2022-11-18T17:00:00,4.265,-,-
2022-11-18T16:45:00,4.254,-,-
2022-11-18T16:30:00,4.245,-,-
2022-11-18T16:15:00,4.235,-,-
2022-11-18T16:00:00,4.226,-,-
2022-11-18T15:45:00,4.218,-,-
2022-11-18T15:30:00,4.211,-,-
2022-11-18T15:15:00,4.206,-,-
2022-11-18T15:00:00,4.203,-,-
2022-11-18T14:45:00,4.202,-,-
2022-11-18T14:30:00,4.201,-,-
2022-11-18T14:15:00,4.201,-,-
2022-11-18T14:00:00,4.201,-,-
2022-11-18T13:45:00,4.201,-,-
2022-11-18T13:30:00,4.201,-,-
2022-11-18T13:15:00,4.202,-,-
2022-11-18T13:00:00,4.203,-,-
2022-11-18T12:45:00,4.202,-,-
2022-11-18T12:30:00,4.203,-,-
2022-11-18T12:15:00,4.203,-,-
2022-11-18T12:00:00,4.203,-,-
2022-11-18T11:45:00,4.202,-,-
2022-11-18T11:30:00,4.202,-,-
2022-11-18T11:15:00,4.202,-,-
2022-11-18T11:00:00,4.201,-,-
2022-11-18T10:45:00,4.202,-,-
2022-11-18T10:30:00,4.201,-,-
2022-11-18T10:15:00,4.201,-,-
2022-11-18T10:00:00,4.202,-,-
2022-11-18T09:45:00,4.202,-,-
2022-11-18T09:30:00,4.204,-,-
2022-11-18T09:15:00,4.204,-,-
2022-11-18T09:00:00,4.204,-,-
2022-11-18T08:45:00,4.203,-,-
2022-11-18T08:30:00,4.204,-,-
2022-11-18T08:15:00,4.203,-,-
2022-11-18T08:00:00,4.203,-,-
2022-11-18T07:45:00,4.202,-,-
2022-11-18T07:30:00,4.203,-,-
2022-11-18T07:15:00,4.203,-,-
2022-11-18T07:00:00,4.203,-,-
2022-11-18T06:45:00,4.203,-,-
2022-11-18T06:30:00,4.203,-,-
2022-11-18T06:15:00,4.204,-,-
2022-11-18T06:00:00,4.204,-,-
2022-11-18T05:45:00,4.205,-,-
2022-11-18T05:30:00,4.206,-,-
2022-11-18T05:15:00,4.207,-,-
2022-11-18T05:00:00,4.206,-,-
2022-11-18T04:45:00,4.206,-,-
2022-11-18T04:30:00,4.207,-,-
2022-11-18T04:15:00,4.206,-,-
2022-11-18T04:00:00,4.205,-,-
2022-11-18T03:45:00,4.204,-,-
2022-11-18T03:30:00,4.202,-,-
2022-11-18T03:15:00,4.199,-,-
2022-11-18T03:00:00,4.193,-,-
2022-11-18T02:45:00,4.187,-,-
2022-11-18T02:30:00,4.179,-,-
2022-11-18T02:15:00,4.174,-,-
2022-11-18T02:00:00,4.168,-,-
2022-11-18T01:45:00,4.164,-,-
2022-11-18T01:30:00,4.159,-,-
2022-11-18T01:15:00,4.154,-,-
2022-11-18T01:00:00,4.150,-,-
2022-11-18T00:45:00,4.148,-,-
2022-11-18T00:30:00,4.147,-,-
2022-11-18T00:15:00,4.144,-,-
2022-11-18T00:00:00,4.143,-,-
2022-11-17T23:45:00,4.143,-,-
2022-11-17T23:30:00,4.141,-,-
2022-11-17T23:15:00,4.140,-,-
2022-11-17T23:00:00,4.140,-,-
2022-11-17T22:45:00,4.139,-,-
2022-11-17T22:30:00,4.139,-,-
2022-11-17T22:15:00,4.137,-,-
2022-11-17T22:00:00,4.138,-,-
2022-11-17T21:45:00,4.138,-,-
2022-11-17T21:30:00,4.138,-,-
2022-11-17T21:15:00,4.139,-,-
2022-11-17T21:00:00,4.139,-,-
2022-11-17T20:45:00,4.137,-,-
2022-11-17T20:30:00,4.131,-,-
2022-11-17T20:15:00,4.125,-,-
2022-11-17T20:00:00,4.118,-,-
2022-11-17T19:45:00,4.105,-,-
2022-11-17T19:30:00,4.092,-,-
2022-11-17T19:15:00,4.080,-,-
2022-11-17T19:00:00,4.069,-,-
2022-11-17T18:45:00,4.058,-,-
2022-11-17T18:30:00,4.049,-,-
2022-11-17T18:15:00,4.039,-,-
2022-11-17T18:00:00,4.033,-,-
2022-11-17T17:45:00,4.027,-,-
2022-11-17T17:30:00,4.024,-,-
2022-11-17T17:15:00,4.025,-,-
2022-11-17T17:00:00,4.025,-,-
2022-11-17T16:45:00,4.022,-,-
2022-11-17T16:30:00,4.021,-,-
2022-11-17T16:15:00,4.022,-,-
2022-11-17T16:00:00,4.021,-,-
2022-11-17T15:45:00,4.018,-,-
2022-11-17T15:30:00,4.020,-,-
2022-11-17T15:15:00,4.021,-,-
2022-11-17T15:00:00,4.020,-,-
2022-11-17T14:45:00,4.019,-,-
2022-11-17T14:30:00,4.016,-,-
2022-11-17T14:15:00,4.017,-,-
2022-11-17T14:00:00,4.016,-,-
2022-11-17T13:45:00,4.015,-,-
2022-11-17T13:30:00,4.020,-,-
2022-11-17T13:15:00,4.025,-,-
2022-11-17T13:00:00,4.029,-,-
2022-11-17T12:45:00,4.035,-,-
2022-11-17T12:30:00,4.038,-,-
2022-11-17T12:15:00,4.041,-,-
2022-11-17T12:00:00,4.043,-,-
2022-11-17T11:45:00,4.043,-,-
2022-11-17T11:30:00,4.044,-,-
2022-11-17T11:15:00,4.045,-,-
2022-11-17T11:00:00,4.047,-,-
2022-11-17T10:45:00,4.047,-,-
2022-11-17T10:30:00,4.048,-,-
2022-11-17T10:15:00,4.048,-,-
2022-11-17T10:00:00,4.048,-,-
2022-11-17T09:45:00,4.050,-,-
2022-11-17T09:30:00,4.051,-,-
2022-11-17T09:15:00,4.052,-,-
2022-11-17T09:00:00,4.053,-,-
2022-11-17T08:45:00,4.055,-,-
2022-11-17T08:30:00,4.053,-,-
2022-11-17T08:15:00,4.054,-,-
2022-11-17T08:00:00,4.055,-,-
2022-11-17T07:45:00,4.055,-,-
2022-11-17T07:30:00,4.056,-,-
2022-11-17T07:15:00,4.056,-,-
2022-11-17T07:00:00,4.056,-,-
2022-11-17T06:45:00,4.057,-,-
2022-11-17T06:30:00,4.058,-,-
2022-11-17T06:15:00,4.058,-,-
2022-11-17T06:00:00,4.057,-,-
2022-11-17T05:45:00,4.058,-,-
2022-11-17T05:30:00,4.058,-,-
2022-11-17T05:15:00,4.058,-,-
2022-11-17T05:00:00,4.058,-,-
2022-11-17T04:45:00,4.059,-,-
2022-11-17T04:30:00,4.059,-,-
2022-11-17T04:15:00,4.058,-,-
2022-11-17T04:00:00,4.060,-,-
2022-11-17T03:45:00,4.059,-,-
2022-11-17T03:30:00,4.059,-,-
2022-11-17T03:15:00,4.059,-,-
2022-11-17T03:00:00,4.061,-,-
2022-11-17T02:45:00,4.061,-,-
2022-11-17T02:30:00,4.062,-,-
2022-11-17T02:15:00,4.062,-,-
2022-11-17T02:00:00,4.062,-,-
2022-11-17T01:45:00,4.063,-,-
2022-11-17T01:30:00,4.064,-,-
2022-11-17T01:15:00,4.064,-,-
2022-11-17T01:00:00,4.065,-,-
2022-11-17T00:45:00,4.065,-,-
2022-11-17T00:30:00,4.068,-,-
2022-11-17T00:15:00,4.067,-,-
2022-11-17T00:00:00,4.068,-,-
2022-11-16T23:45:00,4.070,-,-
2022-11-16T23:30:00,4.072,-,-
2022-11-16T23:15:00,4.070,-,-
2022-11-16T23:00:00,4.070,-,-
2022-11-16T22:45:00,4.071,-,-
2022-11-16T22:30:00,4.071,-,-
2022-11-16T22:15:00,4.071,-,-
2022-11-16T22:00:00,4.072,-,-
2022-11-16T21:45:00,4.072,-,-
2022-11-16T21:30:00,4.073,-,-
2022-11-16T21:15:00,4.072,-,-
2022-11-16T21:00:00,4.071,-,-
2022-11-16T20:45:00,4.072,-,-
2022-11-16T20:30:00,4.070,-,-
2022-11-16T20:15:00,4.069,-,-
2022-11-16T20:00:00,4.067,-,-
2022-11-16T19:45:00,4.070,-,-
2022-11-16T19:30:00,4.067,-,-
2022-11-16T19:15:00,4.065,-,-
2022-11-16T19:00:00,4.065,-,-
2022-11-16T18:45:00,4.064,-,-
2022-11-16T18:30:00,4.064,-,-
2022-11-16T18:15:00,4.066,-,-
2022-11-16T18:00:00,4.066,-,-
2022-11-16T17:45:00,4.066,-,-
2022-11-16T17:30:00,4.067,-,-
2022-11-16T17:15:00,4.068,-,-
2022-11-16T17:00:00,4.067,-,-
2022-11-16T16:45:00,4.067,-,-
2022-11-16T16:30:00,4.067,-,-
2022-11-16T16:15:00,4.067,-,-
2022-11-16T16:00:00,4.070,-,-
2022-11-16T15:45:00,4.071,-,-
2022-11-16T15:30:00,4.073,-,-
2022-11-16T15:15:00,4.073,-,-
2022-11-16T15:00:00,4.073,-,-
2022-11-16T14:45:00,4.075,-,-
2022-11-16T14:30:00,4.077,-,-
2022-11-16T14:15:00,4.076,-,-
2022-11-16T14:00:00,4.076,-,-
2022-11-16T13:45:00,4.079,-,-
2022-11-16T13:30:00,4.079,-,-
2022-11-16T13:15:00,4.081,-,-
2022-11-16T13:00:00,4.083,-,-
2022-11-16T12:45:00,4.084,-,-
2022-11-16T12:30:00,4.086,-,-
2022-11-16T12:15:00,4.078,-,-
2022-11-16T12:00:00,4.078,-,-
2022-11-16T11:45:00,4.080,-,-
2022-11-16T11:30:00,4.080,-,-
2022-11-16T11:15:00,4.081,-,-
2022-11-16T11:00:00,4.082,-,-
2022-11-16T10:45:00,4.081,-,-
2022-11-16T10:30:00,4.081,-,-
2022-11-16T10:15:00,4.081,-,-
2022-11-16T10:00:00,4.083,-,-
2022-11-16T09:45:00,4.084,-,-
2022-11-16T09:30:00,4.086,-,-
2022-11-16T09:15:00,4.089,-,-
2022-11-16T09:00:00,4.091,-,-
2022-11-16T08:45:00,4.092,-,-
2022-11-16T08:30:00,4.093,-,-
2022-11-16T08:15:00,4.094,-,-
2022-11-16T08:00:00,4.096,-,-
2022-11-16T07:45:00,4.099,-,-
2022-11-16T07:30:00,4.099,-,-
2022-11-16T07:15:00,4.101,-,-
2022-11-16T07:00:00,4.103,-,-
2022-11-16T06:45:00,4.105,-,-
2022-11-16T06:30:00,4.107,-,-
2022-11-16T06:15:00,4.109,-,-
2022-11-16T06:00:00,4.110,-,-
2022-11-16T05:45:00,4.111,-,-
2022-11-16T05:30:00,4.114,-,-
2022-11-16T05:15:00,4.115,-,-
2022-11-16T05:00:00,4.116,-,-
2022-11-16T04:45:00,4.118,-,-
2022-11-16T04:30:00,4.119,-,-
2022-11-16T04:15:00,4.121,-,-
2022-11-16T04:00:00,4.123,-,-
2022-11-16T03:45:00,4.124,-,-
2022-11-16T03:30:00,4.127,-,-
2022-11-16T03:15:00,4.129,-,-
2022-11-16T03:00:00,4.132,-,-
2022-11-16T02:45:00,4.134,-,-
2022-11-16T02:30:00,4.136,-,-
2022-11-16T02:15:00,4.137,-,-
2022-11-16T02:00:00,4.139,-,-
2022-11-16T01:45:00,4.141,-,-
2022-11-16T01:30:00,4.142,-,-
2022-11-16T01:15:00,4.144,-,-
2022-11-16T01:00:00,4.146,-,-
2022-11-16T00:45:00,4.145,-,-
2022-11-16T00:30:00,4.145,-,-
2022-11-16T00:15:00,4.144,-,-
2022-11-16T00:00:00,4.141,-,-
2022-11-15T23:45:00,4.138,-,-
2022-11-15T23:30:00,4.135,-,-
2022-11-15T23:15:00,4.133,-,-
2022-11-15T23:00:00,4.129,-,-
2022-11-15T22:45:00,4.125,-,-
2022-11-15T22:30:00,4.121,-,-
2022-11-15T22:15:00,4.117,-,-
2022-11-15T22:00:00,4.113,-,-
2022-11-15T21:45:00,4.110,-,-
2022-11-15T21:30:00,4.108,-,-
2022-11-15T21:15:00,4.106,-,-
2022-11-15T21:00:00,4.106,-,-
2022-11-15T20:45:00,4.105,-,-
2022-11-15T20:30:00,4.105,-,-
2022-11-15T20:15:00,4.106,-,-
2022-11-15T20:00:00,4.107,-,-
2022-11-15T19:45:00,4.109,-,-
2022-11-15T19:30:00,4.112,-,-
2022-11-15T19:15:00,4.110,-,-
2022-11-15T19:00:00,4.113,-,-
2022-11-15T18:45:00,4.113,-,-
2022-11-15T18:30:00,4.117,-,-
2022-11-15T18:15:00,4.116,-,-
2022-11-15T18:00:00,4.115,-,-
2022-11-15T17:45:00,4.117,-,-
2022-11-15T17:30:00,4.115,-,-
2022-11-15T17:15:00,4.113,-,-
2022-11-15T17:00:00,4.116,-,-
2022-11-15T16:45:00,4.117,-,-
2022-11-15T16:30:00,4.119,-,-
2022-11-15T16:15:00,4.120,-,-
2022-11-15T16:00:00,4.121,-,-
2022-11-15T15:45:00,4.122,-,-
2022-11-15T15:30:00,4.123,-,-
2022-11-15T15:15:00,4.125,-,-
2022-11-15T15:00:00,4.126,-,-
2022-11-15T14:45:00,4.128,-,-
2022-11-15T14:30:00,4.130,-,-
2022-11-15T14:15:00,4.133,-,-
2022-11-15T14:00:00,4.133,-,-
2022-11-15T13:45:00,4.134,-,-
2022-11-15T13:30:00,4.136,-,-
2022-11-15T13:15:00,4.137,-,-
2022-11-15T13:00:00,4.138,-,-
2022-11-15T12:45:00,4.140,-,-
2022-11-15T12:30:00,4.142,-,-
2022-11-15T12:15:00,4.143,-,-
2022-11-15T12:00:00,4.144,-,-
2022-11-15T11:45:00,4.145,-,-
2022-11-15T11:30:00,4.147,-,-
2022-11-15T11:15:00,4.149,-,-
2022-11-15T11:00:00,4.150,-,-
2022-11-15T10:45:00,4.153,-,-
2022-11-15T10:30:00,4.154,-,-
2022-11-15T10:15:00,4.155,-,-
2022-11-15T10:00:00,4.157,-,-
2022-11-15T09:45:00,4.158,-,-
2022-11-15T09:30:00,4.161,-,-
2022-11-15T09:15:00,4.162,-,-
2022-11-15T09:00:00,4.163,-,-
2022-11-15T08:45:00,4.165,-,-
2022-11-15T08:30:00,4.167,-,-
2022-11-15T08:15:00,4.168,-,-
2022-11-15T08:00:00,4.170,-,-
2022-11-15T07:45:00,4.172,-,-
2022-11-15T07:30:00,4.173,-,-
2022-11-15T07:15:00,4.175,-,-
2022-11-15T07:00:00,4.176,-,-
2022-11-15T06:45:00,4.179,-,-
2022-11-15T06:30:00,4.181,-,-
2022-11-15T06:15:00,4.183,-,-
2022-11-15T06:00:00,4.184,-,-
2022-11-15T05:45:00,4.186,-,-
2022-11-15T05:30:00,4.187,-,-
2022-11-15T05:15:00,4.189,-,-
2022-11-15T05:00:00,4.190,-,-
2022-11-15T04:45:00,4.191,-,-
2022-11-15T04:30:00,4.192,-,-
2022-11-15T04:15:00,4.193,-,-
2022-11-15T04:00:00,4.194,-,-
2022-11-15T03:45:00,4.195,-,-
2022-11-15T03:30:00,4.196,-,-
2022-11-15T03:15:00,4.197,-,-
2022-11-15T03:00:00,4.197,-,-
2022-11-15T02:45:00,4.198,-,-
2022-11-15T02:30:00,4.199,-,-
2022-11-15T02:15:00,4.198,-,-
2022-11-15T02:00:00,4.198,-,-
2022-11-15T01:45:00,4.196,-,-
2022-11-15T01:30:00,4.195,-,-
2022-11-15T01:15:00,4.194,-,-
2022-11-15T01:00:00,4.192,-,-
2022-11-15T00:45:00,4.190,-,-
2022-11-15T00:30:00,4.187,-,-
2022-11-15T00:15:00,4.185,-,-
2022-11-15T00:00:00,4.181,-,-
2022-11-14T23:45:00,4.179,-,-
2022-11-14T23:30:00,4.177,-,-
2022-11-14T23:15:00,4.174,-,-
2022-11-14T23:00:00,4.171,-,-
2022-11-14T22:45:00,4.170,-,-
2022-11-14T22:30:00,4.169,-,-
2022-11-14T22:15:00,4.168,-,-
2022-11-14T22:00:00,4.169,-,-
2022-11-14T21:45:00,4.169,-,-
2022-11-14T21:30:00,4.169,-,-
2022-11-14T21:15:00,4.169,-,-
2022-11-14T21:00:00,4.170,-,-
2022-11-14T20:45:00,4.172,-,-
2022-11-14T20:30:00,4.174,-,-
2022-11-14T20:15:00,4.174,-,-
2022-11-14T20:00:00,4.174,-,-
2022-11-14T19:45:00,4.175,-,-
2022-11-14T19:30:00,4.179,-,-
2022-11-14T19:15:00,4.180,-,-
2022-11-14T19:00:00,4.183,-,-
2022-11-14T18:45:00,4.186,-,-
2022-11-14T18:30:00,4.190,-,-
2022-11-14T18:15:00,4.192,-,-
2022-11-14T18:00:00,4.194,-,-
2022-11-14T17:45:00,4.194,-,-
2022-11-14T17:30:00,4.194,-,-
2022-11-14T17:15:00,4.194,-,-
2022-11-14T17:00:00,4.195,-,-
2022-11-14T16:45:00,4.193,-,-
2022-11-14T16:30:00,4.194,-,-
2022-11-14T16:15:00,4.197,-,-
2022-11-14T16:00:00,4.196,-,-
2022-11-14T15:45:00,4.198,-,-
2022-11-14T15:30:00,4.195,-,-
2022-11-14T15:15:00,4.196,-,-
2022-11-14T15:00:00,4.194,-,-
2022-11-14T14:45:00,4.194,-,-
2022-11-14T14:30:00,4.194,-,-
2022-11-14T14:15:00,4.194,-,-
2022-11-14T14:00:00,4.196,-,-
2022-11-14T13:45:00,4.197,-,-
2022-11-14T13:30:00,4.197,-,-
2022-11-14T13:15:00,4.198,-,-
2022-11-14T13:00:00,4.199,-,-
2022-11-14T12:45:00,4.200,-,-
2022-11-14T12:30:00,4.200,-,-
2022-11-14T12:15:00,4.200,-,-
2022-11-14T12:00:00,4.201,-,-
2022-11-14T11:45:00,4.202,-,-
2022-11-14T11:30:00,4.203,-,-
2022-11-14T11:15:00,4.203,-,-
2022-11-14T11:00:00,4.204,-,-
2022-11-14T10:45:00,4.205,-,-
2022-11-14T10:30:00,4.206,-,-
2022-11-14T10:15:00,4.207,-,-
2022-11-14T10:00:00,4.208,-,-
2022-11-14T09:45:00,4.208,-,-
2022-11-14T09:30:00,4.209,-,-
2022-11-14T09:15:00,4.210,-,-
2022-11-14T09:00:00,4.211,-,-
2022-11-14T08:45:00,4.212,-,-
2022-11-14T08:30:00,4.213,-,-
2022-11-14T08:15:00,4.214,-,-
2022-11-14T08:00:00,4.215,-,-
2022-11-14T07:45:00,4.216,-,-
2022-11-14T07:30:00,4.217,-,-
2022-11-14T07:15:00,4.217,-,-
2022-11-14T07:00:00,4.218,-,-
2022-11-14T06:45:00,4.218,-,-
2022-11-14T06:30:00,4.220,-,-
2022-11-14T06:15:00,4.220,-,-
2022-11-14T06:00:00,4.221,-,-
2022-11-14T05:45:00,4.222,-,-
2022-11-14T05:30:00,4.223,-,-
2022-11-14T05:15:00,4.224,-,-
2022-11-14T05:00:00,4.224,-,-
2022-11-14T04:45:00,4.226,-,-
2022-11-14T04:30:00,4.227,-,-
2022-11-14T04:15:00,4.226,-,-
2022-11-14T04:00:00,4.227,-,-
2022-11-14T03:45:00,4.229,-,-
2022-11-14T03:30:00,4.229,-,-
2022-11-14T03:15:00,4.230,-,-
2022-11-14T03:00:00,4.232,-,-
2022-11-14T02:45:00,4.232,-,-
2022-11-14T02:30:00,4.233,-,-
2022-11-14T02:15:00,4.233,-,-
2022-11-14T02:00:00,4.234,-,-
2022-11-14T01:45:00,4.236,-,-
2022-11-14T01:30:00,4.236,-,-
2022-11-14T01:15:00,4.237,-,-
2022-11-14T01:00:00,4.238,-,-
2022-11-14T00:45:00,4.240,-,-
2022-11-14T00:30:00,4.241,-,-
2022-11-14T00:15:00,4.242,-,-
2022-11-14T00:00:00,4.243,-,-
2022-11-13T23:45:00,4.244,-,-
2022-11-13T23:30:00,4.245,-,-
2022-11-13T23:15:00,4.247,-,-
2022-11-13T23:00:00,4.250,-,-
2022-11-13T22:45:00,4.252,-,-
2022-11-13T22:30:00,4.256,-,-
2022-11-13T22:15:00,4.259,-,-
2022-11-13T22:00:00,4.260,-,-
2022-11-13T21:45:00,4.263,-,-
2022-11-13T21:30:00,4.266,-,-
2022-11-13T21:15:00,4.272,-,-
2022-11-13T21:00:00,4.276,-,-
2022-11-13T20:45:00,4.277,-,-
2022-11-13T20:30:00,4.279,-,-
2022-11-13T20:15:00,4.281,-,-
2022-11-13T20:00:00,4.281,-,-
2022-11-13T19:45:00,4.280,-,-
2022-11-13T19:30:00,4.279,-,-
2022-11-13T19:15:00,4.279,-,-
2022-11-13T19:00:00,4.279,-,-
2022-11-13T18:45:00,4.277,-,-
2022-11-13T18:30:00,4.273,-,-
2022-11-13T18:15:00,4.273,-,-
2022-11-13T18:00:00,4.271,-,-
2022-11-13T17:45:00,4.271,-,-
2022-11-13T17:30:00,4.271,-,-
2022-11-13T17:15:00,4.267,-,-
2022-11-13T17:00:00,4.260,-,-
2022-11-13T16:45:00,4.259,-,-
2022-11-13T16:30:00,4.257,-,-
2022-11-13T16:15:00,4.256,-,-
2022-11-13T16:00:00,4.254,-,-
2022-11-13T15:45:00,4.253,-,-
2022-11-13T15:30:00,4.251,-,-
2022-11-13T15:15:00,4.249,-,-
2022-11-13T15:00:00,4.247,-,-
2022-11-13T14:45:00,4.244,-,-
2022-11-13T14:30:00,4.240,-,-
2022-11-13T14:15:00,4.236,-,-
2022-11-13T14:00:00,4.232,-,-
2022-11-13T13:45:00,4.225,-,-
2022-11-13T13:30:00,4.218,-,-
2022-11-13T13:15:00,4.211,-,-
2022-11-13T13:00:00,4.206,-,-
2022-11-13T12:45:00,4.203,-,-
2022-11-13T12:30:00,4.203,-,-
2022-11-13T12:15:00,4.202,-,-
2022-11-13T12:00:00,4.202,-,-
2022-11-13T11:45:00,4.203,-,-
2022-11-13T11:30:00,4.204,-,-
2022-11-13T11:15:00,4.205,-,-
2022-11-13T11:00:00,4.207,-,-
2022-11-13T10:45:00,4.208,-,-
2022-11-13T10:30:00,4.209,-,-
2022-11-13T10:15:00,4.210,-,-
2022-11-13T10:00:00,4.211,-,-
2022-11-13T09:45:00,4.212,-,-
2022-11-13T09:30:00,4.214,-,-
2022-11-13T09:15:00,4.216,-,-
2022-11-13T09:00:00,4.217,-,-
2022-11-13T08:45:00,4.217,-,-
2022-11-13T08:30:00,4.219,-,-
2022-11-13T08:15:00,4.219,-,-
2022-11-13T08:00:00,4.221,-,-
2022-11-13T07:45:00,4.222,-,-
2022-11-13T07:30:00,4.223,-,-
2022-11-13T07:15:00,4.223,-,-
2022-11-13T07:00:00,4.224,-,-
2022-11-13T06:45:00,4.225,-,-
2022-11-13T06:30:00,4.226,-,-
2022-11-13T06:15:00,4.226,-,-
2022-11-13T06:00:00,4.226,-,-
2022-11-13T05:45:00,4.227,-,-
2022-11-13T05:30:00,4.228,-,-
2022-11-13T05:15:00,4.228,-,-
2022-11-13T05:00:00,4.230,-,-
2022-11-13T04:45:00,4.231,-,-
2022-11-13T04:30:00,4.232,-,-
2022-11-13T04:15:00,4.232,-,-
2022-11-13T04:00:00,4.234,-,-
2022-11-13T03:45:00,4.235,-,-
2022-11-13T03:30:00,4.235,-,-
2022-11-13T03:15:00,4.236,-,-
2022-11-13T03:00:00,4.237,-,-
2022-11-13T02:45:00,4.237,-,-
2022-11-13T02:30:00,4.238,-,-
2022-11-13T02:15:00,4.240,-,-
2022-11-13T02:00:00,4.240,-,-
2022-11-13T01:45:00,4.241,-,-
2022-11-13T01:30:00,4.243,-,-
2022-11-13T01:15:00,4.243,-,-
2022-11-13T01:00:00,4.245,-,-
2022-11-13T00:45:00,4.246,-,-
2022-11-13T00:30:00,4.247,-,-
2022-11-13T00:15:00,4.249,-,-
2022-11-13T00:00:00,4.250,-,-
2022-11-12T23:45:00,4.253,-,-
2022-11-12T23:30:00,4.255,-,-
2022-11-12T23:15:00,4.257,-,-
2022-11-12T23:00:00,4.258,-,-
2022-11-12T22:45:00,4.260,-,-
2022-11-12T22:30:00,4.264,-,-
2022-11-12T22:15:00,4.268,-,-
2022-11-12T22:00:00,4.271,-,-
2022-11-12T21:45:00,4.275,-,-
2022-11-12T21:30:00,4.279,-,-
2022-11-12T21:15:00,4.282,-,-
2022-11-12T21:00:00,4.284,-,-
2022-11-12T20:45:00,4.284,-,-
2022-11-12T20:30:00,4.284,-,-
2022-11-12T20:15:00,4.284,-,-
2022-11-12T20:00:00,4.282,-,-
2022-11-12T19:45:00,4.283,-,-
2022-11-12T19:30:00,4.281,-,-
2022-11-12T19:15:00,4.280,-,-
2022-11-12T19:00:00,4.279,-,-
2022-11-12T18:45:00,4.278,-,-
2022-11-12T18:30:00,4.276,-,-
2022-11-12T18:15:00,4.276,-,-
2022-11-12T18:00:00,4.274,-,-
2022-11-12T17:45:00,4.273,-,-
2022-11-12T17:30:00,4.274,-,-
2022-11-12T17:15:00,4.273,-,-
2022-11-12T17:00:00,4.272,-,-
2022-11-12T16:45:00,4.270,-,-
2022-11-12T16:30:00,4.269,-,-
2022-11-12T16:15:00,4.268,-,-
2022-11-12T16:00:00,4.266,-,-
2022-11-12T15:45:00,4.264,-,-
2022-11-12T15:30:00,4.262,-,-
2022-11-12T15:15:00,4.260,-,-
2022-11-12T15:00:00,4.257,-,-
2022-11-12T14:45:00,4.253,-,-
2022-11-12T14:30:00,4.248,-,-
2022-11-12T14:15:00,4.242,-,-
2022-11-12T14:00:00,4.234,-,-
2022-11-12T13:45:00,4.228,-,-
2022-11-12T13:30:00,4.223,-,-
2022-11-12T13:15:00,4.220,-,-
2022-11-12T13:00:00,4.218,-,-
2022-11-12T12:45:00,4.218,-,-
2022-11-12T12:30:00,4.218,-,-
2022-11-12T12:15:00,4.219,-,-
2022-11-12T12:00:00,4.220,-,-
2022-11-12T11:45:00,4.220,-,-
2022-11-12T11:30:00,4.221,-,-
2022-11-12T11:15:00,4.222,-,-
2022-11-12T11:00:00,4.222,-,-
2022-11-12T10:45:00,4.223,-,-
2022-11-12T10:30:00,4.225,-,-
2022-11-12T10:15:00,4.226,-,-
2022-11-12T10:00:00,4.226,-,-
2022-11-12T09:45:00,4.228,-,-
2022-11-12T09:30:00,4.229,-,-
2022-11-12T09:15:00,4.230,-,-
2022-11-12T09:00:00,4.230,-,-
2022-11-12T08:45:00,4.231,-,-
2022-11-12T08:30:00,4.233,-,-
2022-11-12T08:15:00,4.234,-,-
2022-11-12T08:00:00,4.235,-,-
2022-11-12T07:45:00,4.236,-,-
2022-11-12T07:30:00,4.237,-,-
2022-11-12T07:15:00,4.237,-,-
2022-11-12T07:00:00,4.239,-,-
2022-11-12T06:45:00,4.240,-,-
2022-11-12T06:30:00,4.240,-,-
2022-11-12T06:15:00,4.241,-,-
2022-11-12T06:00:00,4.241,-,-
2022-11-12T05:45:00,4.243,-,-
2022-11-12T05:30:00,4.244,-,-
2022-11-12T05:15:00,4.245,-,-
2022-11-12T05:00:00,4.246,-,-
2022-11-12T04:45:00,4.247,-,-
2022-11-12T04:30:00,4.248,-,-
2022-11-12T04:15:00,4.250,-,-
2022-11-12T04:00:00,4.249,-,-
2022-11-12T03:45:00,4.250,-,-
2022-11-12T03:30:00,4.250,-,-
2022-11-12T03:15:00,4.252,-,-
2022-11-12T03:00:00,4.254,-,-
2022-11-12T02:45:00,4.255,-,-
2022-11-12T02:30:00,4.257,-,-
2022-11-12T02:15:00,4.256,-,-
2022-11-12T02:00:00,4.256,-,-
2022-11-12T01:45:00,4.257,-,-
2022-11-12T01:30:00,4.259,-,-
2022-11-12T01:15:00,4.260,-,-
2022-11-12T01:00:00,4.261,-,-
2022-11-12T00:45:00,4.262,-,-
2022-11-12T00:30:00,4.263,-,-
2022-11-12T00:15:00,4.264,-,-
2022-11-12T00:00:00,4.265,-,-
2022-11-25T23:45:00,4.091,-,-
2022-11-25T23:30:00,4.091,-,-
2022-11-25T23:15:00,4.091,-,-
2022-11-25T23:00:00,4.091,-,-
2022-11-25T22:45:00,4.091,-,-
2022-11-25T22:30:00,4.091,-,-
2022-11-25T22:15:00,4.091,-,-
2022-11-25T22:00:00,4.091,-,-
2022-11-25T21:45:00,4.090,-,-
2022-11-25T21:30:00,4.089,-,-
2022-11-25T21:15:00,4.088,-,-
2022-11-25T21:00:00,4.089,-,-
2022-11-25T20:45:00,4.088,-,-
2022-11-25T20:30:00,4.089,-,-
2022-11-25T20:15:00,4.089,-,-
2022-11-25T20:00:00,4.090,-,-
2022-11-25T19:45:00,4.089,-,-
2022-11-25T19:30:00,4.090,-,-
2022-11-25T19:15:00,4.089,-,-
2022-11-25T19:00:00,4.089,-,-
2022-11-25T18:45:00,4.088,-,-
2022-11-25T18:30:00,4.088,-,-
2022-11-25T18:15:00,4.088,-,-
2022-11-25T18:00:00,4.088,-,-
2022-11-25T17:45:00,4.088,-,-
2022-11-25T17:30:00,4.088,-,-
2022-11-25T17:15:00,4.087,-,-
2022-11-25T17:00:00,4.088,-,-
2022-11-25T16:45:00,4.088,-,-
2022-11-25T16:30:00,4.087,-,-
2022-11-25T16:15:00,4.086,-,-
2022-11-25T16:00:00,4.087,-,-
2022-11-25T15:45:00,4.086,-,-
2022-11-25T15:30:00,4.085,-,-
2022-11-25T15:15:00,4.085,-,-
2022-11-25T15:00:00,4.085,-,-
2022-11-25T14:45:00,4.086,-,-
2022-11-25T14:30:00,4.085,-,-
2022-11-25T14:15:00,4.086,-,-
2022-11-25T14:00:00,4.086,-,-
2022-11-25T13:45:00,4.085,-,-
2022-11-25T13:30:00,4.087,-,-
2022-11-25T13:15:00,4.085,-,-
2022-11-25T13:00:00,4.087,-,-
2022-11-25T12:45:00,4.086,-,-
2022-11-25T12:30:00,4.085,-,-
2022-11-25T12:15:00,4.085,-,-
2022-11-25T12:00:00,4.085,-,-
2022-11-25T11:45:00,4.085,-,-
2022-11-25T11:30:00,4.085,-,-
2022-11-25T11:15:00,4.084,-,-
2022-11-25T11:00:00,4.084,-,-
2022-11-25T10:45:00,4.084,-,-
2022-11-25T10:30:00,4.086,-,-
2022-11-25T10:15:00,4.085,-,-
2022-11-25T10:00:00,4.085,-,-
2022-11-25T09:45:00,4.085,-,-
2022-11-25T09:30:00,4.085,-,-
2022-11-25T09:15:00,4.085,-,-
2022-11-25T09:00:00,4.086,-,-
2022-11-25T08:45:00,4.086,-,-
2022-11-25T08:30:00,4.085,-,-
2022-11-25T08:15:00,4.086,-,-
2022-11-25T08:00:00,4.086,-,-
2022-11-25T07:45:00,4.086,-,-
2022-11-25T07:30:00,4.085,-,-
2022-11-25T07:15:00,4.085,-,-
2022-11-25T07:00:00,4.085,-,-
2022-11-25T06:45:00,4.084,-,-
2022-11-25T06:30:00,4.084,-,-
2022-11-25T06:15:00,4.083,-,-
2022-11-25T06:00:00,4.084,-,-
2022-11-25T05:45:00,4.085,-,-
2022-11-25T05:30:00,4.084,-,-
2022-11-25T05:15:00,4.082,-,-
2022-11-25T05:00:00,4.081,-,-
2022-11-25T04:45:00,4.083,-,-
2022-11-25T04:30:00,4.082,-,-
2022-11-25T04:15:00,4.081,-,-
2022-11-25T04:00:00,4.081,-,-
2022-11-25T03:45:00,4.080,-,-
2022-11-25T03:30:00,4.080,-,-
2022-11-25T03:15:00,4.081,-,-
2022-11-25T03:00:00,4.080,-,-
2022-11-25T02:45:00,4.079,-,-
2022-11-25T02:30:00,4.079,-,-
2022-11-25T02:15:00,4.078,-,-
2022-11-25T02:00:00,4.078,-,-
2022-11-25T01:45:00,4.079,-,-
2022-11-25T01:30:00,4.077,-,-
2022-11-25T01:15:00,4.076,-,-
2022-11-25T01:00:00,4.076,-,-
2022-11-25T00:45:00,4.075,-,-
2022-11-25T00:30:00,4.075,-,-
2022-11-25T00:15:00,4.075,-,-
2022-11-25T00:00:00,4.074,-,-
2022-11-24T23:45:00,4.074,-,-
2022-11-24T23:30:00,4.073,-,-
2022-11-24T23:15:00,4.074,-,-
2022-11-24T23:00:00,4.074,-,-
2022-11-24T22:45:00,4.074,-,-
2022-11-24T22:30:00,4.073,-,-
2022-11-24T22:15:00,4.073,-,-
2022-11-24T22:00:00,4.074,-,-
2022-11-24T21:45:00,4.075,-,-
2022-11-24T21:30:00,4.075,-,-
2022-11-24T21:15:00,4.077,-,-
2022-11-24T21:00:00,4.078,-,-
2022-11-24T20:45:00,4.079,-,-
2022-11-24T20:30:00,4.081,-,-
2022-11-24T20:15:00,4.084,-,-
2022-11-24T20:00:00,4.085,-,-
2022-11-24T19:45:00,4.087,-,-
2022-11-24T19:30:00,4.089,-,-
2022-11-24T19:15:00,4.094,-,-
2022-11-24T19:00:00,4.099,-,-
2022-11-24T18:45:00,4.107,-,-
2022-11-24T18:30:00,4.115,-,-
2022-11-24T18:15:00,4.126,-,-
2022-11-24T18:00:00,4.139,-,-
2022-11-24T17:45:00,4.158,-,-
2022-11-24T17:30:00,4.177,-,-
2022-11-24T17:15:00,4.197,-,-
2022-11-24T17:00:00,4.218,-,-
2022-11-24T16:45:00,4.238,-,-
2022-11-24T16:30:00,4.251,-,-
2022-11-24T16:15:00,4.253,-,-
2022-11-24T16:00:00,4.235,-,-
2022-11-24T15:45:00,4.193,-,-
2022-11-24T15:30:00,4.124,-,-
2022-11-24T15:15:00,4.060,-,-
2022-11-24T15:00:00,4.034,-,-
2022-11-24T14:45:00,4.029,-,-
2022-11-24T14:30:00,4.028,-,-
2022-11-24T14:15:00,4.027,-,-
2022-11-24T14:00:00,4.025,-,-
2022-11-24T13:45:00,4.022,-,-
2022-11-24T13:30:00,4.020,-,-
2022-11-24T13:15:00,4.017,-,-
2022-11-24T13:00:00,4.016,-,-
2022-11-24T12:45:00,4.015,-,-
2022-11-24T12:30:00,4.015,-,-
2022-11-24T12:15:00,4.014,-,-
2022-11-24T12:00:00,4.014,-,-
2022-11-24T11:45:00,4.014,-,-
2022-11-24T11:30:00,4.014,-,-
2022-11-24T11:15:00,4.014,-,-
2022-11-24T11:00:00,4.013,-,-
2022-11-24T10:45:00,4.012,-,-
2022-11-24T10:30:00,4.013,-,-
2022-11-24T10:15:00,4.013,-,-
2022-11-24T10:00:00,4.014,-,-
2022-11-24T09:45:00,4.012,-,-
2022-11-24T09:30:00,4.013,-,-
2022-11-24T09:15:00,4.013,-,-
2022-11-24T09:00:00,4.013,-,-
2022-11-24T08:45:00,4.012,-,-
2022-11-24T08:30:00,4.013,-,-
2022-11-24T08:15:00,4.012,-,-
2022-11-24T08:00:00,4.012,-,-
2022-11-24T07:45:00,4.012,-,-
2022-11-24T07:30:00,4.012,-,-
2022-11-24T07:15:00,4.011,-,-
2022-11-24T07:00:00,4.010,-,-
2022-11-24T06:45:00,4.010,-,-
2022-11-24T06:30:00,4.010,-,-
2022-11-24T06:15:00,4.008,-,-
2022-11-24T06:00:00,4.009,-,-
2022-11-24T05:45:00,4.008,-,-
2022-11-24T05:30:00,4.008,-,-
2022-11-24T05:15:00,4.008,-,-
2022-11-24T05:00:00,4.006,-,-
2022-11-24T04:45:00,4.005,-,-
2022-11-24T04:30:00,4.004,-,-
2022-11-24T04:15:00,4.004,-,-
2022-11-24T04:00:00,4.003,-,-
2022-11-24T03:45:00,4.002,-,-
2022-11-24T03:30:00,4.002,-,-
2022-11-24T03:15:00,4.002,-,-
2022-11-24T03:00:00,4.002,-,-
2022-11-24T02:45:00,4.002,-,-
2022-11-24T02:30:00,4.002,-,-
2022-11-24T02:15:00,4.001,-,-
2022-11-24T02:00:00,3.999,-,-
2022-11-24T01:45:00,4.001,-,-
2022-11-24T01:30:00,4.001,-,-
2022-11-24T01:15:00,4.002,-,-
2022-11-24T01:00:00,4.000,-,-
2022-11-24T00:45:00,4.000,-,-
2022-11-24T00:30:00,4.000,-,-
2022-11-24T00:15:00,4.000,-,-
2022-11-24T00:00:00,4.001,-,-
2022-11-23T23:45:00,4.000,-,-
2022-11-23T23:30:00,4.000,-,-
2022-11-23T23:15:00,4.000,-,-
2022-11-23T23:00:00,3.999,-,-
2022-11-23T22:45:00,4.002,-,-
2022-11-23T22:30:00,4.002,-,-
2022-11-23T22:15:00,4.001,-,-
2022-11-23T22:00:00,4.000,-,-
2022-11-23T21:45:00,3.999,-,-
2022-11-23T21:30:00,3.998,-,-
2022-11-23T21:15:00,3.999,-,-
2022-11-23T21:00:00,3.998,-,-
2022-11-23T20:45:00,3.999,-,-
2022-11-23T20:30:00,3.998,-,-
2022-11-23T20:15:00,3.997,-,-
2022-11-23T20:00:00,3.997,-,-
2022-11-23T19:45:00,3.997,-,-
2022-11-23T19:30:00,3.997,-,-
2022-11-23T19:15:00,3.996,-,-
2022-11-23T19:00:00,3.995,-,-
2022-11-23T18:45:00,3.996,-,-
2022-11-23T18:30:00,3.996,-,-
2022-11-23T18:15:00,3.995,-,-
2022-11-23T18:00:00,3.994,-,-
2022-11-23T17:45:00,3.995,-,-
2022-11-23T17:30:00,3.996,-,-
2022-11-23T17:15:00,3.996,-,-
2022-11-23T17:00:00,3.997,-,-
2022-11-23T16:45:00,3.993,-,-
2022-11-23T16:30:00,3.991,-,-
2022-11-23T16:15:00,3.988,-,-
2022-11-23T16:00:00,3.987,-,-
2022-11-23T15:45:00,3.991,-,-
2022-11-23T15:30:00,3.996,-,-
2022-11-23T15:15:00,4.000,-,-
2022-11-23T15:00:00,4.002,-,-
2022-11-23T14:45:00,4.006,-,-
2022-11-23T14:30:00,4.010,-,-
2022-11-23T14:15:00,4.013,-,-
2022-11-23T14:00:00,4.017,-,-
2022-11-23T13:45:00,4.021,-,-
2022-11-23T13:30:00,4.025,-,-
2022-11-23T13:15:00,4.027,-,-
2022-11-23T13:00:00,4.031,-,-
2022-11-23T12:45:00,4.035,-,-
2022-11-23T12:30:00,4.041,-,-
2022-11-23T12:15:00,4.046,-,-
2022-11-23T12:00:00,4.051,-,-
2022-11-23T11:45:00,4.056,-,-
2022-11-23T11:30:00,4.057,-,-
2022-11-23T11:15:00,4.060,-,-
2022-11-23T11:00:00,4.062,-,-
2022-11-23T10:45:00,4.062,-,-
2022-11-23T10:30:00,4.063,-,-
2022-11-23T10:15:00,4.066,-,-
2022-11-23T10:00:00,4.068,-,-
2022-11-23T09:45:00,4.070,-,-
2022-11-23T09:30:00,4.071,-,-
2022-11-23T09:15:00,4.073,-,-
2022-11-23T09:00:00,4.075,-,-
2022-11-23T08:45:00,4.077,-,-
2022-11-23T08:30:00,4.078,-,-
2022-11-23T08:15:00,4.080,-,-
2022-11-23T08:00:00,4.082,-,-
2022-11-23T07:45:00,4.083,-,-
2022-11-23T07:30:00,4.085,-,-
2022-11-23T07:15:00,4.088,-,-
2022-11-23T07:00:00,4.090,-,-
2022-11-23T06:45:00,4.092,-,-
2022-11-23T06:30:00,4.094,-,-
2022-11-23T06:15:00,4.095,-,-
2022-11-23T06:00:00,4.098,-,-
2022-11-23T05:45:00,4.099,-,-
2022-11-23T05:30:00,4.101,-,-
2022-11-23T05:15:00,4.103,-,-
2022-11-23T05:00:00,4.105,-,-
2022-11-23T04:45:00,4.106,-,-
2022-11-23T04:30:00,4.109,-,-
2022-11-23T04:15:00,4.111,-,-
2022-11-23T04:00:00,4.113,-,-
2022-11-23T03:45:00,4.113,-,-
2022-11-23T03:30:00,4.115,-,-
2022-11-23T03:15:00,4.118,-,-
2022-11-23T03:00:00,4.120,-,-
2022-11-23T02:45:00,4.122,-,-
2022-11-23T02:30:00,4.124,-,-
2022-11-23T02:15:00,4.126,-,-
2022-11-23T02:00:00,4.128,-,-
2022-11-23T01:45:00,4.131,-,-
2022-11-23T01:30:00,4.133,-,-
2022-11-23T01:15:00,4.136,-,-
2022-11-23T01:00:00,4.137,-,-
2022-11-23T00:45:00,4.140,-,-
2022-11-23T00:30:00,4.141,-,-
2022-11-23T00:15:00,4.142,-,-
2022-11-23T00:00:00,4.145,-,-
2022-11-22T23:45:00,4.148,-,-
2022-11-22T23:30:00,4.150,-,-
2022-11-22T23:15:00,4.153,-,-
2022-11-22T23:00:00,4.155,-,-
2022-11-22T22:45:00,4.159,-,-
2022-11-22T22:30:00,4.162,-,-
2022-11-22T22:15:00,4.165,-,-
2022-11-22T22:00:00,4.168,-,-
2022-11-22T21:45:00,4.172,-,-
2022-11-22T21:30:00,4.175,-,-
2022-11-22T21:15:00,4.179,-,-
2022-11-22T21:00:00,4.183,-,-
2022-11-22T20:45:00,4.187,-,-
2022-11-22T20:30:00,4.191,-,-
2022-11-22T20:15:00,4.193,-,-
2022-11-22T20:00:00,4.198,-,-
2022-11-22T19:45:00,4.201,-,-
2022-11-22T19:30:00,4.206,-,-
2022-11-22T19:15:00,4.209,-,-
2022-11-22T19:00:00,4.214,-,-
2022-11-22T18:45:00,4.220,-,-
2022-11-22T18:30:00,4.229,-,-
2022-11-22T18:15:00,4.237,-,-
2022-11-22T18:00:00,4.249,-,-
2022-11-22T17:45:00,4.267,-,-
2022-11-22T17:30:00,4.287,-,-
2022-11-22T17:15:00,4.315,-,-
2022-11-22T17:00:00,4.346,-,-
2022-11-22T16:45:00,4.378,-,-
2022-11-22T16:30:00,4.407,-,-
2022-11-22T16:15:00,4.433,-,-
2022-11-22T16:00:00,4.454,-,-
2022-11-22T15:45:00,4.467,-,-
2022-11-22T15:30:00,4.474,-,-
2022-11-22T15:15:00,4.472,-,-
2022-11-22T15:00:00,4.465,-,-
2022-11-22T14:45:00,4.454,-,-
2022-11-22T14:30:00,4.443,-,-
2022-11-22T14:15:00,4.427,-,-
2022-11-22T14:00:00,4.406,-,-
2022-11-22T13:45:00,4.371,-,-
2022-11-22T13:30:00,4.330,-,-
2022-11-22T13:15:00,4.275,-,-
2022-11-22T13:00:00,4.217,-,-
2022-11-22T12:45:00,4.170,-,-
2022-11-22T12:30:00,4.150,-,-
2022-11-22T12:15:00,4.146,-,-
2022-11-22T12:00:00,4.147,-,-
2022-11-22T11:45:00,4.148,-,-
2022-11-22T11:30:00,4.150,-,-
2022-11-22T11:15:00,4.152,-,-
2022-11-22T11:00:00,4.154,-,-
2022-11-22T10:45:00,4.156,-,-
2022-11-22T10:30:00,4.158,-,-
2022-11-22T10:15:00,4.161,-,-
2022-11-22T10:00:00,4.163,-,-
2022-11-22T09:45:00,4.165,-,-
2022-11-22T09:30:00,4.168,-,-
2022-11-22T09:15:00,4.170,-,-
2022-11-22T09:00:00,4.173,-,-
2022-11-22T08:45:00,4.175,-,-
2022-11-22T08:30:00,4.178,-,-
2022-11-22T08:15:00,4.180,-,-
2022-11-22T08:00:00,4.182,-,-
2022-11-22T07:45:00,4.184,-,-
2022-11-22T07:30:00,4.187,-,-
2022-11-22T07:15:00,4.190,-,-
2022-11-22T07:00:00,4.192,-,-
2022-11-22T06:45:00,4.195,-,-
2022-11-22T06:30:00,4.199,-,-
2022-11-22T06:15:00,4.202,-,-
2022-11-22T06:00:00,4.205,-,-
2022-11-22T05:45:00,4.210,-,-
2022-11-22T05:30:00,4.215,-,-
2022-11-22T05:15:00,4.221,-,-
2022-11-22T05:00:00,4.228,-,-
2022-11-22T04:45:00,4.235,-,-
2022-11-22T04:30:00,4.243,-,-
2022-11-22T04:15:00,4.254,-,-
2022-11-22T04:00:00,4.266,-,-
2022-11-22T03:45:00,4.280,-,-
2022-11-22T03:30:00,4.295,-,-
2022-11-22T03:15:00,4.306,-,-
2022-11-22T03:00:00,4.314,-,-
2022-11-22T02:45:00,4.316,-,-
2022-11-22T02:30:00,4.310,-,-
2022-11-22T02:15:00,4.293,-,-
2022-11-22T02:00:00,4.266,-,-
2022-11-22T01:45:00,4.239,-,-
2022-11-22T01:30:00,4.224,-,-
2022-11-22T01:15:00,4.218,-,-
2022-11-22T01:00:00,4.217,-,-
2022-11-22T00:45:00,4.218,-,-
2022-11-22T00:30:00,4.219,-,-
2022-11-22T00:15:00,4.222,-,-
2022-11-22T00:00:00,4.223,-,-
2022-11-21T23:45:00,4.226,-,-
2022-11-21T23:30:00,4.230,-,-
2022-11-21T23:15:00,4.234,-,-
2022-11-21T23:00:00,4.238,-,-
2022-11-21T22:45:00,4.241,-,-
2022-11-21T22:30:00,4.245,-,-
2022-11-21T22:15:00,4.249,-,-
2022-11-21T22:00:00,4.254,-,-
2022-11-21T21:45:00,4.257,-,-
2022-11-21T21:30:00,4.259,-,-
2022-11-21T21:15:00,4.261,-,-
2022-11-21T21:00:00,4.262,-,-
2022-11-21T20:45:00,4.260,-,-
2022-11-21T20:30:00,4.257,-,-
2022-11-21T20:15:00,4.253,-,-
2022-11-21T20:00:00,4.248,-,-
2022-11-21T19:45:00,4.244,-,-
2022-11-21T19:30:00,4.241,-,-
2022-11-21T19:15:00,4.240,-,-
2022-11-21T19:00:00,4.240,-,-
2022-11-21T18:45:00,4.241,-,-
2022-11-21T18:30:00,4.241,-,-
2022-11-21T18:15:00,4.243,-,-
2022-11-21T18:00:00,4.244,-,-
2022-11-21T17:45:00,4.245,-,-
2022-11-21T17:30:00,4.247,-,-
2022-11-21T17:15:00,4.248,-,-
2022-11-21T17:00:00,4.250,-,-
2022-11-21T16:45:00,4.252,-,-
2022-11-21T16:30:00,4.254,-,-
2022-11-21T16:15:00,4.255,-,-
2022-11-21T16:00:00,4.257,-,-
2022-11-21T15:45:00,4.259,-,-
2022-11-21T15:30:00,4.260,-,-
2022-11-21T15:15:00,4.262,-,-
2022-11-21T15:00:00,4.262,-,-
2022-11-21T14:45:00,4.261,-,-
2022-11-21T14:30:00,4.261,-,-
2022-11-21T14:15:00,4.261,-,-
2022-11-21T14:00:00,4.261,-,-
2022-11-21T13:45:00,4.261,-,-
2022-11-21T13:30:00,4.262,-,-
2022-11-21T13:15:00,4.263,-,-
2022-11-21T13:00:00,4.264,-,-
2022-11-21T12:45:00,4.264,-,-
2022-11-21T12:30:00,4.265,-,-
2022-11-21T12:15:00,4.265,-,-
2022-11-21T12:00:00,4.266,-,-
2022-11-21T11:45:00,4.267,-,-
2022-11-21T11:30:00,4.267,-,-
2022-11-21T11:15:00,4.267,-,-
2022-11-21T11:00:00,4.268,-,-
2022-11-21T10:45:00,4.268,-,-
2022-11-21T10:30:00,4.268,-,-
2022-11-21T10:15:00,4.269,-,-
2022-11-21T10:00:00,4.269,-,-
2022-11-21T09:45:00,4.271,-,-
2022-11-21T09:30:00,4.270,-,-
2022-11-21T09:15:00,4.271,-,-
2022-11-21T09:00:00,4.271,-,-
2022-11-21T08:45:00,4.271,-,-
2022-11-21T08:30:00,4.272,-,-
2022-11-21T08:15:00,4.273,-,-
2022-11-21T08:00:00,4.273,-,-
2022-11-21T07:45:00,4.274,-,-
2022-11-21T07:30:00,4.275,-,-
2022-11-21T07:15:00,4.275,-,-
2022-11-21T07:00:00,4.275,-,-
2022-11-21T06:45:00,4.276,-,-
2022-11-21T06:30:00,4.276,-,-
2022-11-21T06:15:00,4.276,-,-
2022-11-21T06:00:00,4.277,-,-
2022-11-21T05:45:00,4.277,-,-
2022-11-21T05:30:00,4.277,-,-
2022-11-21T05:15:00,4.277,-,-
2022-11-21T05:00:00,4.277,-,-
2022-11-21T04:45:00,4.278,-,-
2022-11-21T04:30:00,4.279,-,-
2022-11-21T04:15:00,4.279,-,-
2022-11-21T04:00:00,4.279,-,-
2022-11-21T03:45:00,4.280,-,-
2022-11-21T03:30:00,4.280,-,-
2022-11-21T03:15:00,4.281,-,-
2022-11-21T03:00:00,4.281,-,-
2022-11-21T02:45:00,4.281,-,-
2022-11-21T02:30:00,4.282,-,-
2022-11-21T02:15:00,4.282,-,-
2022-11-21T02:00:00,4.283,-,-
2022-11-21T01:45:00,4.283,-,-
2022-11-21T01:30:00,4.285,-,-
2022-11-21T01:15:00,4.286,-,-
2022-11-21T01:00:00,4.288,-,-
2022-11-21T00:45:00,4.289,-,-
2022-11-21T00:30:00,4.290,-,-
2022-11-21T00:15:00,4.291,-,-
2022-11-21T00:00:00,4.293,-,-
2022-11-20T23:45:00,4.295,-,-
2022-11-20T23:30:00,4.297,-,-
2022-11-20T23:15:00,4.298,-,-
2022-11-20T23:00:00,4.301,-,-
2022-11-20T22:45:00,4.303,-,-
2022-11-20T22:30:00,4.305,-,-
2022-11-20T22:15:00,4.308,-,-
2022-11-20T22:00:00,4.311,-,-
2022-11-20T21:45:00,4.314,-,-
2022-11-20T21:30:00,4.318,-,-
2022-11-20T21:15:00,4.322,-,-
2022-11-20T21:00:00,4.325,-,-
2022-11-20T20:45:00,4.328,-,-
2022-11-20T20:30:00,4.331,-,-
2022-11-20T20:15:00,4.331,-,-
2022-11-20T20:00:00,4.329,-,-
2022-11-20T19:45:00,4.327,-,-
2022-11-20T19:30:00,4.323,-,-
2022-11-20T19:15:00,4.321,-,-
2022-11-20T19:00:00,4.318,-,-
2022-11-20T18:45:00,4.315,-,-
2022-11-20T18:30:00,4.313,-,-
2022-11-20T18:15:00,4.311,-,-
2022-11-20T18:00:00,4.309,-,-
2022-11-20T17:45:00,4.306,-,-
2022-11-20T17:30:00,4.305,-,-
2022-11-20T17:15:00,4.303,-,-
2022-11-20T17:00:00,4.301,-,-
2022-11-20T16:45:00,4.299,-,-
2022-11-20T16:30:00,4.298,-,-
2022-11-20T16:15:00,4.296,-,-
2022-11-20T16:00:00,4.294,-,-
2022-11-20T15:45:00,4.293,-,-
2022-11-20T15:30:00,4.291,-,-
2022-11-20T15:15:00,4.288,-,-
2022-11-20T15:00:00,4.284,-,-
2022-11-20T14:45:00,4.282,-,-
2022-11-20T14:30:00,4.277,-,-
2022-11-20T14:15:00,4.272,-,-
2022-11-20T14:00:00,4.266,-,-
2022-11-20T13:45:00,4.259,-,-
2022-11-20T13:30:00,4.251,-,-
2022-11-20T13:15:00,4.243,-,-
2022-11-20T13:00:00,4.235,-,-
2022-11-20T12:45:00,4.230,-,-
2022-11-20T12:30:00,4.227,-,-
2022-11-20T12:15:00,4.224,-,-
2022-11-20T12:00:00,4.224,-,-
2022-11-20T11:45:00,4.225,-,-
2022-11-20T11:30:00,4.225,-,-
2022-11-20T11:15:00,4.225,-,-
2022-11-20T11:00:00,4.225,-,-
2022-11-20T10:45:00,4.225,-,-
2022-11-20T10:30:00,4.225,-,-
2022-11-20T10:15:00,4.225,-,-
2022-11-20T10:00:00,4.224,-,-
2022-11-20T09:45:00,4.224,-,-
2022-11-20T09:30:00,4.224,-,-
2022-11-20T09:15:00,4.225,-,-
2022-11-20T09:00:00,4.225,-,-
2022-11-20T08:45:00,4.225,-,-
2022-11-20T08:30:00,4.225,-,-
2022-11-20T08:15:00,4.226,-,-
2022-11-20T08:00:00,4.226,-,-
2022-11-20T07:45:00,4.226,-,-
2022-11-20T07:30:00,4.226,-,-
2022-11-20T07:15:00,4.226,-,-
2022-11-20T07:00:00,4.226,-,-
2022-11-20T06:45:00,4.225,-,-
2022-11-20T06:30:00,4.226,-,-
2022-11-20T06:15:00,4.227,-,-
2022-11-20T06:00:00,4.227,-,-
2022-11-20T05:45:00,4.226,-,-
2022-11-20T05:30:00,4.226,-,-
2022-11-20T05:15:00,4.227,-,-
2022-11-20T05:00:00,4.227,-,-
2022-11-20T04:45:00,4.226,-,-
2022-11-20T04:30:00,4.225,-,-
2022-11-20T04:15:00,4.225,-,-
2022-11-20T04:00:00,4.225,-,-
2022-11-20T03:45:00,4.226,-,-
2022-11-20T03:30:00,4.225,-,-
2022-11-20T03:15:00,4.225,-,-
2022-11-20T03:00:00,4.225,-,-
2022-11-20T02:45:00,4.225,-,-
2022-11-20T02:30:00,4.224,-,-
2022-11-20T02:15:00,4.224,-,-
2022-11-20T02:00:00,4.224,-,-
2022-11-20T01:45:00,4.224,-,-
2022-11-20T01:30:00,4.224,-,-
2022-11-20T01:15:00,4.225,-,-
2022-11-20T01:00:00,4.225,-,-
2022-11-20T00:45:00,4.225,-,-
2022-11-20T00:30:00,4.225,-,-
2022-11-20T00:15:00,4.225,-,-
2022-11-20T00:00:00,4.226,-,-
2022-11-19T23:45:00,4.226,-,-
2022-11-19T23:30:00,4.228,-,-
2022-11-19T23:15:00,4.228,-,-
2022-11-19T23:00:00,4.231,-,-
2022-11-19T22:45:00,4.234,-,-
2022-11-19T22:30:00,4.236,-,-
2022-11-19T22:15:00,4.241,-,-
2022-11-19T22:00:00,4.245,-,-
2022-11-19T21:45:00,4.250,-,-
2022-11-19T21:30:00,4.256,-,-
2022-11-19T21:15:00,4.261,-,-
2022-11-19T21:00:00,4.266,-,-
2022-11-19T20:45:00,4.269,-,-
2022-11-19T20:30:00,4.270,-,-
2022-11-19T20:15:00,4.269,-,-
2022-11-19T20:00:00,4.269,-,-
2022-11-19T19:45:00,4.267,-,-
2022-11-19T19:30:00,4.265,-,-
2022-11-19T19:15:00,4.264,-,-
2022-11-19T19:00:00,4.262,-,-
2022-11-19T18:45:00,4.261,-,-
2022-11-19T18:30:00,4.262,-,-
2022-11-19T18:15:00,4.259,-,-
2022-11-19T18:00:00,4.256,-,-
2022-11-19T17:45:00,4.256,-,-
2022-11-19T17:30:00,4.256,-,-
2022-11-19T17:15:00,4.255,-,-
2022-11-19T17:00:00,4.252,-,-
2022-11-19T16:45:00,4.249,-,-
2022-11-19T16:30:00,4.247,-,-
2022-11-19T16:15:00,4.246,-,-
2022-11-19T16:00:00,4.247,-,-
2022-11-19T15:45:00,4.247,-,-
2022-11-19T15:30:00,4.248,-,-
2022-11-19T15:15:00,4.249,-,-
2022-11-19T15:00:00,4.249,-,-
2022-11-19T14:45:00,4.249,-,-
2022-11-19T14:30:00,4.250,-,-
2022-11-19T14:15:00,4.247,-,-
2022-11-19T14:00:00,4.245,-,-
2022-11-19T13:45:00,4.242,-,-
2022-11-19T13:30:00,4.238,-,-
2022-11-19T13:15:00,4.231,-,-
2022-11-19T13:00:00,4.225,-,-
2022-11-19T12:45:00,4.220,-,-
2022-11-19T12:30:00,4.216,-,-
2022-11-19T12:15:00,4.213,-,-
2022-11-19T12:00:00,4.213,-,-
2022-11-19T11:45:00,4.215,-,-
2022-11-19T11:30:00,4.218,-,-
2022-11-19T11:15:00,4.221,-,-
2022-11-19T11:00:00,4.224,-,-
2022-11-19T10:45:00,4.227,-,-
2022-11-19T10:30:00,4.231,-,-
2022-11-19T10:15:00,4.234,-,-
2022-11-19T10:00:00,4.237,-,-
2022-11-19T09:45:00,4.241,-,-
2022-11-19T09:30:00,4.244,-,-
2022-11-19T09:15:00,4.248,-,-
2022-11-19T09:00:00,4.251,-,-
2022-11-19T08:45:00,4.255,-,-
2022-11-19T08:30:00,4.258,-,-
2022-11-19T08:15:00,4.264,-,-
2022-11-19T08:00:00,4.266,-,-
2022-11-19T07:45:00,4.271,-,-
2022-11-19T07:30:00,4.274,-,-
2022-11-19T07:15:00,4.278,-,-
2022-11-19T07:00:00,4.283,-,-
2022-11-19T06:45:00,4.286,-,-
2022-11-19T06:30:00,4.290,-,-
2022-11-19T06:15:00,4.294,-,-
2022-11-19T06:00:00,4.297,-,-
2022-11-19T05:45:00,4.301,-,-
2022-11-19T05:30:00,4.304,-,-
2022-11-19T05:15:00,4.308,-,-
2022-11-19T05:00:00,4.311,-,-
2022-11-19T04:45:00,4.315,-,-
2022-11-19T04:30:00,4.319,-,-
2022-11-19T04:15:00,4.323,-,-
2022-11-19T04:00:00,4.326,-,-
2022-11-19T03:45:00,4.331,-,-
2022-11-19T03:30:00,4.334,-,-
2022-11-19T03:15:00,4.339,-,-
2022-11-19T03:00:00,4.342,-,-
2022-11-19T02:45:00,4.345,-,-
2022-11-19T02:30:00,4.348,-,-
2022-11-19T02:15:00,4.351,-,-
2022-11-19T02:00:00,4.353,-,-
2022-11-19T01:45:00,4.356,-,-
2022-11-19T01:30:00,4.359,-,-
2022-11-19T01:15:00,4.362,-,-
2022-11-19T01:00:00,4.364,-,-
2022-11-19T00:45:00,4.365,-,-
2022-11-19T00:30:00,4.366,-,-
2022-11-19T00:15:00,4.367,-,-
2022-11-19T00:00:00,4.365,-,-
2022-12-02T23:45:00,4.330,-,-
2022-12-02T23:30:00,4.331,-,-
2022-12-02T23:15:00,4.331,-,-
2022-12-02T23:00:00,4.332,-,-
2022-12-02T22:45:00,4.332,-,-
2022-12-02T22:30:00,4.332,-,-
2022-12-02T22:15:00,4.333,-,-
2022-12-02T22:00:00,4.334,-,-
2022-12-02T21:45:00,4.334,-,-
2022-12-02T21:30:00,4.335,-,-
2022-12-02T21:15:00,4.335,-,-
2022-12-02T21:00:00,4.335,-,-
2022-12-02T20:45:00,4.336,-,-
2022-12-02T20:30:00,4.336,-,-
2022-12-02T20:15:00,4.336,-,-
2022-12-02T20:00:00,4.337,-,-
2022-12-02T19:45:00,4.337,-,-
2022-12-02T19:30:00,4.337,-,-
2022-12-02T19:15:00,4.338,-,-
2022-12-02T19:00:00,4.338,-,-
2022-12-02T18:45:00,4.339,-,-
2022-12-02T18:30:00,4.339,-,-
2022-12-02T18:15:00,4.340,-,-
2022-12-02T18:00:00,4.340,-,-
2022-12-02T17:45:00,4.341,-,-
2022-12-02T17:30:00,4.341,-,-
2022-12-02T17:15:00,4.342,-,-
2022-12-02T17:00:00,4.342,-,-
2022-12-02T16:45:00,4.342,-,-
2022-12-02T16:30:00,4.343,-,-
2022-12-02T16:15:00,4.343,-,-
2022-12-02T16:00:00,4.344,-,-
2022-12-02T15:45:00,4.344,-,-
2022-12-02T15:30:00,4.345,-,-
2022-12-02T15:15:00,4.345,-,-
2022-12-02T15:00:00,4.345,-,-
2022-12-02T14:45:00,4.346,-,-
2022-12-02T14:30:00,4.346,-,-
2022-12-02T14:15:00,4.346,-,-
2022-12-02T14:00:00,4.346,-,-
2022-12-02T13:45:00,4.348,-,-
2022-12-02T13:30:00,4.347,-,-
2022-12-02T13:15:00,4.348,-,-
2022-12-02T13:00:00,4.349,-,-
2022-12-02T12:45:00,4.350,-,-
2022-12-02T12:30:00,4.351,-,-
2022-12-02T12:15:00,4.352,-,-
2022-12-02T12:00:00,4.351,-,-
2022-12-02T11:45:00,4.351,-,-
2022-12-02T11:30:00,4.352,-,-
2022-12-02T11:15:00,4.353,-,-
2022-12-02T11:00:00,4.353,-,-
2022-12-02T10:45:00,4.354,-,-
2022-12-02T10:30:00,4.354,-,-
2022-12-02T10:15:00,4.354,-,-
2022-12-02T10:00:00,4.355,-,-
2022-12-02T09:45:00,4.356,-,-
2022-12-02T09:30:00,4.357,-,-
2022-12-02T09:15:00,4.357,-,-
2022-12-02T09:00:00,4.359,-,-
2022-12-02T08:45:00,4.359,-,-
2022-12-02T08:30:00,4.361,-,-
2022-12-02T08:15:00,4.361,-,-
2022-12-02T08:00:00,4.362,-,-
2022-12-02T07:45:00,4.363,-,-
2022-12-02T07:30:00,4.363,-,-
2022-12-02T07:15:00,4.363,-,-
2022-12-02T07:00:00,4.363,-,-
2022-12-02T06:45:00,4.364,-,-
2022-12-02T06:30:00,4.364,-,-
2022-12-02T06:15:00,4.365,-,-
2022-12-02T06:00:00,4.366,-,-
2022-12-02T05:45:00,4.367,-,-
2022-12-02T05:30:00,4.367,-,-
2022-12-02T05:15:00,4.368,-,-
2022-12-02T05:00:00,4.370,-,-
2022-12-02T04:45:00,4.370,-,-
2022-12-02T04:30:00,4.371,-,-
2022-12-02T04:15:00,4.370,-,-
2022-12-02T04:00:00,4.371,-,-
2022-12-02T03:45:00,4.373,-,-
2022-12-02T03:30:00,4.373,-,-
2022-12-02T03:15:00,4.374,-,-
2022-12-02T03:00:00,4.375,-,-
2022-12-02T02:45:00,4.375,-,-
2022-12-02T02:30:00,4.376,-,-
2022-12-02T02:15:00,4.376,-,-
2022-12-02T02:00:00,4.377,-,-
2022-12-02T01:45:00,4.378,-,-
2022-12-02T01:30:00,4.379,-,-
2022-12-02T01:15:00,4.379,-,-
2022-12-02T01:00:00,4.380,-,-
2022-12-02T00:45:00,4.380,-,-
2022-12-02T00:30:00,4.381,-,-
2022-12-02T00:15:00,4.381,-,-
2022-12-02T00:00:00,4.383,-,-
2022-12-01T23:45:00,4.383,-,-
2022-12-01T23:30:00,4.384,-,-
2022-12-01T23:15:00,4.385,-,-
2022-12-01T23:00:00,4.386,-,-
2022-12-01T22:45:00,4.386,-,-
2022-12-01T22:30:00,4.387,-,-
2022-12-01T22:15:00,4.387,-,-
2022-12-01T22:00:00,4.388,-,-
2022-12-01T21:45:00,4.389,-,-
2022-12-01T21:30:00,4.390,-,-
2022-12-01T21:15:00,4.390,-,-
2022-12-01T21:00:00,4.391,-,-
2022-12-01T20:45:00,4.391,-,-
2022-12-01T20:30:00,4.392,-,-
2022-12-01T20:15:00,4.393,-,-
2022-12-01T20:00:00,4.394,-,-
2022-12-01T19:45:00,4.395,-,-
2022-12-01T19:30:00,4.395,-,-
2022-12-01T19:15:00,4.396,-,-
2022-12-01T19:00:00,4.397,-,-
2022-12-01T18:45:00,4.397,-,-
2022-12-01T18:30:00,4.399,-,-
2022-12-01T18:15:00,4.400,-,-
2022-12-01T18:00:00,4.400,-,-
2022-12-01T17:45:00,4.401,-,-
2022-12-01T17:30:00,4.402,-,-
2022-12-01T17:15:00,4.402,-,-
2022-12-01T17:00:00,4.403,-,-
2022-12-01T16:45:00,4.404,-,-
2022-12-01T16:30:00,4.404,-,-
2022-12-01T16:15:00,4.405,-,-
2022-12-01T16:00:00,4.406,-,-
2022-12-01T15:45:00,4.407,-,-
2022-12-01T15:30:00,4.406,-,-
2022-12-01T15:15:00,4.407,-,-
2022-12-01T15:00:00,4.408,-,-
2022-12-01T14:45:00,4.408,-,-
2022-12-01T14:30:00,4.409,-,-
2022-12-01T14:15:00,4.410,-,-
2022-12-01T14:00:00,4.411,-,-
2022-12-01T13:45:00,4.412,-,-
2022-12-01T13:30:00,4.413,-,-
2022-12-01T13:15:00,4.414,-,-
2022-12-01T13:00:00,4.414,-,-
2022-12-01T12:45:00,4.415,-,-
2022-12-01T12:30:00,4.415,-,-
2022-12-01T12:15:00,4.417,-,-
2022-12-01T12:00:00,4.418,-,-
2022-12-01T11:45:00,4.419,-,-
2022-12-01T11:30:00,4.420,-,-
2022-12-01T11:15:00,4.421,-,-
2022-12-01T11:00:00,4.421,-,-
2022-12-01T10:45:00,4.422,-,-
2022-12-01T10:30:00,4.423,-,-
2022-12-01T10:15:00,4.423,-,-
2022-12-01T10:00:00,4.424,-,-
2022-12-01T09:45:00,4.424,-,-
2022-12-01T09:30:00,4.425,-,-
2022-12-01T09:15:00,4.426,-,-
2022-12-01T09:00:00,4.427,-,-
2022-12-01T08:45:00,4.428,-,-
2022-12-01T08:30:00,4.430,-,-
2022-12-01T08:15:00,4.430,-,-
2022-12-01T08:00:00,4.429,-,-
2022-12-01T07:45:00,4.430,-,-
2022-12-01T07:30:00,4.431,-,-
2022-12-01T07:15:00,4.431,-,-
2022-12-01T07:00:00,4.432,-,-
2022-12-01T06:45:00,4.433,-,-
2022-12-01T06:30:00,4.433,-,-
2022-12-01T06:15:00,4.433,-,-
2022-12-01T06:00:00,4.433,-,-
2022-12-01T05:45:00,4.433,-,-
2022-12-01T05:30:00,4.434,-,-
2022-12-01T05:15:00,4.434,-,-
2022-12-01T05:00:00,4.434,-,-
2022-12-01T04:45:00,4.435,-,-
2022-12-01T04:30:00,4.435,-,-
2022-12-01T04:15:00,4.435,-,-
2022-12-01T04:00:00,4.436,-,-
2022-12-01T03:45:00,4.436,-,-
2022-12-01T03:30:00,4.437,-,-
2022-12-01T03:15:00,4.437,-,-
2022-12-01T03:00:00,4.437,-,-
2022-12-01T02:45:00,4.437,-,-
2022-12-01T02:30:00,4.438,-,-
2022-12-01T02:15:00,4.438,-,-
2022-12-01T02:00:00,4.438,-,-
2022-12-01T01:45:00,4.439,-,-
2022-12-01T01:30:00,4.439,-,-
2022-12-01T01:15:00,4.439,-,-
2022-12-01T01:00:00,4.439,-,-
2022-12-01T00:45:00,4.440,-,-
2022-12-01T00:30:00,4.440,-,-
2022-12-01T00:15:00,4.441,-,-
2022-12-01T00:00:00,4.441,-,-
2022-11-30T23:45:00,4.441,-,-
2022-11-30T23:30:00,4.442,-,-
2022-11-30T23:15:00,4.442,-,-
2022-11-30T23:00:00,4.443,-,-
2022-11-30T22:45:00,4.443,-,-
2022-11-30T22:30:00,4.443,-,-
2022-11-30T22:15:00,4.443,-,-
2022-11-30T22:00:00,4.443,-,-
2022-11-30T21:45:00,4.444,-,-
2022-11-30T21:30:00,4.444,-,-
2022-11-30T21:15:00,4.444,-,-
2022-11-30T21:00:00,4.444,-,-
2022-11-30T20:45:00,4.444,-,-
2022-11-30T20:30:00,4.445,-,-
2022-11-30T20:15:00,4.446,-,-
2022-11-30T20:00:00,4.446,-,-
2022-11-30T19:45:00,4.445,-,-
2022-11-30T19:30:00,4.445,-,-
2022-11-30T19:15:00,4.444,-,-
2022-11-30T19:00:00,4.444,-,-
2022-11-30T18:45:00,4.445,-,-
2022-11-30T18:30:00,4.447,-,-
2022-11-30T18:15:00,4.447,-,-
2022-11-30T18:00:00,4.448,-,-
2022-11-30T17:45:00,4.447,-,-
2022-11-30T17:30:00,4.448,-,-
2022-11-30T17:15:00,4.446,-,-
2022-11-30T17:00:00,4.445,-,-
2022-11-30T16:45:00,4.445,-,-
2022-11-30T16:30:00,4.444,-,-
2022-11-30T16:15:00,4.445,-,-
2022-11-30T16:00:00,4.446,-,-
2022-11-30T15:45:00,4.448,-,-
2022-11-30T15:30:00,4.448,-,-
2022-11-30T15:15:00,4.446,-,-
2022-11-30T15:00:00,4.446,-,-
2022-11-30T14:45:00,4.446,-,-
2022-11-30T14:30:00,4.445,-,-
2022-11-30T14:15:00,4.445,-,-
2022-11-30T14:00:00,4.446,-,-
2022-11-30T13:45:00,4.446,-,-
2022-11-30T13:30:00,4.445,-,-
2022-11-30T13:15:00,4.445,-,-
2022-11-30T13:00:00,4.446,-,-
2022-11-30T12:45:00,4.446,-,-
2022-11-30T12:30:00,4.446,-,-
2022-11-30T12:15:00,4.446,-,-
2022-11-30T12:00:00,4.446,-,-
2022-11-30T11:45:00,4.446,-,-
2022-11-30T11:30:00,4.446,-,-
2022-11-30T11:15:00,4.447,-,-
2022-11-30T11:00:00,4.447,-,-
2022-11-30T10:45:00,4.447,-,-
2022-11-30T10:30:00,4.446,-,-
2022-11-30T10:15:00,4.446,-,-
2022-11-30T10:00:00,4.447,-,-
2022-11-30T09:45:00,4.447,-,-
2022-11-30T09:30:00,4.447,-,-
2022-11-30T09:15:00,4.447,-,-
2022-11-30T09:00:00,4.447,-,-
2022-11-30T08:45:00,4.448,-,-
2022-11-30T08:30:00,4.448,-,-
2022-11-30T08:15:00,4.448,-,-
2022-11-30T08:00:00,4.449,-,-
2022-11-30T07:45:00,4.449,-,-
2022-11-30T07:30:00,4.449,-,-
2022-11-30T07:15:00,4.449,-,-
2022-11-30T07:00:00,4.449,-,-
2022-11-30T06:45:00,4.449,-,-
2022-11-30T06:30:00,4.449,-,-
2022-11-30T06:15:00,4.449,-,-
2022-11-30T06:00:00,4.449,-,-
2022-11-30T05:45:00,4.449,-,-
2022-11-30T05:30:00,4.449,-,-
2022-11-30T05:15:00,4.449,-,-
2022-11-30T05:00:00,4.449,-,-
2022-11-30T04:45:00,4.449,-,-
2022-11-30T04:30:00,4.448,-,-
2022-11-30T04:15:00,4.448,-,-
2022-11-30T04:00:00,4.448,-,-
2022-11-30T03:45:00,4.448,-,-
2022-11-30T03:30:00,4.448,-,-
2022-11-30T03:15:00,4.448,-,-
2022-11-30T03:00:00,4.448,-,-
2022-11-30T02:45:00,4.448,-,-
2022-11-30T02:30:00,4.448,-,-
2022-11-30T02:15:00,4.448,-,-
2022-11-30T02:00:00,4.448,-,-
2022-11-30T01:45:00,4.448,-,-
2022-11-30T01:30:00,4.448,-,-
2022-11-30T01:15:00,4.448,-,-
2022-11-30T01:00:00,4.449,-,-
2022-11-30T00:45:00,4.449,-,-
2022-11-30T00:30:00,4.449,-,-
2022-11-30T00:15:00,4.448,-,-
2022-11-30T00:00:00,4.448,-,-
2022-11-29T23:45:00,4.447,-,-
2022-11-29T23:30:00,4.448,-,-
2022-11-29T23:15:00,4.448,-,-
2022-11-29T23:00:00,4.449,-,-
2022-11-29T22:45:00,4.451,-,-
2022-11-29T22:30:00,4.448,-,-
2022-11-29T22:15:00,4.448,-,-
2022-11-29T22:00:00,4.448,-,-
2022-11-29T21:45:00,4.448,-,-
2022-11-29T21:30:00,4.448,-,-
2022-11-29T21:15:00,4.448,-,-
2022-11-29T21:00:00,4.447,-,-
2022-11-29T20:45:00,4.447,-,-
2022-11-29T20:30:00,4.446,-,-
2022-11-29T20:15:00,4.446,-,-
2022-11-29T20:00:00,4.446,-,-
2022-11-29T19:45:00,4.447,-,-
2022-11-29T19:30:00,4.448,-,-
2022-11-29T19:15:00,4.447,-,-
2022-11-29T19:00:00,4.446,-,-
2022-11-29T18:45:00,4.446,-,-
2022-11-29T18:30:00,4.444,-,-
2022-11-29T18:15:00,4.441,-,-
2022-11-29T18:00:00,4.442,-,-
2022-11-29T17:45:00,4.444,-,-
2022-11-29T17:30:00,4.445,-,-
2022-11-29T17:15:00,4.454,-,-
2022-11-29T17:00:00,4.460,-,-
2022-11-29T16:45:00,4.443,-,-
2022-11-29T16:30:00,4.444,-,-
2022-11-29T16:15:00,4.437,-,-
2022-11-29T16:00:00,4.421,-,-
2022-11-29T15:45:00,4.417,-,-
2022-11-29T15:30:00,4.417,-,-
2022-11-29T15:15:00,4.416,-,-
2022-11-29T15:00:00,4.413,-,-
2022-11-29T14:45:00,4.411,-,-
2022-11-29T14:30:00,4.412,-,-
2022-11-29T14:15:00,4.412,-,-
2022-11-29T14:00:00,4.412,-,-
2022-11-29T13:45:00,4.413,-,-
2022-11-29T13:30:00,4.414,-,-
2022-11-29T13:15:00,4.413,-,-
2022-11-29T13:00:00,4.413,-,-
2022-11-29T12:45:00,4.413,-,-
2022-11-29T12:30:00,4.413,-,-
2022-11-29T12:15:00,4.413,-,-
2022-11-29T12:00:00,4.415,-,-
2022-11-29T11:45:00,4.414,-,-
2022-11-29T11:30:00,4.415,-,-
2022-11-29T11:15:00,4.415,-,-
2022-11-29T11:00:00,4.415,-,-
2022-11-29T10:45:00,4.415,-,-
2022-11-29T10:30:00,4.415,-,-
2022-11-29T10:15:00,4.415,-,-
2022-11-29T10:00:00,4.414,-,-
2022-11-29T09:45:00,4.414,-,-
2022-11-29T09:30:00,4.415,-,-
2022-11-29T09:15:00,4.415,-,-
2022-11-29T09:00:00,4.415,-,-
2022-11-29T08:45:00,4.415,-,-
2022-11-29T08:30:00,4.415,-,-
2022-11-29T08:15:00,4.415,-,-
2022-11-29T08:00:00,4.416,-,-
2022-11-29T07:45:00,4.417,-,-
2022-11-29T07:30:00,4.417,-,-
2022-11-29T07:15:00,4.416,-,-
2022-11-29T07:00:00,4.416,-,-
2022-11-29T06:45:00,4.416,-,-
2022-11-29T06:30:00,4.415,-,-
2022-11-29T06:15:00,4.414,-,-
2022-11-29T06:00:00,4.413,-,-
2022-11-29T05:45:00,4.411,-,-
2022-11-29T05:30:00,4.408,-,-
2022-11-29T05:15:00,4.405,-,-
2022-11-29T05:00:00,4.400,-,-
2022-11-29T04:45:00,4.397,-,-
2022-11-29T04:30:00,4.393,-,-
2022-11-29T04:15:00,4.390,-,-
2022-11-29T04:00:00,4.387,-,-
2022-11-29T03:45:00,4.384,-,-
2022-11-29T03:30:00,4.383,-,-
2022-11-29T03:15:00,4.382,-,-
2022-11-29T03:00:00,4.383,-,-
2022-11-29T02:45:00,4.382,-,-
2022-11-29T02:30:00,4.382,-,-
2022-11-29T02:15:00,4.381,-,-
2022-11-29T02:00:00,4.381,-,-
2022-11-29T01:45:00,4.381,-,-
2022-11-29T01:30:00,4.382,-,-
2022-11-29T01:15:00,4.381,-,-
2022-11-29T01:00:00,4.381,-,-
2022-11-29T00:45:00,4.380,-,-
2022-11-29T00:30:00,4.380,-,-
2022-11-29T00:15:00,4.380,-,-
2022-11-29T00:00:00,4.379,-,-
2022-11-28T23:45:00,4.379,-,-
2022-11-28T23:30:00,4.379,-,-
2022-11-28T23:15:00,4.379,-,-
2022-11-28T23:00:00,4.380,-,-
2022-11-28T22:45:00,4.380,-,-
2022-11-28T22:30:00,4.381,-,-
2022-11-28T22:15:00,4.381,-,-
2022-11-28T22:00:00,4.382,-,-
2022-11-28T21:45:00,4.382,-,-
2022-11-28T21:30:00,4.383,-,-
2022-11-28T21:15:00,4.382,-,-
2022-11-28T21:00:00,4.382,-,-
2022-11-28T20:45:00,4.383,-,-
2022-11-28T20:30:00,4.381,-,-
2022-11-28T20:15:00,4.381,-,-
2022-11-28T20:00:00,4.379,-,-
2022-11-28T19:45:00,4.378,-,-
2022-11-28T19:30:00,4.377,-,-
2022-11-28T19:15:00,4.376,-,-
2022-11-28T19:00:00,4.373,-,-
2022-11-28T18:45:00,4.372,-,-
2022-11-28T18:30:00,4.372,-,-
2022-11-28T18:15:00,4.370,-,-
2022-11-28T18:00:00,4.370,-,-
2022-11-28T17:45:00,4.370,-,-
2022-11-28T17:30:00,4.370,-,-
2022-11-28T17:15:00,4.369,-,-
2022-11-28T17:00:00,4.371,-,-
2022-11-28T16:45:00,4.371,-,-
2022-11-28T16:30:00,4.371,-,-
2022-11-28T16:15:00,4.370,-,-
2022-11-28T16:00:00,4.370,-,-
2022-11-28T15:45:00,4.372,-,-
2022-11-28T15:30:00,4.373,-,-
2022-11-28T15:15:00,4.373,-,-
2022-11-28T15:00:00,4.374,-,-
2022-11-28T14:45:00,4.373,-,-
2022-11-28T14:30:00,4.374,-,-
2022-11-28T14:15:00,4.374,-,-
2022-11-28T14:00:00,4.374,-,-
2022-11-28T13:45:00,4.373,-,-
2022-11-28T13:30:00,4.374,-,-
2022-11-28T13:15:00,4.373,-,-
2022-11-28T13:00:00,4.373,-,-
2022-11-28T12:45:00,4.373,-,-
2022-11-28T12:30:00,4.374,-,-
2022-11-28T12:15:00,4.373,-,-
2022-11-28T12:00:00,4.373,-,-
2022-11-28T11:45:00,4.374,-,-
2022-11-28T11:30:00,4.375,-,-
2022-11-28T11:15:00,4.375,-,-
2022-11-28T11:00:00,4.375,-,-
2022-11-28T10:45:00,4.376,-,-
2022-11-28T10:30:00,4.376,-,-
2022-11-28T10:15:00,4.376,-,-
2022-11-28T10:00:00,4.377,-,-
2022-11-28T09:45:00,4.378,-,-
2022-11-28T09:30:00,4.378,-,-
2022-11-28T09:15:00,4.380,-,-
2022-11-28T09:00:00,4.380,-,-
2022-11-28T08:45:00,4.380,-,-
2022-11-28T08:30:00,4.381,-,-
2022-11-28T08:15:00,4.382,-,-
2022-11-28T08:00:00,4.383,-,-
2022-11-28T07:45:00,4.383,-,-
2022-11-28T07:30:00,4.384,-,-
2022-11-28T07:15:00,4.385,-,-
2022-11-28T07:00:00,4.384,-,-
2022-11-28T06:45:00,4.382,-,-
2022-11-28T06:30:00,4.381,-,-
2022-11-28T06:15:00,4.379,-,-
2022-11-28T06:00:00,4.375,-,-
2022-11-28T05:45:00,4.371,-,-
2022-11-28T05:30:00,4.366,-,-
2022-11-28T05:15:00,4.360,-,-
2022-11-28T05:00:00,4.353,-,-
2022-11-28T04:45:00,4.346,-,-
2022-11-28T04:30:00,4.339,-,-
2022-11-28T04:15:00,4.331,-,-
2022-11-28T04:00:00,4.325,-,-
2022-11-28T03:45:00,4.321,-,-
2022-11-28T03:30:00,4.317,-,-
2022-11-28T03:15:00,4.313,-,-
2022-11-28T03:00:00,4.310,-,-
2022-11-28T02:45:00,4.306,-,-
2022-11-28T02:30:00,4.303,-,-
2022-11-28T02:15:00,4.299,-,-
2022-11-28T02:00:00,4.295,-,-
2022-11-28T01:45:00,4.291,-,-
2022-11-28T01:30:00,4.286,-,-
2022-11-28T01:15:00,4.282,-,-
2022-11-28T01:00:00,4.277,-,-
2022-11-28T00:45:00,4.274,-,-
2022-11-28T00:30:00,4.272,-,-
2022-11-28T00:15:00,4.272,-,-
2022-11-28T00:00:00,4.273,-,-
2022-11-27T23:45:00,4.273,-,-
2022-11-27T23:30:00,4.275,-,-
2022-11-27T23:15:00,4.275,-,-
2022-11-27T23:00:00,4.277,-,-
2022-11-27T22:45:00,4.279,-,-
2022-11-27T22:30:00,4.282,-,-
2022-11-27T22:15:00,4.285,-,-
2022-11-27T22:00:00,4.289,-,-
2022-11-27T21:45:00,4.293,-,-
2022-11-27T21:30:00,4.297,-,-
2022-11-27T21:15:00,4.301,-,-
2022-11-27T21:00:00,4.305,-,-
2022-11-27T20:45:00,4.310,-,-
2022-11-27T20:30:00,4.313,-,-
2022-11-27T20:15:00,4.315,-,-
2022-11-27T20:00:00,4.315,-,-
2022-11-27T19:45:00,4.315,-,-
2022-11-27T19:30:00,4.314,-,-
2022-11-27T19:15:00,4.313,-,-
2022-11-27T19:00:00,4.311,-,-
2022-11-27T18:45:00,4.310,-,-
2022-11-27T18:30:00,4.309,-,-
2022-11-27T18:15:00,4.308,-,-
2022-11-27T18:00:00,4.306,-,-
2022-11-27T17:45:00,4.306,-,-
2022-11-27T17:30:00,4.305,-,-
2022-11-27T17:15:00,4.304,-,-
2022-11-27T17:00:00,4.303,-,-
2022-11-27T16:45:00,4.300,-,-
2022-11-27T16:30:00,4.299,-,-
2022-11-27T16:15:00,4.297,-,-
2022-11-27T16:00:00,4.296,-,-
2022-11-27T15:45:00,4.295,-,-
2022-11-27T15:30:00,4.293,-,-
2022-11-27T15:15:00,4.290,-,-
2022-11-27T15:00:00,4.287,-,-
2022-11-27T14:45:00,4.284,-,-
2022-11-27T14:30:00,4.279,-,-
2022-11-27T14:15:00,4.273,-,-
2022-11-27T14:00:00,4.268,-,-
2022-11-27T13:45:00,4.262,-,-
2022-11-27T13:30:00,4.254,-,-
2022-11-27T13:15:00,4.245,-,-
2022-11-27T13:00:00,4.239,-,-
2022-11-27T12:45:00,4.233,-,-
2022-11-27T12:30:00,4.229,-,-
2022-11-27T12:15:00,4.227,-,-
2022-11-27T12:00:00,4.226,-,-
2022-11-27T11:45:00,4.227,-,-
2022-11-27T11:30:00,4.226,-,-
2022-11-27T11:15:00,4.227,-,-
2022-11-27T11:00:00,4.227,-,-
2022-11-27T10:45:00,4.227,-,-
2022-11-27T10:30:00,4.227,-,-
2022-11-27T10:15:00,4.226,-,-
2022-11-27T10:00:00,4.227,-,-
2022-11-27T09:45:00,4.227,-,-
2022-11-27T09:30:00,4.228,-,-
2022-11-27T09:15:00,4.228,-,-
2022-11-27T09:00:00,4.229,-,-
2022-11-27T08:45:00,4.230,-,-
2022-11-27T08:30:00,4.230,-,-
2022-11-27T08:15:00,4.231,-,-
2022-11-27T08:00:00,4.231,-,-
2022-11-27T07:45:00,4.231,-,-
2022-11-27T07:30:00,4.231,-,-
2022-11-27T07:15:00,4.231,-,-
2022-11-27T07:00:00,4.232,-,-
2022-11-27T06:45:00,4.231,-,-
2022-11-27T06:30:00,4.231,-,-
2022-11-27T06:15:00,4.232,-,-
2022-11-27T06:00:00,4.232,-,-
2022-11-27T05:45:00,4.231,-,-
2022-11-27T05:30:00,4.231,-,-
2022-11-27T05:15:00,4.230,-,-
2022-11-27T05:00:00,4.231,-,-
2022-11-27T04:45:00,4.231,-,-
2022-11-27T04:30:00,4.231,-,-
2022-11-27T04:15:00,4.231,-,-
2022-11-27T04:00:00,4.230,-,-
2022-11-27T03:45:00,4.230,-,-
2022-11-27T03:30:00,4.229,-,-
2022-11-27T03:15:00,4.228,-,-
2022-11-27T03:00:00,4.228,-,-
2022-11-27T02:45:00,4.228,-,-
2022-11-27T02:30:00,4.227,-,-
2022-11-27T02:15:00,4.226,-,-
2022-11-27T02:00:00,4.225,-,-
2022-11-27T01:45:00,4.225,-,-
2022-11-27T01:30:00,4.225,-,-
2022-11-27T01:15:00,4.223,-,-
2022-11-27T01:00:00,4.223,-,-
2022-11-27T00:45:00,4.221,-,-
2022-11-27T00:30:00,4.220,-,-
2022-11-27T00:15:00,4.220,-,-
2022-11-27T00:00:00,4.218,-,-
2022-11-26T23:45:00,4.216,-,-
2022-11-26T23:30:00,4.216,-,-
2022-11-26T23:15:00,4.215,-,-
2022-11-26T23:00:00,4.214,-,-
2022-11-26T22:45:00,4.214,-,-
2022-11-26T22:30:00,4.215,-,-
2022-11-26T22:15:00,4.216,-,-
2022-11-26T22:00:00,4.219,-,-
2022-11-26T21:45:00,4.223,-,-
2022-11-26T21:30:00,4.228,-,-
2022-11-26T21:15:00,4.232,-,-
2022-11-26T21:00:00,4.238,-,-
2022-11-26T20:45:00,4.243,-,-
2022-11-26T20:30:00,4.245,-,-
2022-11-26T20:15:00,4.246,-,-
2022-11-26T20:00:00,4.243,-,-
2022-11-26T19:45:00,4.239,-,-
2022-11-26T19:30:00,4.237,-,-
2022-11-26T19:15:00,4.232,-,-
2022-11-26T19:00:00,4.228,-,-
2022-11-26T18:45:00,4.226,-,-
2022-11-26T18:30:00,4.223,-,-
2022-11-26T18:15:00,4.219,-,-
2022-11-26T18:00:00,4.215,-,-
2022-11-26T17:45:00,4.213,-,-
2022-11-26T17:30:00,4.209,-,-
2022-11-26T17:15:00,4.210,-,-
2022-11-26T17:00:00,4.214,-,-
2022-11-26T16:45:00,4.215,-,-
2022-11-26T16:30:00,4.200,-,-
2022-11-26T16:15:00,4.181,-,-
2022-11-26T16:00:00,4.176,-,-
2022-11-26T15:45:00,4.173,-,-
2022-11-26T15:30:00,4.172,-,-
2022-11-26T15:15:00,4.169,-,-
2022-11-26T15:00:00,4.165,-,-
2022-11-26T14:45:00,4.163,-,-
2022-11-26T14:30:00,4.157,-,-
2022-11-26T14:15:00,4.151,-,-
2022-11-26T14:00:00,4.138,-,-
2022-11-26T13:45:00,4.124,-,-
2022-11-26T13:30:00,4.113,-,-
2022-11-26T13:15:00,4.105,-,-
2022-11-26T13:00:00,4.099,-,-
2022-11-26T12:45:00,4.096,-,-
2022-11-26T12:30:00,4.094,-,-
2022-11-26T12:15:00,4.093,-,-
2022-11-26T12:00:00,4.093,-,-
2022-11-26T11:45:00,4.093,-,-
2022-11-26T11:30:00,4.093,-,-
2022-11-26T11:15:00,4.093,-,-
2022-11-26T11:00:00,4.093,-,-
2022-11-26T10:45:00,4.093,-,-
2022-11-26T10:30:00,4.093,-,-
2022-11-26T10:15:00,4.093,-,-
2022-11-26T10:00:00,4.093,-,-
2022-11-26T09:45:00,4.094,-,-
2022-11-26T09:30:00,4.095,-,-
2022-11-26T09:15:00,4.095,-,-
2022-11-26T09:00:00,4.095,-,-
2022-11-26T08:45:00,4.095,-,-
2022-11-26T08:30:00,4.095,-,-
2022-11-26T08:15:00,4.096,-,-
2022-11-26T08:00:00,4.096,-,-
2022-11-26T07:45:00,4.096,-,-
2022-11-26T07:30:00,4.096,-,-
2022-11-26T07:15:00,4.096,-,-
2022-11-26T07:00:00,4.095,-,-
2022-11-26T06:45:00,4.095,-,-
2022-11-26T06:30:00,4.095,-,-
2022-11-26T06:15:00,4.095,-,-
2022-11-26T06:00:00,4.095,-,-
2022-11-26T05:45:00,4.096,-,-
2022-11-26T05:30:00,4.096,-,-
2022-11-26T05:15:00,4.095,-,-
2022-11-26T05:00:00,4.095,-,-
2022-11-26T04:45:00,4.095,-,-
2022-11-26T04:30:00,4.095,-,-
2022-11-26T04:15:00,4.094,-,-
2022-11-26T04:00:00,4.095,-,-
2022-11-26T03:45:00,4.095,-,-
2022-11-26T03:30:00,4.095,-,-
2022-11-26T03:15:00,4.095,-,-
2022-11-26T03:00:00,4.095,-,-
2022-11-26T02:45:00,4.095,-,-
2022-11-26T02:30:00,4.094,-,-
2022-11-26T02:15:00,4.093,-,-
2022-11-26T02:00:00,4.093,-,-
2022-11-26T01:45:00,4.093,-,-
2022-11-26T01:30:00,4.093,-,-
2022-11-26T01:15:00,4.094,-,-
2022-11-26T01:00:00,4.094,-,-
2022-11-26T00:45:00,4.093,-,-
2022-11-26T00:30:00,4.093,-,-
2022-11-26T00:15:00,4.092,-,-
2022-11-26T00:00:00,4.091,-,-
2022-12-09T23:45:00,4.002,-,-
2022-12-09T23:30:00,4.003,-,-
2022-12-09T23:15:00,4.004,-,-
2022-12-09T23:00:00,4.005,-,-
2022-12-09T22:45:00,4.007,-,-
2022-12-09T22:30:00,4.008,-,-
2022-12-09T22:15:00,4.009,-,-
2022-12-09T22:00:00,4.011,-,-
2022-12-09T21:45:00,4.012,-,-
2022-12-09T21:30:00,4.014,-,-
2022-12-09T21:15:00,4.015,-,-
2022-12-09T21:00:00,4.017,-,-
2022-12-09T20:45:00,4.021,-,-
2022-12-09T20:30:00,4.024,-,-
2022-12-09T20:15:00,4.027,-,-
2022-12-09T20:00:00,4.030,-,-
2022-12-09T19:45:00,4.035,-,-
2022-12-09T19:30:00,4.040,-,-
2022-12-09T19:15:00,4.047,-,-
2022-12-09T19:00:00,4.053,-,-
2022-12-09T18:45:00,4.063,-,-
2022-12-09T18:30:00,4.069,-,-
2022-12-09T18:15:00,4.080,-,-
2022-12-09T18:00:00,4.091,-,-
2022-12-09T17:45:00,4.104,-,-
2022-12-09T17:30:00,4.117,-,-
2022-12-09T17:15:00,4.130,-,-
2022-12-09T17:00:00,4.141,-,-
2022-12-09T16:45:00,4.150,-,-
2022-12-09T16:30:00,4.154,-,-
2022-12-09T16:15:00,4.154,-,-
2022-12-09T16:00:00,4.145,-,-
2022-12-09T15:45:00,4.133,-,-
2022-12-09T15:30:00,4.117,-,-
2022-12-09T15:15:00,4.101,-,-
2022-12-09T15:00:00,4.087,-,-
2022-12-09T14:45:00,4.075,-,-
2022-12-09T14:30:00,4.064,-,-
2022-12-09T14:15:00,4.053,-,-
2022-12-09T14:00:00,4.039,-,-
2022-12-09T13:45:00,4.026,-,-
2022-12-09T13:30:00,4.014,-,-
2022-12-09T13:15:00,4.003,-,-
2022-12-09T13:00:00,3.996,-,-
2022-12-09T12:45:00,3.993,-,-
2022-12-09T12:30:00,3.991,-,-
2022-12-09T12:15:00,3.990,-,-
2022-12-09T12:00:00,3.990,-,-
2022-12-09T11:45:00,3.990,-,-
2022-12-09T11:30:00,3.991,-,-
2022-12-09T11:15:00,3.991,-,-
2022-12-09T11:00:00,3.991,-,-
2022-12-09T10:45:00,3.991,-,-
2022-12-09T10:30:00,3.992,-,-
2022-12-09T10:15:00,3.994,-,-
2022-12-09T10:00:00,3.994,-,-
2022-12-09T09:45:00,3.995,-,-
2022-12-09T09:30:00,3.995,-,-
2022-12-09T09:15:00,3.995,-,-
2022-12-09T09:00:00,3.994,-,-
2022-12-09T08:45:00,3.993,-,-
2022-12-09T08:30:00,3.993,-,-
2022-12-09T08:15:00,3.993,-,-
2022-12-09T08:00:00,3.992,-,-
2022-12-09T07:45:00,3.991,-,-
2022-12-09T07:30:00,3.990,-,-
2022-12-09T07:15:00,3.989,-,-
2022-12-09T07:00:00,3.989,-,-
2022-12-09T06:45:00,3.988,-,-
2022-12-09T06:30:00,3.987,-,-
2022-12-09T06:15:00,3.987,-,-
2022-12-09T06:00:00,3.985,-,-
2022-12-09T05:45:00,3.984,-,-
2022-12-09T05:30:00,3.984,-,-
2022-12-09T05:15:00,3.983,-,-
2022-12-09T05:00:00,3.983,-,-
2022-12-09T04:45:00,3.982,-,-
2022-12-09T04:30:00,3.980,-,-
2022-12-09T04:15:00,3.980,-,-
2022-12-09T04:00:00,3.979,-,-
2022-12-09T03:45:00,3.979,-,-
2022-12-09T03:30:00,3.978,-,-
2022-12-09T03:15:00,3.978,-,-
2022-12-09T03:00:00,3.977,-,-
2022-12-09T02:45:00,3.978,-,-
2022-12-09T02:30:00,3.977,-,-
2022-12-09T02:15:00,3.975,-,-
2022-12-09T02:00:00,3.974,-,-
2022-12-09T01:45:00,3.973,-,-
2022-12-09T01:30:00,3.973,-,-
2022-12-09T01:15:00,3.971,-,-
2022-12-09T01:00:00,3.971,-,-
2022-12-09T00:45:00,3.971,-,-
2022-12-09T00:30:00,3.969,-,-
2022-12-09T00:15:00,3.969,-,-
2022-12-09T00:00:00,3.967,-,-
2022-12-08T23:45:00,3.967,-,-
2022-12-08T23:30:00,3.966,-,-
2022-12-08T23:15:00,3.966,-,-
2022-12-08T23:00:00,3.965,-,-
2022-12-08T22:45:00,3.962,-,-
2022-12-08T22:30:00,3.963,-,-
2022-12-08T22:15:00,3.961,-,-
2022-12-08T22:00:00,3.962,-,-
2022-12-08T21:45:00,3.961,-,-
2022-12-08T21:30:00,3.960,-,-
2022-12-08T21:15:00,3.960,-,-
2022-12-08T21:00:00,3.958,-,-
2022-12-08T20:45:00,3.958,-,-
2022-12-08T20:30:00,3.957,-,-
2022-12-08T20:15:00,3.954,-,-
2022-12-08T20:00:00,3.954,-,-
2022-12-08T19:45:00,3.954,-,-
2022-12-08T19:30:00,3.953,-,-
2022-12-08T19:15:00,3.953,-,-
2022-12-08T19:00:00,3.953,-,-
2022-12-08T18:45:00,3.952,-,-
2022-12-08T18:30:00,3.951,-,-
2022-12-08T18:15:00,3.950,-,-
2022-12-08T18:00:00,3.949,-,-
2022-12-08T17:45:00,3.950,-,-
2022-12-08T17:30:00,3.947,-,-
2022-12-08T17:15:00,3.949,-,-
2022-12-08T17:00:00,3.949,-,-
2022-12-08T16:45:00,3.948,-,-
2022-12-08T16:30:00,3.948,-,-
2022-12-08T16:15:00,3.947,-,-
2022-12-08T16:00:00,3.947,-,-
2022-12-08T15:45:00,3.947,-,-
2022-12-08T15:30:00,3.946,-,-
2022-12-08T15:15:00,3.945,-,-
2022-12-08T15:00:00,3.945,-,-
2022-12-08T14:45:00,3.944,-,-
2022-12-08T14:30:00,3.944,-,-
2022-12-08T14:15:00,3.943,-,-
2022-12-08T14:00:00,3.941,-,-
2022-12-08T13:45:00,3.940,-,-
2022-12-08T13:30:00,3.939,-,-
2022-12-08T13:15:00,3.939,-,-
2022-12-08T13:00:00,3.939,-,-
2022-12-08T12:45:00,3.938,-,-
2022-12-08T12:30:00,3.938,-,-
2022-12-08T12:15:00,3.938,-,-
2022-12-08T12:00:00,3.938,-,-
2022-12-08T11:45:00,3.937,-,-
2022-12-08T11:30:00,3.938,-,-
2022-12-08T11:15:00,3.936,-,-
2022-12-08T11:00:00,3.935,-,-
2022-12-08T10:45:00,3.935,-,-
2022-12-08T10:30:00,3.934,-,-
2022-12-08T10:15:00,3.934,-,-
2022-12-08T10:00:00,3.934,-,-
2022-12-08T09:45:00,3.933,-,-
2022-12-08T09:30:00,3.933,-,-
2022-12-08T09:15:00,3.932,-,-
2022-12-08T09:00:00,3.933,-,-
2022-12-08T08:45:00,3.933,-,-
2022-12-08T08:30:00,3.933,-,-
2022-12-08T08:15:00,3.934,-,-
2022-12-08T08:00:00,3.932,-,-
2022-12-08T07:45:00,3.932,-,-
2022-12-08T07:30:00,3.932,-,-
2022-12-08T07:15:00,3.931,-,-
2022-12-08T07:00:00,3.931,-,-
2022-12-08T06:45:00,3.931,-,-
2022-12-08T06:30:00,3.930,-,-
2022-12-08T06:15:00,3.931,-,-
2022-12-08T06:00:00,3.929,-,-
2022-12-08T05:45:00,3.929,-,-
2022-12-08T05:30:00,3.929,-,-
2022-12-08T05:15:00,3.928,-,-
2022-12-08T05:00:00,3.928,-,-
2022-12-08T04:45:00,3.927,-,-
2022-12-08T04:30:00,3.926,-,-
2022-12-08T04:15:00,3.925,-,-
2022-12-08T04:00:00,3.925,-,-
2022-12-08T03:45:00,3.925,-,-
2022-12-08T03:30:00,3.924,-,-
2022-12-08T03:15:00,3.924,-,-
2022-12-08T03:00:00,3.923,-,-
2022-12-08T02:45:00,3.923,-,-
2022-12-08T02:30:00,3.923,-,-
2022-12-08T02:15:00,3.922,-,-
2022-12-08T02:00:00,3.922,-,-
2022-12-08T01:45:00,3.922,-,-
2022-12-08T01:30:00,3.921,-,-
2022-12-08T01:15:00,3.920,-,-
2022-12-08T01:00:00,3.919,-,-
2022-12-08T00:45:00,3.920,-,-
2022-12-08T00:30:00,3.919,-,-
2022-12-08T00:15:00,3.918,-,-
2022-12-08T00:00:00,3.917,-,-
2022-12-07T23:45:00,3.917,-,-
2022-12-07T23:30:00,3.917,-,-
2022-12-07T23:15:00,3.916,-,-
2022-12-07T23:00:00,3.916,-,-
2022-12-07T22:45:00,3.915,-,-
2022-12-07T22:30:00,3.914,-,-
2022-12-07T22:15:00,3.914,-,-
2022-12-07T22:00:00,3.912,-,-
2022-12-07T21:45:00,3.912,-,-
2022-12-07T21:30:00,3.912,-,-
2022-12-07T21:15:00,3.911,-,-
2022-12-07T21:00:00,3.911,-,-
2022-12-07T20:45:00,3.910,-,-
2022-12-07T20:30:00,3.909,-,-
2022-12-07T20:15:00,3.910,-,-
2022-12-07T20:00:00,3.910,-,-
2022-12-07T19:45:00,3.911,-,-
2022-12-07T19:30:00,3.910,-,-
2022-12-07T19:15:00,3.911,-,-
2022-12-07T19:00:00,3.911,-,-
2022-12-07T18:45:00,3.912,-,-
2022-12-07T18:30:00,3.912,-,-
2022-12-07T18:15:00,3.912,-,-
2022-12-07T18:00:00,3.911,-,-
2022-12-07T17:45:00,3.910,-,-
2022-12-07T17:30:00,3.910,-,-
2022-12-07T17:15:00,3.910,-,-
2022-12-07T17:00:00,3.910,-,-
2022-12-07T16:45:00,3.910,-,-
2022-12-07T16:30:00,3.910,-,-
2022-12-07T16:15:00,3.911,-,-
2022-12-07T16:00:00,3.910,-,-
2022-12-07T15:45:00,3.910,-,-
2022-12-07T15:30:00,3.910,-,-
2022-12-07T15:15:00,3.910,-,-
2022-12-07T15:00:00,3.910,-,-
2022-12-07T14:45:00,3.910,-,-
2022-12-07T14:30:00,3.910,-,-
2022-12-07T14:15:00,3.910,-,-
2022-12-07T14:00:00,3.911,-,-
2022-12-07T13:45:00,3.910,-,-
2022-12-07T13:30:00,3.909,-,-
2022-12-07T13:15:00,3.909,-,-
2022-12-07T13:00:00,3.909,-,-
2022-12-07T12:45:00,3.908,-,-
2022-12-07T12:30:00,3.909,-,-
2022-12-07T12:15:00,3.910,-,-
2022-12-07T12:00:00,3.911,-,-
2022-12-07T11:45:00,3.912,-,-
2022-12-07T11:30:00,3.910,-,-
2022-12-07T11:15:00,3.909,-,-
2022-12-07T11:00:00,3.910,-,-
2022-12-07T10:45:00,3.908,-,-
2022-12-07T10:30:00,3.907,-,-
2022-12-07T10:15:00,3.908,-,-
2022-12-07T10:00:00,3.908,-,-
2022-12-07T09:45:00,3.909,-,-
2022-12-07T09:30:00,3.910,-,-
2022-12-07T09:15:00,3.912,-,-
2022-12-07T09:00:00,3.912,-,-
2022-12-07T08:45:00,3.913,-,-
2022-12-07T08:30:00,3.915,-,-
2022-12-07T08:15:00,3.915,-,-
2022-12-07T08:00:00,3.915,-,-
2022-12-07T07:45:00,3.917,-,-
2022-12-07T07:30:00,3.918,-,-
2022-12-07T07:15:00,3.919,-,-
2022-12-07T07:00:00,3.920,-,-
2022-12-07T06:45:00,3.920,-,-
2022-12-07T06:30:00,3.922,-,-
2022-12-07T06:15:00,3.924,-,-
2022-12-07T06:00:00,3.924,-,-
2022-12-07T05:45:00,3.927,-,-
2022-12-07T05:30:00,3.928,-,-
2022-12-07T05:15:00,3.929,-,-
2022-12-07T05:00:00,3.930,-,-
2022-12-07T04:45:00,3.932,-,-
2022-12-07T04:30:00,3.933,-,-
2022-12-07T04:15:00,3.933,-,-
2022-12-07T04:00:00,3.935,-,-
2022-12-07T03:45:00,3.937,-,-
2022-12-07T03:30:00,3.938,-,-
2022-12-07T03:15:00,3.940,-,-
2022-12-07T03:00:00,3.941,-,-
2022-12-07T02:45:00,3.943,-,-
2022-12-07T02:30:00,3.945,-,-
2022-12-07T02:15:00,3.947,-,-
2022-12-07T02:00:00,3.949,-,-
2022-12-07T01:45:00,3.951,-,-
2022-12-07T01:30:00,3.953,-,-
2022-12-07T01:15:00,3.955,-,-
2022-12-07T01:00:00,3.957,-,-
2022-12-07T00:45:00,3.960,-,-
2022-12-07T00:30:00,3.962,-,-
2022-12-07T00:15:00,3.965,-,-
2022-12-07T00:00:00,3.968,-,-
2022-12-06T23:45:00,3.972,-,-
2022-12-06T23:30:00,3.975,-,-
2022-12-06T23:15:00,3.978,-,-
2022-12-06T23:00:00,3.981,-,-
2022-12-06T22:45:00,3.984,-,-
2022-12-06T22:30:00,3.987,-,-
2022-12-06T22:15:00,3.991,-,-
2022-12-06T22:00:00,3.994,-,-
2022-12-06T21:45:00,3.999,-,-
2022-12-06T21:30:00,4.002,-,-
2022-12-06T21:15:00,4.005,-,-
2022-12-06T21:00:00,4.009,-,-
2022-12-06T20:45:00,4.014,-,-
2022-12-06T20:30:00,4.018,-,-
2022-12-06T20:15:00,4.021,-,-
2022-12-06T20:00:00,4.025,-,-
2022-12-06T19:45:00,4.029,-,-
2022-12-06T19:30:00,4.032,-,-
2022-12-06T19:15:00,4.038,-,-
2022-12-06T19:00:00,4.046,-,-
2022-12-06T18:45:00,4.049,-,-
2022-12-06T18:30:00,4.057,-,-
2022-12-06T18:15:00,4.059,-,-
2022-12-06T18:00:00,4.061,-,-
2022-12-06T17:45:00,4.060,-,-
2022-12-06T17:30:00,4.064,-,-
2022-12-06T17:15:00,4.065,-,-
2022-12-06T17:00:00,4.073,-,-
2022-12-06T16:45:00,4.080,-,-
2022-12-06T16:30:00,4.085,-,-
2022-12-06T16:15:00,4.095,-,-
2022-12-06T16:00:00,4.092,-,-
2022-12-06T15:45:00,4.097,-,-
2022-12-06T15:30:00,4.102,-,-
2022-12-06T15:15:00,4.112,-,-
2022-12-06T15:00:00,4.114,-,-
2022-12-06T14:45:00,4.134,-,-
2022-12-06T14:30:00,4.137,-,-
2022-12-06T14:15:00,4.144,-,-
2022-12-06T14:00:00,4.169,-,-
2022-12-06T13:45:00,4.177,-,-
2022-12-06T13:30:00,4.182,-,-
2022-12-06T13:15:00,4.206,-,-
2022-12-06T13:00:00,4.203,-,-
2022-12-06T12:45:00,4.231,-,-
2022-12-06T12:30:00,4.232,-,-
2022-12-06T12:15:00,4.246,-,-
2022-12-06T12:00:00,4.262,-,-
2022-12-06T11:45:00,4.279,-,-
2022-12-06T11:30:00,4.292,-,-
2022-12-06T11:15:00,4.310,-,-
2022-12-06T11:00:00,4.316,-,-
2022-12-06T10:45:00,4.323,-,-
2022-12-06T10:30:00,4.329,-,-
2022-12-06T10:15:00,4.337,-,-
2022-12-06T10:00:00,4.344,-,-
2022-12-06T09:45:00,4.349,-,-
2022-12-06T09:30:00,4.355,-,-
2022-12-06T09:15:00,4.361,-,-
2022-12-06T09:00:00,4.368,-,-
2022-12-06T08:45:00,4.375,-,-
2022-12-06T08:30:00,4.381,-,-
2022-12-06T08:15:00,4.389,-,-
2022-12-06T08:00:00,4.394,-,-
2022-12-06T07:45:00,4.400,-,-
2022-12-06T07:30:00,4.407,-,-
2022-12-06T07:15:00,4.413,-,-
2022-12-06T07:00:00,4.420,-,-
2022-12-06T06:45:00,4.427,-,-
2022-12-06T06:30:00,4.433,-,-
2022-12-06T06:15:00,4.439,-,-
2022-12-06T06:00:00,4.446,-,-
2022-12-06T05:45:00,4.453,-,-
2022-12-06T05:30:00,4.459,-,-
2022-12-06T05:15:00,4.467,-,-
2022-12-06T05:00:00,4.474,-,-
2022-12-06T04:45:00,4.481,-,-
2022-12-06T04:30:00,4.488,-,-
2022-12-06T04:15:00,4.495,-,-
2022-12-06T04:00:00,4.503,-,-
2022-12-06T03:45:00,4.509,-,-
2022-12-06T03:30:00,4.516,-,-
2022-12-06T03:15:00,4.524,-,-
2022-12-06T03:00:00,4.531,-,-
2022-12-06T02:45:00,4.540,-,-
2022-12-06T02:30:00,4.547,-,-
2022-12-06T02:15:00,4.554,-,-
2022-12-06T02:00:00,4.560,-,-
2022-12-06T01:45:00,4.568,-,-
2022-12-06T01:30:00,4.575,-,-
2022-12-06T01:15:00,4.583,-,-
2022-12-06T01:00:00,4.592,-,-
2022-12-06T00:45:00,4.601,-,-
2022-12-06T00:30:00,4.610,-,-
2022-12-06T00:15:00,4.619,-,-
2022-12-06T00:00:00,4.628,-,-
2022-12-05T23:45:00,4.637,-,-
2022-12-05T23:30:00,4.647,-,-
2022-12-05T23:15:00,4.660,-,-
2022-12-05T23:00:00,4.673,-,-
2022-12-05T22:45:00,4.690,-,-
2022-12-05T22:30:00,4.714,-,-
2022-12-05T22:15:00,4.743,-,-
2022-12-05T22:00:00,4.777,-,-
2022-12-05T21:45:00,4.818,-,-
2022-12-05T21:30:00,4.863,-,-
2022-12-05T21:15:00,4.908,-,-
2022-12-05T21:00:00,4.951,-,-
2022-12-05T20:45:00,4.986,-,-
2022-12-05T20:30:00,5.007,-,-
2022-12-05T20:15:00,5.011,-,-
2022-12-05T20:00:00,4.995,-,-
2022-12-05T19:45:00,4.974,-,-
2022-12-05T19:30:00,4.937,-,-
2022-12-05T19:15:00,4.896,-,-
2022-12-05T19:00:00,4.828,-,-
2022-12-05T18:45:00,4.752,-,-
2022-12-05T18:30:00,4.672,-,-
2022-12-05T18:15:00,4.608,-,-
2022-12-05T18:00:00,4.591,-,-
2022-12-05T17:45:00,4.595,-,-
2022-12-05T17:30:00,4.604,-,-
2022-12-05T17:15:00,4.611,-,-
2022-12-05T17:00:00,4.620,-,-
2022-12-05T16:45:00,4.636,-,-
2022-12-05T16:30:00,4.646,-,-
2022-12-05T16:15:00,4.663,-,-
2022-12-05T16:00:00,4.671,-,-
2022-12-05T15:45:00,4.676,-,-
2022-12-05T15:30:00,4.684,-,-
2022-12-05T15:15:00,4.695,-,-
2022-12-05T15:00:00,4.710,-,-
2022-12-05T14:45:00,4.731,-,-
2022-12-05T14:30:00,4.757,-,-
2022-12-05T14:15:00,4.788,-,-
2022-12-05T14:00:00,4.823,-,-
2022-12-05T13:45:00,4.858,-,-
2022-12-05T13:30:00,4.883,-,-
2022-12-05T13:15:00,4.896,-,-
2022-12-05T13:00:00,4.893,-,-
2022-12-05T12:45:00,4.858,-,-
2022-12-05T12:30:00,4.805,-,-
2022-12-05T12:15:00,4.734,-,-
2022-12-05T12:00:00,4.656,-,-
2022-12-05T11:45:00,4.595,-,-
2022-12-05T11:30:00,4.574,-,-
2022-12-05T11:15:00,4.574,-,-
2022-12-05T11:00:00,4.577,-,-
2022-12-05T10:45:00,4.581,-,-
2022-12-05T10:30:00,4.584,-,-
2022-12-05T10:15:00,4.587,-,-
2022-12-05T10:00:00,4.590,-,-
2022-12-05T09:45:00,4.593,-,-
2022-12-05T09:30:00,4.596,-,-
2022-12-05T09:15:00,4.599,-,-
2022-12-05T09:00:00,4.602,-,-
2022-12-05T08:45:00,4.606,-,-
2022-12-05T08:30:00,4.609,-,-
2022-12-05T08:15:00,4.613,-,-
2022-12-05T08:00:00,4.617,-,-
2022-12-05T07:45:00,4.620,-,-
2022-12-05T07:30:00,4.624,-,-
2022-12-05T07:15:00,4.626,-,-
2022-12-05T07:00:00,4.628,-,-
2022-12-05T06:45:00,4.631,-,-
2022-12-05T06:30:00,4.633,-,-
2022-12-05T06:15:00,4.636,-,-
2022-12-05T06:00:00,4.638,-,-
2022-12-05T05:45:00,4.641,-,-
2022-12-05T05:30:00,4.643,-,-
2022-12-05T05:15:00,4.644,-,-
2022-12-05T05:00:00,4.647,-,-
2022-12-05T04:45:00,4.650,-,-
2022-12-05T04:30:00,4.652,-,-
2022-12-05T04:15:00,4.654,-,-
2022-12-05T04:00:00,4.657,-,-
2022-12-05T03:45:00,4.660,-,-
2022-12-05T03:30:00,4.663,-,-
2022-12-05T03:15:00,4.666,-,-
2022-12-05T03:00:00,4.669,-,-
2022-12-05T02:45:00,4.671,-,-
2022-12-05T02:30:00,4.673,-,-
2022-12-05T02:15:00,4.676,-,-
2022-12-05T02:00:00,4.679,-,-
2022-12-05T01:45:00,4.681,-,-
2022-12-05T01:30:00,4.683,-,-
2022-12-05T01:15:00,4.686,-,-
2022-12-05T01:00:00,4.689,-,-
2022-12-05T00:45:00,4.692,-,-
2022-12-05T00:30:00,4.695,-,-
2022-12-05T00:15:00,4.698,-,-
2022-12-05T00:00:00,4.702,-,-
2022-12-04T23:45:00,4.706,-,-
2022-12-04T23:30:00,4.709,-,-
2022-12-04T23:15:00,4.713,-,-
2022-12-04T23:00:00,4.718,-,-
2022-12-04T22:45:00,4.724,-,-
2022-12-04T22:30:00,4.733,-,-
2022-12-04T22:15:00,4.747,-,-
2022-12-04T22:00:00,4.767,-,-
2022-12-04T21:45:00,4.793,-,-
2022-12-04T21:30:00,4.822,-,-
2022-12-04T21:15:00,4.858,-,-
2022-12-04T21:00:00,4.891,-,-
2022-12-04T20:45:00,4.920,-,-
2022-12-04T20:30:00,4.946,-,-
2022-12-04T20:15:00,4.956,-,-
2022-12-04T20:00:00,4.947,-,-
2022-12-04T19:45:00,4.931,-,-
2022-12-04T19:30:00,4.899,-,-
2022-12-04T19:15:00,4.857,-,-
2022-12-04T19:00:00,4.798,-,-
2022-12-04T18:45:00,4.730,-,-
2022-12-04T18:30:00,4.655,-,-
2022-12-04T18:15:00,4.595,-,-
2022-12-04T18:00:00,4.571,-,-
2022-12-04T17:45:00,4.569,-,-
2022-12-04T17:30:00,4.572,-,-
2022-12-04T17:15:00,4.576,-,-
2022-12-04T17:00:00,4.579,-,-
2022-12-04T16:45:00,4.581,-,-
2022-12-04T16:30:00,4.585,-,-
2022-12-04T16:15:00,4.589,-,-
2022-12-04T16:00:00,4.592,-,-
2022-12-04T15:45:00,4.598,-,-
2022-12-04T15:30:00,4.607,-,-
2022-12-04T15:15:00,4.620,-,-
2022-12-04T15:00:00,4.636,-,-
2022-12-04T14:45:00,4.661,-,-
2022-12-04T14:30:00,4.689,-,-
2022-12-04T14:15:00,4.720,-,-
2022-12-04T14:00:00,4.756,-,-
2022-12-04T13:45:00,4.786,-,-
2022-12-04T13:30:00,4.813,-,-
2022-12-04T13:15:00,4.822,-,-
2022-12-04T13:00:00,4.816,-,-
2022-12-04T12:45:00,4.779,-,-
2022-12-04T12:30:00,4.722,-,-
2022-12-04T12:15:00,4.648,-,-
2022-12-04T12:00:00,4.566,-,-
2022-12-04T11:45:00,4.504,-,-
2022-12-04T11:30:00,4.484,-,-
2022-12-04T11:15:00,4.484,-,-
2022-12-04T11:00:00,4.486,-,-
2022-12-04T10:45:00,4.489,-,-
2022-12-04T10:30:00,4.491,-,-
2022-12-04T10:15:00,4.493,-,-
2022-12-04T10:00:00,4.496,-,-
2022-12-04T09:45:00,4.499,-,-
2022-12-04T09:30:00,4.501,-,-
2022-12-04T09:15:00,4.504,-,-
2022-12-04T09:00:00,4.506,-,-
2022-12-04T08:45:00,4.509,-,-
2022-12-04T08:30:00,4.512,-,-
2022-12-04T08:15:00,4.514,-,-
2022-12-04T08:00:00,4.516,-,-
2022-12-04T07:45:00,4.519,-,-
2022-12-04T07:30:00,4.521,-,-
2022-12-04T07:15:00,4.524,-,-
2022-12-04T07:00:00,4.527,-,-
2022-12-04T06:45:00,4.529,-,-
2022-12-04T06:30:00,4.531,-,-
2022-12-04T06:15:00,4.534,-,-
2022-12-04T06:00:00,4.537,-,-
2022-12-04T05:45:00,4.541,-,-
2022-12-04T05:30:00,4.544,-,-
2022-12-04T05:15:00,4.547,-,-
2022-12-04T05:00:00,4.550,-,-
2022-12-04T04:45:00,4.552,-,-
2022-12-04T04:30:00,4.555,-,-
2022-12-04T04:15:00,4.557,-,-
2022-12-04T04:00:00,4.561,-,-
2022-12-04T03:45:00,4.563,-,-
2022-12-04T03:30:00,4.566,-,-
2022-12-04T03:15:00,4.570,-,-
2022-12-04T03:00:00,4.573,-,-
2022-12-04T02:45:00,4.578,-,-
2022-12-04T02:30:00,4.581,-,-
2022-12-04T02:15:00,4.584,-,-
2022-12-04T02:00:00,4.587,-,-
2022-12-04T01:45:00,4.590,-,-
2022-12-04T01:30:00,4.593,-,-
2022-12-04T01:15:00,4.597,-,-
2022-12-04T01:00:00,4.601,-,-
2022-12-04T00:45:00,4.605,-,-
2022-12-04T00:30:00,4.609,-,-
2022-12-04T00:15:00,4.614,-,-
2022-12-04T00:00:00,4.619,-,-
2022-12-03T23:45:00,4.626,-,-
2022-12-03T23:30:00,4.635,-,-
2022-12-03T23:15:00,4.648,-,-
2022-12-03T23:00:00,4.667,-,-
2022-12-03T22:45:00,4.692,-,-
2022-12-03T22:30:00,4.722,-,-
2022-12-03T22:15:00,4.760,-,-
2022-12-03T22:00:00,4.804,-,-
2022-12-03T21:45:00,4.848,-,-
2022-12-03T21:30:00,4.895,-,-
2022-12-03T21:15:00,4.932,-,-
2022-12-03T21:00:00,4.954,-,-
2022-12-03T20:45:00,4.971,-,-
2022-12-03T20:30:00,4.962,-,-
2022-12-03T20:15:00,4.949,-,-
2022-12-03T20:00:00,4.926,-,-
2022-12-03T19:45:00,4.903,-,-
2022-12-03T19:30:00,4.867,-,-
2022-12-03T19:15:00,4.815,-,-
2022-12-03T19:00:00,4.746,-,-
2022-12-03T18:45:00,4.653,-,-
2022-12-03T18:30:00,4.545,-,-
2022-12-03T18:15:00,4.450,-,-
2022-12-03T18:00:00,4.413,-,-
2022-12-03T17:45:00,4.410,-,-
2022-12-03T17:30:00,4.413,-,-
2022-12-03T17:15:00,4.417,-,-
2022-12-03T17:00:00,4.421,-,-
2022-12-03T16:45:00,4.425,-,-
2022-12-03T16:30:00,4.429,-,-
2022-12-03T16:15:00,4.435,-,-
2022-12-03T16:00:00,4.442,-,-
2022-12-03T15:45:00,4.452,-,-
2022-12-03T15:30:00,4.468,-,-
2022-12-03T15:15:00,4.488,-,-
2022-12-03T15:00:00,4.516,-,-
2022-12-03T14:45:00,4.548,-,-
2022-12-03T14:30:00,4.584,-,-
2022-12-03T14:15:00,4.627,-,-
2022-12-03T14:00:00,4.672,-,-
2022-12-03T13:45:00,4.710,-,-
2022-12-03T13:30:00,4.739,-,-
2022-12-03T13:15:00,4.751,-,-
2022-12-03T13:00:00,4.736,-,-
2022-12-03T12:45:00,4.691,-,-
2022-12-03T12:30:00,4.615,-,-
2022-12-03T12:15:00,4.506,-,-
2022-12-03T12:00:00,4.392,-,-
2022-12-03T11:45:00,4.315,-,-
2022-12-03T11:30:00,4.297,-,-
2022-12-03T11:15:00,4.297,-,-
2022-12-03T11:00:00,4.298,-,-
2022-12-03T10:45:00,4.300,-,-
2022-12-03T10:30:00,4.300,-,-
2022-12-03T10:15:00,4.301,-,-
2022-12-03T10:00:00,4.302,-,-
2022-12-03T09:45:00,4.305,-,-
2022-12-03T09:30:00,4.308,-,-
2022-12-03T09:15:00,4.310,-,-
2022-12-03T09:00:00,4.310,-,-
2022-12-03T08:45:00,4.312,-,-
2022-12-03T08:30:00,4.312,-,-
2022-12-03T08:15:00,4.312,-,-
2022-12-03T08:00:00,4.313,-,-
2022-12-03T07:45:00,4.314,-,-
2022-12-03T07:30:00,4.314,-,-
2022-12-03T07:15:00,4.315,-,-
2022-12-03T07:00:00,4.315,-,-
2022-12-03T06:45:00,4.316,-,-
2022-12-03T06:30:00,4.317,-,-
2022-12-03T06:15:00,4.317,-,-
2022-12-03T06:00:00,4.317,-,-
2022-12-03T05:45:00,4.318,-,-
2022-12-03T05:30:00,4.319,-,-
2022-12-03T05:15:00,4.320,-,-
2022-12-03T05:00:00,4.319,-,-
2022-12-03T04:45:00,4.320,-,-
2022-12-03T04:30:00,4.320,-,-
2022-12-03T04:15:00,4.321,-,-
2022-12-03T04:00:00,4.321,-,-
2022-12-03T03:45:00,4.322,-,-
2022-12-03T03:30:00,4.323,-,-
2022-12-03T03:15:00,4.323,-,-
2022-12-03T03:00:00,4.324,-,-
2022-12-03T02:45:00,4.325,-,-
2022-12-03T02:30:00,4.325,-,-
2022-12-03T02:15:00,4.325,-,-
2022-12-03T02:00:00,4.325,-,-
2022-12-03T01:45:00,4.326,-,-
2022-12-03T01:30:00,4.327,-,-
2022-12-03T01:15:00,4.327,-,-
2022-12-03T01:00:00,4.327,-,-
2022-12-03T00:45:00,4.328,-,-
2022-12-03T00:30:00,4.328,-,-
2022-12-03T00:15:00,4.329,-,-
2022-12-03T00:00:00,4.330,-,-
2022-12-16T23:45:00,4.016,-,-
2022-12-16T23:30:00,4.015,-,-
2022-12-16T23:15:00,4.014,-,-
2022-12-16T23:00:00,4.013,-,-
2022-12-16T22:45:00,4.012,-,-
2022-12-16T22:30:00,4.012,-,-
2022-12-16T22:15:00,4.011,-,-
2022-12-16T22:00:00,4.010,-,-
2022-12-16T21:45:00,4.010,-,-
2022-12-16T21:30:00,4.009,-,-
2022-12-16T21:15:00,4.010,-,-
2022-12-16T21:00:00,4.009,-,-
2022-12-16T20:45:00,4.007,-,-
2022-12-16T20:30:00,4.007,-,-
2022-12-16T20:15:00,4.007,-,-
2022-12-16T20:00:00,4.006,-,-
2022-12-16T19:45:00,4.005,-,-
2022-12-16T19:30:00,4.005,-,-
2022-12-16T19:15:00,4.005,-,-
2022-12-16T19:00:00,4.005,-,-
2022-12-16T18:45:00,4.005,-,-
2022-12-16T18:30:00,4.005,-,-
2022-12-16T18:15:00,4.005,-,-
2022-12-16T18:00:00,4.004,-,-
2022-12-16T17:45:00,4.004,-,-
2022-12-16T17:30:00,4.003,-,-
2022-12-16T17:15:00,4.003,-,-
2022-12-16T17:00:00,4.003,-,-
2022-12-16T16:45:00,4.002,-,-
2022-12-16T16:30:00,4.002,-,-
2022-12-16T16:15:00,4.002,-,-
2022-12-16T16:00:00,4.001,-,-
2022-12-16T15:45:00,4.000,-,-
2022-12-16T15:30:00,4.000,-,-
2022-12-16T15:15:00,3.999,-,-
2022-12-16T15:00:00,3.999,-,-
2022-12-16T14:45:00,3.997,-,-
2022-12-16T14:30:00,3.998,-,-
2022-12-16T14:15:00,3.996,-,-
2022-12-16T14:00:00,3.997,-,-
2022-12-16T13:45:00,3.997,-,-
2022-12-16T13:30:00,3.996,-,-
2022-12-16T13:15:00,3.996,-,-
2022-12-16T13:00:00,3.996,-,-
2022-12-16T12:45:00,3.995,-,-
2022-12-16T12:30:00,3.994,-,-
2022-12-16T12:15:00,3.995,-,-
2022-12-16T12:00:00,3.993,-,-
2022-12-16T11:45:00,3.993,-,-
2022-12-16T11:30:00,3.994,-,-
2022-12-16T11:15:00,3.994,-,-
2022-12-16T11:00:00,3.993,-,-
2022-12-16T10:45:00,3.993,-,-
2022-12-16T10:30:00,3.993,-,-
2022-12-16T10:15:00,3.992,-,-
2022-12-16T10:00:00,3.991,-,-
2022-12-16T09:45:00,3.991,-,-
2022-12-16T09:30:00,3.991,-,-
2022-12-16T09:15:00,3.990,-,-
2022-12-16T09:00:00,3.991,-,-
2022-12-16T08:45:00,3.990,-,-
2022-12-16T08:30:00,3.990,-,-
2022-12-16T08:15:00,3.990,-,-
2022-12-16T08:00:00,3.989,-,-
2022-12-16T07:45:00,3.990,-,-
2022-12-16T07:30:00,3.989,-,-
2022-12-16T07:15:00,3.989,-,-
2022-12-16T07:00:00,3.989,-,-
2022-12-16T06:45:00,3.988,-,-
2022-12-16T06:30:00,3.988,-,-
2022-12-16T06:15:00,3.987,-,-
2022-12-16T06:00:00,3.988,-,-
2022-12-16T05:45:00,3.987,-,-
2022-12-16T05:30:00,3.986,-,-
2022-12-16T05:15:00,3.986,-,-
2022-12-16T05:00:00,3.985,-,-
2022-12-16T04:45:00,3.984,-,-
2022-12-16T04:30:00,3.984,-,-
2022-12-16T04:15:00,3.984,-,-
2022-12-16T04:00:00,3.984,-,-
2022-12-16T03:45:00,3.984,-,-
2022-12-16T03:30:00,3.982,-,-
2022-12-16T03:15:00,3.981,-,-
2022-12-16T03:00:00,3.980,-,-
2022-12-16T02:45:00,3.980,-,-
2022-12-16T02:30:00,3.980,-,-
2022-12-16T02:15:00,3.978,-,-
2022-12-16T02:00:00,3.978,-,-
2022-12-16T01:45:00,3.977,-,-
2022-12-16T01:30:00,3.976,-,-
2022-12-16T01:15:00,3.976,-,-
2022-12-16T01:00:00,3.975,-,-
2022-12-16T00:45:00,3.976,-,-
2022-12-16T00:30:00,3.975,-,-
2022-12-16T00:15:00,3.974,-,-
2022-12-16T00:00:00,3.974,-,-
2022-12-15T23:45:00,3.973,-,-
2022-12-15T23:30:00,3.973,-,-
2022-12-15T23:15:00,3.971,-,-
2022-12-15T23:00:00,3.971,-,-
2022-12-15T22:45:00,3.971,-,-
2022-12-15T22:30:00,3.970,-,-
2022-12-15T22:15:00,3.970,-,-
2022-12-15T22:00:00,3.969,-,-
2022-12-15T21:45:00,3.969,-,-
2022-12-15T21:30:00,3.968,-,-
2022-12-15T21:15:00,3.968,-,-
2022-12-15T21:00:00,3.967,-,-
2022-12-15T20:45:00,3.966,-,-
2022-12-15T20:30:00,3.965,-,-
2022-12-15T20:15:00,3.965,-,-
2022-12-15T20:00:00,3.964,-,-
2022-12-15T19:45:00,3.963,-,-
2022-12-15T19:30:00,3.963,-,-
2022-12-15T19:15:00,3.962,-,-
2022-12-15T19:00:00,3.961,-,-
2022-12-15T18:45:00,3.961,-,-
2022-12-15T18:30:00,3.959,-,-
2022-12-15T18:15:00,3.959,-,-
2022-12-15T18:00:00,3.960,-,-
2022-12-15T17:45:00,3.961,-,-
2022-12-15T17:30:00,3.962,-,-
2022-12-15T17:15:00,3.965,-,-
2022-12-15T17:00:00,3.968,-,-
2022-12-15T16:45:00,3.974,-,-
2022-12-15T16:30:00,3.978,-,-
2022-12-15T16:15:00,3.981,-,-
2022-12-15T16:00:00,3.980,-,-
2022-12-15T15:45:00,3.979,-,-
2022-12-15T15:30:00,3.978,-,-
2022-12-15T15:15:00,3.978,-,-
2022-12-15T15:00:00,3.978,-,-
2022-12-15T14:45:00,3.977,-,-
2022-12-15T14:30:00,3.977,-,-
2022-12-15T14:15:00,3.976,-,-
2022-12-15T14:00:00,3.977,-,-
2022-12-15T13:45:00,3.977,-,-
2022-12-15T13:30:00,3.977,-,-
2022-12-15T13:15:00,3.976,-,-
2022-12-15T13:00:00,3.975,-,-
2022-12-15T12:45:00,3.976,-,-
2022-12-15T12:30:00,3.975,-,-
2022-12-15T12:15:00,3.974,-,-
2022-12-15T12:00:00,3.975,-,-
2022-12-15T11:45:00,3.974,-,-
2022-12-15T11:30:00,3.971,-,-
2022-12-15T11:15:00,3.971,-,-
2022-12-15T11:00:00,3.968,-,-
2022-12-15T10:45:00,3.963,-,-
2022-12-15T10:30:00,3.956,-,-
2022-12-15T10:15:00,3.948,-,-
2022-12-15T10:00:00,3.939,-,-
2022-12-15T09:45:00,3.937,-,-
2022-12-15T09:30:00,3.937,-,-
2022-12-15T09:15:00,3.935,-,-
2022-12-15T09:00:00,3.936,-,-
2022-12-15T08:45:00,3.935,-,-
2022-12-15T08:30:00,3.935,-,-
2022-12-15T08:15:00,3.935,-,-
2022-12-15T08:00:00,3.935,-,-
2022-12-15T07:45:00,3.935,-,-
2022-12-15T07:30:00,3.934,-,-
2022-12-15T07:15:00,3.934,-,-
2022-12-15T07:00:00,3.934,-,-
2022-12-15T06:45:00,3.934,-,-
2022-12-15T06:30:00,3.933,-,-
2022-12-15T06:15:00,3.933,-,-
2022-12-15T06:00:00,3.932,-,-
2022-12-15T05:45:00,3.932,-,-
2022-12-15T05:30:00,3.931,-,-
2022-12-15T05:15:00,3.931,-,-
2022-12-15T05:00:00,3.929,-,-
2022-12-15T04:45:00,3.929,-,-
2022-12-15T04:30:00,3.928,-,-
2022-12-15T04:15:00,3.928,-,-
2022-12-15T04:00:00,3.927,-,-
2022-12-15T03:45:00,3.927,-,-
2022-12-15T03:30:00,3.926,-,-
2022-12-15T03:15:00,3.925,-,-
2022-12-15T03:00:00,3.926,-,-
2022-12-15T02:45:00,3.925,-,-
2022-12-15T02:30:00,3.925,-,-
2022-12-15T02:15:00,3.925,-,-
2022-12-15T02:00:00,3.924,-,-
2022-12-15T01:45:00,3.922,-,-
2022-12-15T01:30:00,3.922,-,-
2022-12-15T01:15:00,3.921,-,-
2022-12-15T01:00:00,3.920,-,-
2022-12-15T00:45:00,3.920,-,-
2022-12-15T00:30:00,3.920,-,-
2022-12-15T00:15:00,3.919,-,-
2022-12-15T00:00:00,3.918,-,-
2022-12-14T23:45:00,3.919,-,-
2022-12-14T23:30:00,3.918,-,-
2022-12-14T23:15:00,3.916,-,-
2022-12-14T23:00:00,3.916,-,-
2022-12-14T22:45:00,3.915,-,-
2022-12-14T22:30:00,3.915,-,-
2022-12-14T22:15:00,3.914,-,-
2022-12-14T22:00:00,3.914,-,-
2022-12-14T21:45:00,3.912,-,-
2022-12-14T21:30:00,3.912,-,-
2022-12-14T21:15:00,3.911,-,-
2022-12-14T21:00:00,3.911,-,-
2022-12-14T20:45:00,3.911,-,-
2022-12-14T20:30:00,3.910,-,-
2022-12-14T20:15:00,3.910,-,-
2022-12-14T20:00:00,3.909,-,-
2022-12-14T19:45:00,3.910,-,-
2022-12-14T19:30:00,3.910,-,-
2022-12-14T19:15:00,3.909,-,-
2022-12-14T19:00:00,3.908,-,-
2022-12-14T18:45:00,3.909,-,-
2022-12-14T18:30:00,3.909,-,-
2022-12-14T18:15:00,3.908,-,-
2022-12-14T18:00:00,3.908,-,-
2022-12-14T17:45:00,3.907,-,-
2022-12-14T17:30:00,3.907,-,-
2022-12-14T17:15:00,3.907,-,-
2022-12-14T17:00:00,3.907,-,-
2022-12-14T16:45:00,3.907,-,-
2022-12-14T16:30:00,3.907,-,-
2022-12-14T16:15:00,3.906,-,-
2022-12-14T16:00:00,3.907,-,-
2022-12-14T15:45:00,3.906,-,-
2022-12-14T15:30:00,3.906,-,-
2022-12-14T15:15:00,3.905,-,-
2022-12-14T15:00:00,3.904,-,-
2022-12-14T14:45:00,3.905,-,-
2022-12-14T14:30:00,3.905,-,-
2022-12-14T14:15:00,3.905,-,-
2022-12-14T14:00:00,3.905,-,-
2022-12-14T13:45:00,3.905,-,-
2022-12-14T13:30:00,3.905,-,-
2022-12-14T13:15:00,3.904,-,-
2022-12-14T13:00:00,3.903,-,-
2022-12-14T12:45:00,3.902,-,-
2022-12-14T12:30:00,3.902,-,-
2022-12-14T12:15:00,3.904,-,-
2022-12-14T12:00:00,3.900,-,-
2022-12-14T11:45:00,3.900,-,-
2022-12-14T11:30:00,3.898,-,-
2022-12-14T11:15:00,3.898,-,-
2022-12-14T11:00:00,3.897,-,-
2022-12-14T10:45:00,3.897,-,-
2022-12-14T10:30:00,3.897,-,-
2022-12-14T10:15:00,3.897,-,-
2022-12-14T10:00:00,3.897,-,-
2022-12-14T09:45:00,3.898,-,-
2022-12-14T09:30:00,3.899,-,-
2022-12-14T09:15:00,3.898,-,-
2022-12-14T09:00:00,3.899,-,-
2022-12-14T08:45:00,3.900,-,-
2022-12-14T08:30:00,3.900,-,-
2022-12-14T08:15:00,3.901,-,-
2022-12-14T08:00:00,3.901,-,-
2022-12-14T07:45:00,3.900,-,-
2022-12-14T07:30:00,3.901,-,-
2022-12-14T07:15:00,3.900,-,-
2022-12-14T07:00:00,3.902,-,-
2022-12-14T06:45:00,3.902,-,-
2022-12-14T06:30:00,3.902,-,-
2022-12-14T06:15:00,3.902,-,-
2022-12-14T06:00:00,3.903,-,-
2022-12-14T05:45:00,3.903,-,-
2022-12-14T05:30:00,3.903,-,-
2022-12-14T05:15:00,3.903,-,-
2022-12-14T05:00:00,3.903,-,-
2022-12-14T04:45:00,3.904,-,-
2022-12-14T04:30:00,3.904,-,-
2022-12-14T04:15:00,3.904,-,-
2022-12-14T04:00:00,3.904,-,-
2022-12-14T03:45:00,3.904,-,-
2022-12-14T03:30:00,3.904,-,-
2022-12-14T03:15:00,3.905,-,-
2022-12-14T03:00:00,3.905,-,-
2022-12-14T02:45:00,3.906,-,-
2022-12-14T02:30:00,3.906,-,-
2022-12-14T02:15:00,3.906,-,-
2022-12-14T02:00:00,3.906,-,-
2022-12-14T01:45:00,3.906,-,-
2022-12-14T01:30:00,3.906,-,-
2022-12-14T01:15:00,3.907,-,-
2022-12-14T01:00:00,3.907,-,-
2022-12-14T00:45:00,3.907,-,-
2022-12-14T00:30:00,3.908,-,-
2022-12-14T00:15:00,3.908,-,-
2022-12-14T00:00:00,3.908,-,-
2022-12-13T23:45:00,3.908,-,-
2022-12-13T23:30:00,3.909,-,-
2022-12-13T23:15:00,3.909,-,-
2022-12-13T23:00:00,3.909,-,-
2022-12-13T22:45:00,3.909,-,-
2022-12-13T22:30:00,3.910,-,-
2022-12-13T22:15:00,3.910,-,-
2022-12-13T22:00:00,3.911,-,-
2022-12-13T21:45:00,3.911,-,-
2022-12-13T21:30:00,3.912,-,-
2022-12-13T21:15:00,3.912,-,-
2022-12-13T21:00:00,3.911,-,-
2022-12-13T20:45:00,3.912,-,-
2022-12-13T20:30:00,3.912,-,-
2022-12-13T20:15:00,3.913,-,-
2022-12-13T20:00:00,3.912,-,-
2022-12-13T19:45:00,3.914,-,-
2022-12-13T19:30:00,3.915,-,-
2022-12-13T19:15:00,3.915,-,-
2022-12-13T19:00:00,3.915,-,-
2022-12-13T18:45:00,3.916,-,-
2022-12-13T18:30:00,3.917,-,-
2022-12-13T18:15:00,3.917,-,-
2022-12-13T18:00:00,3.917,-,-
2022-12-13T17:45:00,3.918,-,-
2022-12-13T17:30:00,3.918,-,-
2022-12-13T17:15:00,3.919,-,-
2022-12-13T17:00:00,3.918,-,-
2022-12-13T16:45:00,3.920,-,-
2022-12-13T16:30:00,3.919,-,-
2022-12-13T16:15:00,3.921,-,-
2022-12-13T16:00:00,3.921,-,-
2022-12-13T15:45:00,3.921,-,-
2022-12-13T15:30:00,3.922,-,-
2022-12-13T15:15:00,3.922,-,-
2022-12-13T15:00:00,3.922,-,-
2022-12-13T14:45:00,3.922,-,-
2022-12-13T14:30:00,3.922,-,-
2022-12-13T14:15:00,3.923,-,-
2022-12-13T14:00:00,3.925,-,-
2022-12-13T13:45:00,3.923,-,-
2022-12-13T13:30:00,3.925,-,-
2022-12-13T13:15:00,3.926,-,-
2022-12-13T13:00:00,3.926,-,-
2022-12-13T12:45:00,3.927,-,-
2022-12-13T12:30:00,3.928,-,-
2022-12-13T12:15:00,3.928,-,-
2022-12-13T12:00:00,3.929,-,-
2022-12-13T11:45:00,3.930,-,-
2022-12-13T11:30:00,3.930,-,-
2022-12-13T11:15:00,3.932,-,-
2022-12-13T11:00:00,3.932,-,-
2022-12-13T10:45:00,3.933,-,-
2022-12-13T10:30:00,3.933,-,-
2022-12-13T10:15:00,3.934,-,-
2022-12-13T10:00:00,3.935,-,-
2022-12-13T09:45:00,3.936,-,-
2022-12-13T09:30:00,3.936,-,-
2022-12-13T09:15:00,3.936,-,-
2022-12-13T09:00:00,3.937,-,-
2022-12-13T08:45:00,3.939,-,-
2022-12-13T08:30:00,3.939,-,-
2022-12-13T08:15:00,3.940,-,-
2022-12-13T08:00:00,3.941,-,-
2022-12-13T07:45:00,3.941,-,-
2022-12-13T07:30:00,3.941,-,-
2022-12-13T07:15:00,3.941,-,-
2022-12-13T07:00:00,3.942,-,-
2022-12-13T06:45:00,3.944,-,-
2022-12-13T06:30:00,3.944,-,-
2022-12-13T06:15:00,3.945,-,-
2022-12-13T06:00:00,3.944,-,-
2022-12-13T05:45:00,3.945,-,-
2022-12-13T05:30:00,3.945,-,-
2022-12-13T05:15:00,3.946,-,-
2022-12-13T05:00:00,3.947,-,-
2022-12-13T04:45:00,3.947,-,-
2022-12-13T04:30:00,3.947,-,-
2022-12-13T04:15:00,3.949,-,-
2022-12-13T04:00:00,3.950,-,-
2022-12-13T03:45:00,3.951,-,-
2022-12-13T03:30:00,3.951,-,-
2022-12-13T03:15:00,3.952,-,-
2022-12-13T03:00:00,3.953,-,-
2022-12-13T02:45:00,3.954,-,-
2022-12-13T02:30:00,3.954,-,-
2022-12-13T02:15:00,3.955,-,-
2022-12-13T02:00:00,3.955,-,-
2022-12-13T01:45:00,3.956,-,-
2022-12-13T01:30:00,3.957,-,-
2022-12-13T01:15:00,3.959,-,-
2022-12-13T01:00:00,3.961,-,-
2022-12-13T00:45:00,3.963,-,-
2022-12-13T00:30:00,3.966,-,-
2022-12-13T00:15:00,3.969,-,-
2022-12-13T00:00:00,3.972,-,-
2022-12-12T23:45:00,3.977,-,-
2022-12-12T23:30:00,3.981,-,-
2022-12-12T23:15:00,3.985,-,-
2022-12-12T23:00:00,3.991,-,-
2022-12-12T22:45:00,3.997,-,-
2022-12-12T22:30:00,4.004,-,-
2022-12-12T22:15:00,4.011,-,-
2022-12-12T22:00:00,4.017,-,-
2022-12-12T21:45:00,4.024,-,-
2022-12-12T21:30:00,4.033,-,-
2022-12-12T21:15:00,4.040,-,-
2022-12-12T21:00:00,4.047,-,-
2022-12-12T20:45:00,4.052,-,-
2022-12-12T20:30:00,4.054,-,-
2022-12-12T20:15:00,4.057,-,-
2022-12-12T20:00:00,4.058,-,-
2022-12-12T19:45:00,4.058,-,-
2022-12-12T19:30:00,4.056,-,-
2022-12-12T19:15:00,4.055,-,-
2022-12-12T19:00:00,4.056,-,-
2022-12-12T18:45:00,4.055,-,-
2022-12-12T18:30:00,4.055,-,-
2022-12-12T18:15:00,4.057,-,-
2022-12-12T18:00:00,4.056,-,-
2022-12-12T17:45:00,4.055,-,-
2022-12-12T17:30:00,4.055,-,-
2022-12-12T17:15:00,4.054,-,-
2022-12-12T17:00:00,4.054,-,-
2022-12-12T16:45:00,4.053,-,-
2022-12-12T16:30:00,4.052,-,-
2022-12-12T16:15:00,4.049,-,-
2022-12-12T16:00:00,4.047,-,-
2022-12-12T15:45:00,4.044,-,-
2022-12-12T15:30:00,4.040,-,-
2022-12-12T15:15:00,4.033,-,-
2022-12-12T15:00:00,4.025,-,-
2022-12-12T14:45:00,4.015,-,-
2022-12-12T14:30:00,4.003,-,-
2022-12-12T14:15:00,3.991,-,-
2022-12-12T14:00:00,3.977,-,-
2022-12-12T13:45:00,3.965,-,-
2022-12-12T13:30:00,3.957,-,-
2022-12-12T13:15:00,3.951,-,-
2022-12-12T13:00:00,3.949,-,-
2022-12-12T12:45:00,3.947,-,-
2022-12-12T12:30:00,3.947,-,-
2022-12-12T12:15:00,3.947,-,-
2022-12-12T12:00:00,3.948,-,-
2022-12-12T11:45:00,3.947,-,-
2022-12-12T11:30:00,3.948,-,-
2022-12-12T11:15:00,3.948,-,-
2022-12-12T11:00:00,3.949,-,-
2022-12-12T10:45:00,3.949,-,-
2022-12-12T10:30:00,3.949,-,-
2022-12-12T10:15:00,3.950,-,-
2022-12-12T10:00:00,3.950,-,-
2022-12-12T09:45:00,3.951,-,-
2022-12-12T09:30:00,3.952,-,-
2022-12-12T09:15:00,3.952,-,-
2022-12-12T09:00:00,3.953,-,-
2022-12-12T08:45:00,3.954,-,-
2022-12-12T08:30:00,3.954,-,-
2022-12-12T08:15:00,3.954,-,-
2022-12-12T08:00:00,3.955,-,-
2022-12-12T07:45:00,3.955,-,-
2022-12-12T07:30:00,3.955,-,-
2022-12-12T07:15:00,3.957,-,-
2022-12-12T07:00:00,3.957,-,-
2022-12-12T06:45:00,3.957,-,-
2022-12-12T06:30:00,3.957,-,-
2022-12-12T06:15:00,3.958,-,-
2022-12-12T06:00:00,3.959,-,-
2022-12-12T05:45:00,3.962,-,-
2022-12-12T05:30:00,3.962,-,-
2022-12-12T05:15:00,3.963,-,-
2022-12-12T05:00:00,3.963,-,-
2022-12-12T04:45:00,3.964,-,-
2022-12-12T04:30:00,3.964,-,-
2022-12-12T04:15:00,3.965,-,-
2022-12-12T04:00:00,3.966,-,-
2022-12-12T03:45:00,3.966,-,-
2022-12-12T03:30:00,3.967,-,-
2022-12-12T03:15:00,3.968,-,-
2022-12-12T03:00:00,3.969,-,-
2022-12-12T02:45:00,3.970,-,-
2022-12-12T02:30:00,3.971,-,-
2022-12-12T02:15:00,3.973,-,-
2022-12-12T02:00:00,3.974,-,-
2022-12-12T01:45:00,3.975,-,-
2022-12-12T01:30:00,3.976,-,-
2022-12-12T01:15:00,3.978,-,-
2022-12-12T01:00:00,3.980,-,-
2022-12-12T00:45:00,3.982,-,-
2022-12-12T00:30:00,3.985,-,-
2022-12-12T00:15:00,3.987,-,-
2022-12-12T00:00:00,3.990,-,-
2022-12-11T23:45:00,3.995,-,-
2022-12-11T23:30:00,3.999,-,-
2022-12-11T23:15:00,4.003,-,-
2022-12-11T23:00:00,4.009,-,-
2022-12-11T22:45:00,4.015,-,-
2022-12-11T22:30:00,4.021,-,-
2022-12-11T22:15:00,4.028,-,-
2022-12-11T22:00:00,4.036,-,-
2022-12-11T21:45:00,4.044,-,-
2022-12-11T21:30:00,4.051,-,-
2022-12-11T21:15:00,4.058,-,-
2022-12-11T21:00:00,4.064,-,-
2022-12-11T20:45:00,4.067,-,-
2022-12-11T20:30:00,4.070,-,-
2022-12-11T20:15:00,4.073,-,-
2022-12-11T20:00:00,4.072,-,-
2022-12-11T19:45:00,4.072,-,-
2022-12-11T19:30:00,4.072,-,-
2022-12-11T19:15:00,4.071,-,-
2022-12-11T19:00:00,4.071,-,-
2022-12-11T18:45:00,4.070,-,-
2022-12-11T18:30:00,4.070,-,-
2022-12-11T18:15:00,4.069,-,-
2022-12-11T18:00:00,4.069,-,-
2022-12-11T17:45:00,4.069,-,-
2022-12-11T17:30:00,4.068,-,-
2022-12-11T17:15:00,4.067,-,-
2022-12-11T17:00:00,4.066,-,-
2022-12-11T16:45:00,4.065,-,-
2022-12-11T16:30:00,4.062,-,-
2022-12-11T16:15:00,4.061,-,-
2022-12-11T16:00:00,4.059,-,-
2022-12-11T15:45:00,4.056,-,-
2022-12-11T15:30:00,4.051,-,-
2022-12-11T15:15:00,4.044,-,-
2022-12-11T15:00:00,4.037,-,-
2022-12-11T14:45:00,4.026,-,-
2022-12-11T14:30:00,4.014,-,-
2022-12-11T14:15:00,4.002,-,-
2022-12-11T14:00:00,3.989,-,-
2022-12-11T13:45:00,3.978,-,-
2022-12-11T13:30:00,3.968,-,-
2022-12-11T13:15:00,3.963,-,-
2022-12-11T13:00:00,3.961,-,-
2022-12-11T12:45:00,3.959,-,-
2022-12-11T12:30:00,3.959,-,-
2022-12-11T12:15:00,3.958,-,-
2022-12-11T12:00:00,3.958,-,-
2022-12-11T11:45:00,3.956,-,-
2022-12-11T11:30:00,3.956,-,-
2022-12-11T11:15:00,3.957,-,-
2022-12-11T11:00:00,3.957,-,-
2022-12-11T10:45:00,3.957,-,-
2022-12-11T10:30:00,3.957,-,-
2022-12-11T10:15:00,3.957,-,-
2022-12-11T10:00:00,3.957,-,-
2022-12-11T09:45:00,3.958,-,-
2022-12-11T09:30:00,3.958,-,-
2022-12-11T09:15:00,3.964,-,-
2022-12-11T09:00:00,3.965,-,-
2022-12-11T08:45:00,3.966,-,-
2022-12-11T08:30:00,3.967,-,-
2022-12-11T08:15:00,3.967,-,-
2022-12-11T08:00:00,3.968,-,-
2022-12-11T07:45:00,3.968,-,-
2022-12-11T07:30:00,3.969,-,-
2022-12-11T07:15:00,3.969,-,-
2022-12-11T07:00:00,3.971,-,-
2022-12-11T06:45:00,3.971,-,-
2022-12-11T06:30:00,3.972,-,-
2022-12-11T06:15:00,3.973,-,-
2022-12-11T06:00:00,3.974,-,-
2022-12-11T05:45:00,3.974,-,-
2022-12-11T05:30:00,3.973,-,-
2022-12-11T05:15:00,3.974,-,-
2022-12-11T05:00:00,3.976,-,-
2022-12-11T04:45:00,3.976,-,-
2022-12-11T04:30:00,3.977,-,-
2022-12-11T04:15:00,3.978,-,-
2022-12-11T04:00:00,3.979,-,-
2022-12-11T03:45:00,3.979,-,-
2022-12-11T03:30:00,3.979,-,-
2022-12-11T03:15:00,3.981,-,-
2022-12-11T03:00:00,3.981,-,-
2022-12-11T02:45:00,3.982,-,-
2022-12-11T02:30:00,3.983,-,-
2022-12-11T02:15:00,3.984,-,-
2022-12-11T02:00:00,3.985,-,-
2022-12-11T01:45:00,3.986,-,-
2022-12-11T01:30:00,3.987,-,-
2022-12-11T01:15:00,3.988,-,-
2022-12-11T01:00:00,3.990,-,-
2022-12-11T00:45:00,3.992,-,-
2022-12-11T00:30:00,3.994,-,-
2022-12-11T00:15:00,3.996,-,-
2022-12-11T00:00:00,3.999,-,-
2022-12-10T23:45:00,4.003,-,-
2022-12-10T23:30:00,4.006,-,-
2022-12-10T23:15:00,4.011,-,-
2022-12-10T23:00:00,4.016,-,-
2022-12-10T22:45:00,4.022,-,-
2022-12-10T22:30:00,4.028,-,-
2022-12-10T22:15:00,4.035,-,-
2022-12-10T22:00:00,4.043,-,-
2022-12-10T21:45:00,4.050,-,-
2022-12-10T21:30:00,4.057,-,-
2022-12-10T21:15:00,4.065,-,-
2022-12-10T21:00:00,4.069,-,-
2022-12-10T20:45:00,4.072,-,-
2022-12-10T20:30:00,4.075,-,-
2022-12-10T20:15:00,4.076,-,-
2022-12-10T20:00:00,4.077,-,-
2022-12-10T19:45:00,4.075,-,-
2022-12-10T19:30:00,4.073,-,-
2022-12-10T19:15:00,4.073,-,-
2022-12-10T19:00:00,4.073,-,-
2022-12-10T18:45:00,4.075,-,-
2022-12-10T18:30:00,4.078,-,-
2022-12-10T18:15:00,4.080,-,-
2022-12-10T18:00:00,4.083,-,-
2022-12-10T17:45:00,4.084,-,-
2022-12-10T17:30:00,4.083,-,-
2022-12-10T17:15:00,4.083,-,-
2022-12-10T17:00:00,4.081,-,-
2022-12-10T16:45:00,4.079,-,-
2022-12-10T16:30:00,4.077,-,-
2022-12-10T16:15:00,4.076,-,-
2022-12-10T16:00:00,4.074,-,-
2022-12-10T15:45:00,4.071,-,-
2022-12-10T15:30:00,4.068,-,-
2022-12-10T15:15:00,4.063,-,-
2022-12-10T15:00:00,4.057,-,-
2022-12-10T14:45:00,4.048,-,-
2022-12-10T14:30:00,4.037,-,-
2022-12-10T14:15:00,4.025,-,-
2022-12-10T14:00:00,4.010,-,-
2022-12-10T13:45:00,3.997,-,-
2022-12-10T13:30:00,3.987,-,-
2022-12-10T13:15:00,3.981,-,-
2022-12-10T13:00:00,3.977,-,-
2022-12-10T12:45:00,3.975,-,-
2022-12-10T12:30:00,3.975,-,-
2022-12-10T12:15:00,3.974,-,-
2022-12-10T12:00:00,3.975,-,-
2022-12-10T11:45:00,3.976,-,-
2022-12-10T11:30:00,3.976,-,-
2022-12-10T11:15:00,3.977,-,-
2022-12-10T11:00:00,3.977,-,-
2022-12-10T10:45:00,3.977,-,-
2022-12-10T10:30:00,3.979,-,-
2022-12-10T10:15:00,3.979,-,-
2022-12-10T10:00:00,3.979,-,-
2022-12-10T09:45:00,3.980,-,-
2022-12-10T09:30:00,3.981,-,-
2022-12-10T09:15:00,3.981,-,-
2022-12-10T09:00:00,3.981,-,-
2022-12-10T08:45:00,3.983,-,-
2022-12-10T08:30:00,3.983,-,-
2022-12-10T08:15:00,3.984,-,-
2022-12-10T08:00:00,3.984,-,-
2022-12-10T07:45:00,3.984,-,-
2022-12-10T07:30:00,3.985,-,-
2022-12-10T07:15:00,3.985,-,-
2022-12-10T07:00:00,3.986,-,-
2022-12-10T06:45:00,3.986,-,-
2022-12-10T06:30:00,3.987,-,-
2022-12-10T06:15:00,3.988,-,-
2022-12-10T06:00:00,3.988,-,-
2022-12-10T05:45:00,3.988,-,-
2022-12-10T05:30:00,3.989,-,-
2022-12-10T05:15:00,3.989,-,-
2022-12-10T05:00:00,3.990,-,-
2022-12-10T04:45:00,3.991,-,-
2022-12-10T04:30:00,3.991,-,-
2022-12-10T04:15:00,3.992,-,-
2022-12-10T04:00:00,3.992,-,-
2022-12-10T03:45:00,3.993,-,-
2022-12-10T03:30:00,3.993,-,-
2022-12-10T03:15:00,3.993,-,-
2022-12-10T03:00:00,3.994,-,-
2022-12-10T02:45:00,3.993,-,-
2022-12-10T02:30:00,3.994,-,-
2022-12-10T02:15:00,3.995,-,-
2022-12-10T02:00:00,3.996,-,-
2022-12-10T01:45:00,3.996,-,-
2022-12-10T01:30:00,3.996,-,-
2022-12-10T01:15:00,3.997,-,-
2022-12-10T01:00:00,3.998,-,-
2022-12-10T00:45:00,3.999,-,-
2022-12-10T00:30:00,3.999,-,-
2022-12-10T00:15:00,4.000,-,-
2022-12-10T00:00:00,4.001,-,-
2022-12-23T23:45:00,4.104,-,-
2022-12-23T23:30:00,4.116,-,-
2022-12-23T23:15:00,4.130,-,-
2022-12-23T23:00:00,4.146,-,-
2022-12-23T22:45:00,4.166,-,-
2022-12-23T22:30:00,4.187,-,-
2022-12-23T22:15:00,4.211,-,-
2022-12-23T22:00:00,4.239,-,-
2022-12-23T21:45:00,4.268,-,-
2022-12-23T21:30:00,4.298,-,-
2022-12-23T21:15:00,4.325,-,-
2022-12-23T21:00:00,4.351,-,-
2022-12-23T20:45:00,4.370,-,-
2022-12-23T20:30:00,4.385,-,-
2022-12-23T20:15:00,4.392,-,-
2022-12-23T20:00:00,4.394,-,-
2022-12-23T19:45:00,4.394,-,-
2022-12-23T19:30:00,4.392,-,-
2022-12-23T19:15:00,4.391,-,-
2022-12-23T19:00:00,4.388,-,-
2022-12-23T18:45:00,4.385,-,-
2022-12-23T18:30:00,4.380,-,-
2022-12-23T18:15:00,4.378,-,-
2022-12-23T18:00:00,4.375,-,-
2022-12-23T17:45:00,4.371,-,-
2022-12-23T17:30:00,4.368,-,-
2022-12-23T17:15:00,4.366,-,-
2022-12-23T17:00:00,4.364,-,-
2022-12-23T16:45:00,4.361,-,-
2022-12-23T16:30:00,4.358,-,-
2022-12-23T16:15:00,4.358,-,-
2022-12-23T16:00:00,4.355,-,-
2022-12-23T15:45:00,4.352,-,-
2022-12-23T15:30:00,4.350,-,-
2022-12-23T15:15:00,4.349,-,-
2022-12-23T15:00:00,4.346,-,-
2022-12-23T14:45:00,4.345,-,-
2022-12-23T14:30:00,4.343,-,-
2022-12-23T14:15:00,4.341,-,-
2022-12-23T14:00:00,4.340,-,-
2022-12-23T13:45:00,4.337,-,-
2022-12-23T13:30:00,4.335,-,-
2022-12-23T13:15:00,4.331,-,-
2022-12-23T13:00:00,4.328,-,-
2022-12-23T12:45:00,4.327,-,-
2022-12-23T12:30:00,4.322,-,-
2022-12-23T12:15:00,4.318,-,-
2022-12-23T12:00:00,4.313,-,-
2022-12-23T11:45:00,4.303,-,-
2022-12-23T11:30:00,4.290,-,-
2022-12-23T11:15:00,4.270,-,-
2022-12-23T11:00:00,4.242,-,-
2022-12-23T10:45:00,4.198,-,-
2022-12-23T10:30:00,4.142,-,-
2022-12-23T10:15:00,4.052,-,-
2022-12-23T10:00:00,3.945,-,-
2022-12-23T09:45:00,3.884,-,-
2022-12-23T09:30:00,3.868,-,-
2022-12-23T09:15:00,3.864,-,-
2022-12-23T09:00:00,3.864,-,-
2022-12-23T08:45:00,3.863,-,-
2022-12-23T08:30:00,3.865,-,-
2022-12-23T08:15:00,3.866,-,-
2022-12-23T08:00:00,3.867,-,-
2022-12-23T07:45:00,3.867,-,-
2022-12-23T07:30:00,3.867,-,-
2022-12-23T07:15:00,3.867,-,-
2022-12-23T07:00:00,3.867,-,-
2022-12-23T06:45:00,3.868,-,-
2022-12-23T06:30:00,3.868,-,-
2022-12-23T06:15:00,3.867,-,-
2022-12-23T06:00:00,3.867,-,-
2022-12-23T05:45:00,3.867,-,-
2022-12-23T05:30:00,3.867,-,-
2022-12-23T05:15:00,3.867,-,-
2022-12-23T05:00:00,3.866,-,-
2022-12-23T04:45:00,3.867,-,-
2022-12-23T04:30:00,3.867,-,-
2022-12-23T04:15:00,3.866,-,-
2022-12-23T04:00:00,3.865,-,-
2022-12-23T03:45:00,3.866,-,-
2022-12-23T03:30:00,3.866,-,-
2022-12-23T03:15:00,3.865,-,-
2022-12-23T03:00:00,3.866,-,-
2022-12-23T02:45:00,3.867,-,-
2022-12-23T02:30:00,3.866,-,-
2022-12-23T02:15:00,3.865,-,-
2022-12-23T02:00:00,3.866,-,-
2022-12-23T01:45:00,3.866,-,-
2022-12-23T01:30:00,3.866,-,-
2022-12-23T01:15:00,3.866,-,-
2022-12-23T01:00:00,3.867,-,-
2022-12-23T00:45:00,3.867,-,-
2022-12-23T00:30:00,3.867,-,-
2022-12-23T00:15:00,3.867,-,-
2022-12-23T00:00:00,3.867,-,-
2022-12-22T23:45:00,3.868,-,-
2022-12-22T23:30:00,3.868,-,-
2022-12-22T23:15:00,3.868,-,-
2022-12-22T23:00:00,3.868,-,-
2022-12-22T22:45:00,3.867,-,-
2022-12-22T22:30:00,3.867,-,-
2022-12-22T22:15:00,3.867,-,-
2022-12-22T22:00:00,3.867,-,-
2022-12-22T21:45:00,3.867,-,-
2022-12-22T21:30:00,3.866,-,-
2022-12-22T21:15:00,3.865,-,-
2022-12-22T21:00:00,3.865,-,-
2022-12-22T20:45:00,3.865,-,-
2022-12-22T20:30:00,3.865,-,-
2022-12-22T20:15:00,3.865,-,-
2022-12-22T20:00:00,3.865,-,-
2022-12-22T19:45:00,3.866,-,-
2022-12-22T19:30:00,3.866,-,-
2022-12-22T19:15:00,3.867,-,-
2022-12-22T19:00:00,3.866,-,-
2022-12-22T18:45:00,3.867,-,-
2022-12-22T18:30:00,3.867,-,-
2022-12-22T18:15:00,3.867,-,-
2022-12-22T18:00:00,3.867,-,-
2022-12-22T17:45:00,3.868,-,-
2022-12-22T17:30:00,3.867,-,-
2022-12-22T17:15:00,3.868,-,-
2022-12-22T17:00:00,3.867,-,-
2022-12-22T16:45:00,3.867,-,-
2022-12-22T16:30:00,3.866,-,-
2022-12-22T16:15:00,3.866,-,-
2022-12-22T16:00:00,3.866,-,-
2022-12-22T15:45:00,3.866,-,-
2022-12-22T15:30:00,3.865,-,-
2022-12-22T15:15:00,3.865,-,-
2022-12-22T15:00:00,3.865,-,-
2022-12-22T14:45:00,3.865,-,-
2022-12-22T14:30:00,3.864,-,-
2022-12-22T14:15:00,3.863,-,-
2022-12-22T14:00:00,3.864,-,-
2022-12-22T13:45:00,3.863,-,-
2022-12-22T13:30:00,3.864,-,-
2022-12-22T13:15:00,3.864,-,-
2022-12-22T13:00:00,3.864,-,-
2022-12-22T12:45:00,3.865,-,-
2022-12-22T12:30:00,3.865,-,-
2022-12-22T12:15:00,3.866,-,-
2022-12-22T12:00:00,3.866,-,-
2022-12-22T11:45:00,3.866,-,-
2022-12-22T11:30:00,3.865,-,-
2022-12-22T11:15:00,3.866,-,-
2022-12-22T11:00:00,3.866,-,-
2022-12-22T10:45:00,3.867,-,-
2022-12-22T10:30:00,3.867,-,-
2022-12-22T10:15:00,3.867,-,-
2022-12-22T10:00:00,3.868,-,-
2022-12-22T09:45:00,3.868,-,-
2022-12-22T09:30:00,3.868,-,-
2022-12-22T09:15:00,3.868,-,-
2022-12-22T09:00:00,3.869,-,-
2022-12-22T08:45:00,3.869,-,-
2022-12-22T08:30:00,3.869,-,-
2022-12-22T08:15:00,3.870,-,-
2022-12-22T08:00:00,3.870,-,-
2022-12-22T07:45:00,3.870,-,-
2022-12-22T07:30:00,3.871,-,-
2022-12-22T07:15:00,3.871,-,-
2022-12-22T07:00:00,3.871,-,-
2022-12-22T06:45:00,3.871,-,-
2022-12-22T06:30:00,3.871,-,-
2022-12-22T06:15:00,3.871,-,-
2022-12-22T06:00:00,3.871,-,-
2022-12-22T05:45:00,3.871,-,-
2022-12-22T05:30:00,3.872,-,-
2022-12-22T05:15:00,3.872,-,-
2022-12-22T05:00:00,3.872,-,-
2022-12-22T04:45:00,3.871,-,-
2022-12-22T04:30:00,3.872,-,-
2022-12-22T04:15:00,3.872,-,-
2022-12-22T04:00:00,3.872,-,-
2022-12-22T03:45:00,3.872,-,-
2022-12-22T03:30:00,3.872,-,-
2022-12-22T03:15:00,3.872,-,-
2022-12-22T03:00:00,3.871,-,-
2022-12-22T02:45:00,3.873,-,-
2022-12-22T02:30:00,3.872,-,-
2022-12-22T02:15:00,3.872,-,-
2022-12-22T02:00:00,3.872,-,-
2022-12-22T01:45:00,3.873,-,-
2022-12-22T01:30:00,3.873,-,-
2022-12-22T01:15:00,3.873,-,-
2022-12-22T01:00:00,3.874,-,-
2022-12-22T00:45:00,3.876,-,-
2022-12-22T00:30:00,3.877,-,-
2022-12-22T00:15:00,3.877,-,-
2022-12-22T00:00:00,3.876,-,-
2022-12-21T23:45:00,3.877,-,-
2022-12-21T23:30:00,3.876,-,-
2022-12-21T23:15:00,3.876,-,-
2022-12-21T23:00:00,3.877,-,-
2022-12-21T22:45:00,3.877,-,-
2022-12-21T22:30:00,3.877,-,-
2022-12-21T22:15:00,3.877,-,-
2022-12-21T22:00:00,3.876,-,-
2022-12-21T21:45:00,3.877,-,-
2022-12-21T21:30:00,3.877,-,-
2022-12-21T21:15:00,3.877,-,-
2022-12-21T21:00:00,3.878,-,-
2022-12-21T20:45:00,3.877,-,-
2022-12-21T20:30:00,3.877,-,-
2022-12-21T20:15:00,3.878,-,-
2022-12-21T20:00:00,3.877,-,-
2022-12-21T19:45:00,3.877,-,-
2022-12-21T19:30:00,3.876,-,-
2022-12-21T19:15:00,3.876,-,-
2022-12-21T19:00:00,3.875,-,-
2022-12-21T18:45:00,3.873,-,-
2022-12-21T18:30:00,3.872,-,-
2022-12-21T18:15:00,3.872,-,-
2022-12-21T18:00:00,3.870,-,-
2022-12-21T17:45:00,3.870,-,-
2022-12-21T17:30:00,3.869,-,-
2022-12-21T17:15:00,3.869,-,-
2022-12-21T17:00:00,3.868,-,-
2022-12-21T16:45:00,3.868,-,-
2022-12-21T16:30:00,3.869,-,-
2022-12-21T16:15:00,3.869,-,-
2022-12-21T16:00:00,3.869,-,-
2022-12-21T15:45:00,3.869,-,-
2022-12-21T15:30:00,3.867,-,-
2022-12-21T15:15:00,3.867,-,-
2022-12-21T15:00:00,3.867,-,-
2022-12-21T14:45:00,3.867,-,-
2022-12-21T14:30:00,3.867,-,-
2022-12-21T14:15:00,3.867,-,-
2022-12-21T14:00:00,3.866,-,-
2022-12-21T13:45:00,3.866,-,-
2022-12-21T13:30:00,3.866,-,-
2022-12-21T13:15:00,3.867,-,-
2022-12-21T13:00:00,3.867,-,-
2022-12-21T12:45:00,3.867,-,-
2022-12-21T12:30:00,3.868,-,-
2022-12-21T12:15:00,3.869,-,-
2022-12-21T12:00:00,3.869,-,-
2022-12-21T11:45:00,3.869,-,-
2022-12-21T11:30:00,3.869,-,-
2022-12-21T11:15:00,3.870,-,-
2022-12-21T11:00:00,3.870,-,-
2022-12-21T10:45:00,3.870,-,-
2022-12-21T10:30:00,3.871,-,-
2022-12-21T10:15:00,3.871,-,-
2022-12-21T10:00:00,3.871,-,-
2022-12-21T09:45:00,3.872,-,-
2022-12-21T09:30:00,3.872,-,-
2022-12-21T09:15:00,3.872,-,-
2022-12-21T09:00:00,3.873,-,-
2022-12-21T08:45:00,3.873,-,-
2022-12-21T08:30:00,3.873,-,-
2022-12-21T08:15:00,3.874,-,-
2022-12-21T08:00:00,3.874,-,-
2022-12-21T07:45:00,3.874,-,-
2022-12-21T07:30:00,3.875,-,-
2022-12-21T07:15:00,3.874,-,-
2022-12-21T07:00:00,3.875,-,-
2022-12-21T06:45:00,3.874,-,-
2022-12-21T06:30:00,3.875,-,-
2022-12-21T06:15:00,3.874,-,-
2022-12-21T06:00:00,3.875,-,-
2022-12-21T05:45:00,3.874,-,-
2022-12-21T05:30:00,3.874,-,-
2022-12-21T05:15:00,3.875,-,-
2022-12-21T05:00:00,3.875,-,-
2022-12-21T04:45:00,3.875,-,-
2022-12-21T04:30:00,3.875,-,-
2022-12-21T04:15:00,3.875,-,-
2022-12-21T04:00:00,3.875,-,-
2022-12-21T03:45:00,3.876,-,-
2022-12-21T03:30:00,3.876,-,-
2022-12-21T03:15:00,3.877,-,-
2022-12-21T03:00:00,3.877,-,-
2022-12-21T02:45:00,3.878,-,-
2022-12-21T02:30:00,3.879,-,-
2022-12-21T02:15:00,3.880,-,-
2022-12-21T02:00:00,3.881,-,-
2022-12-21T01:45:00,3.883,-,-
2022-12-21T01:30:00,3.885,-,-
2022-12-21T01:15:00,3.886,-,-
2022-12-21T01:00:00,3.889,-,-
2022-12-21T00:45:00,3.892,-,-
2022-12-21T00:30:00,3.895,-,-
2022-12-21T00:15:00,3.899,-,-
2022-12-21T00:00:00,3.902,-,-
2022-12-20T23:45:00,3.906,-,-
2022-12-20T23:30:00,3.912,-,-
2022-12-20T23:15:00,3.917,-,-
2022-12-20T23:00:00,3.922,-,-
2022-12-20T22:45:00,3.928,-,-
2022-12-20T22:30:00,3.934,-,-
2022-12-20T22:15:00,3.940,-,-
2022-12-20T22:00:00,3.943,-,-
2022-12-20T21:45:00,3.947,-,-
2022-12-20T21:30:00,3.946,-,-
2022-12-20T21:15:00,3.942,-,-
2022-12-20T21:00:00,3.933,-,-
2022-12-20T20:45:00,3.920,-,-
2022-12-20T20:30:00,3.904,-,-
2022-12-20T20:15:00,3.887,-,-
2022-12-20T20:00:00,3.873,-,-
2022-12-20T19:45:00,3.865,-,-
2022-12-20T19:30:00,3.861,-,-
2022-12-20T19:15:00,3.859,-,-
2022-12-20T19:00:00,3.858,-,-
2022-12-20T18:45:00,3.857,-,-
2022-12-20T18:30:00,3.856,-,-
2022-12-20T18:15:00,3.856,-,-
2022-12-20T18:00:00,3.855,-,-
2022-12-20T17:45:00,3.856,-,-
2022-12-20T17:30:00,3.857,-,-
2022-12-20T17:15:00,3.858,-,-
2022-12-20T17:00:00,3.859,-,-
2022-12-20T16:45:00,3.860,-,-
2022-12-20T16:30:00,3.861,-,-
2022-12-20T16:15:00,3.861,-,-
2022-12-20T16:00:00,3.860,-,-
2022-12-20T15:45:00,3.860,-,-
2022-12-20T15:30:00,3.860,-,-
2022-12-20T15:15:00,3.860,-,-
2022-12-20T15:00:00,3.860,-,-
2022-12-20T14:45:00,3.861,-,-
2022-12-20T14:30:00,3.860,-,-
2022-12-20T14:15:00,3.861,-,-
2022-12-20T14:00:00,3.861,-,-
2022-12-20T13:45:00,3.861,-,-
2022-12-20T13:30:00,3.861,-,-
2022-12-20T13:15:00,3.861,-,-
2022-12-20T13:00:00,3.861,-,-
2022-12-20T12:45:00,3.862,-,-
2022-12-20T12:30:00,3.862,-,-
2022-12-20T12:15:00,3.863,-,-
2022-12-20T12:00:00,3.863,-,-
2022-12-20T11:45:00,3.863,-,-
2022-12-20T11:30:00,3.863,-,-
2022-12-20T11:15:00,3.863,-,-
2022-12-20T11:00:00,3.863,-,-
2022-12-20T10:45:00,3.864,-,-
2022-12-20T10:30:00,3.863,-,-
2022-12-20T10:15:00,3.864,-,-
2022-12-20T10:00:00,3.864,-,-
2022-12-20T09:45:00,3.864,-,-
2022-12-20T09:30:00,3.864,-,-
2022-12-20T09:15:00,3.864,-,-
2022-12-20T09:00:00,3.865,-,-
2022-12-20T08:45:00,3.865,-,-
2022-12-20T08:30:00,3.866,-,-
2022-12-20T08:15:00,3.866,-,-
2022-12-20T08:00:00,3.868,-,-
2022-12-20T07:45:00,3.868,-,-
2022-12-20T07:30:00,3.869,-,-
2022-12-20T07:15:00,3.869,-,-
2022-12-20T07:00:00,3.868,-,-
2022-12-20T06:45:00,3.868,-,-
2022-12-20T06:30:00,3.868,-,-
2022-12-20T06:15:00,3.868,-,-
2022-12-20T06:00:00,3.868,-,-
2022-12-20T05:45:00,3.868,-,-
2022-12-20T05:30:00,3.868,-,-
2022-12-20T05:15:00,3.867,-,-
2022-12-20T05:00:00,3.867,-,-
2022-12-20T04:45:00,3.867,-,-
2022-12-20T04:30:00,3.867,-,-
2022-12-20T04:15:00,3.867,-,-
2022-12-20T04:00:00,3.867,-,-
2022-12-20T03:45:00,3.867,-,-
2022-12-20T03:30:00,3.867,-,-
2022-12-20T03:15:00,3.867,-,-
2022-12-20T03:00:00,3.867,-,-
2022-12-20T02:45:00,3.868,-,-
2022-12-20T02:30:00,3.868,-,-
2022-12-20T02:15:00,3.868,-,-
2022-12-20T02:00:00,3.867,-,-
2022-12-20T01:45:00,3.867,-,-
2022-12-20T01:30:00,3.867,-,-
2022-12-20T01:15:00,3.867,-,-
2022-12-20T01:00:00,3.867,-,-
2022-12-20T00:45:00,3.867,-,-
2022-12-20T00:30:00,3.867,-,-
2022-12-20T00:15:00,3.867,-,-
2022-12-20T00:00:00,3.867,-,-
2022-12-19T23:45:00,3.867,-,-
2022-12-19T23:30:00,3.867,-,-
2022-12-19T23:15:00,3.867,-,-
2022-12-19T23:00:00,3.867,-,-
2022-12-19T22:45:00,3.866,-,-
2022-12-19T22:30:00,3.866,-,-
2022-12-19T22:15:00,3.867,-,-
2022-12-19T22:00:00,3.867,-,-
2022-12-19T21:45:00,3.867,-,-
2022-12-19T21:30:00,3.867,-,-
2022-12-19T21:15:00,3.867,-,-
2022-12-19T21:00:00,3.867,-,-
2022-12-19T20:45:00,3.867,-,-
2022-12-19T20:30:00,3.867,-,-
2022-12-19T20:15:00,3.867,-,-
2022-12-19T20:00:00,3.868,-,-
2022-12-19T19:45:00,3.867,-,-
2022-12-19T19:30:00,3.867,-,-
2022-12-19T19:15:00,3.868,-,-
2022-12-19T19:00:00,3.868,-,-
2022-12-19T18:45:00,3.868,-,-
2022-12-19T18:30:00,3.869,-,-
2022-12-19T18:15:00,3.869,-,-
2022-12-19T18:00:00,3.868,-,-
2022-12-19T17:45:00,3.869,-,-
2022-12-19T17:30:00,3.868,-,-
2022-12-19T17:15:00,3.869,-,-
2022-12-19T17:00:00,3.869,-,-
2022-12-19T16:45:00,3.869,-,-
2022-12-19T16:30:00,3.869,-,-
2022-12-19T16:15:00,3.869,-,-
2022-12-19T16:00:00,3.870,-,-
2022-12-19T15:45:00,3.870,-,-
2022-12-19T15:30:00,3.870,-,-
2022-12-19T15:15:00,3.870,-,-
2022-12-19T15:00:00,3.871,-,-
2022-12-19T14:45:00,3.872,-,-
2022-12-19T14:30:00,3.872,-,-
2022-12-19T14:15:00,3.871,-,-
2022-12-19T14:00:00,3.872,-,-
2022-12-19T13:45:00,3.873,-,-
2022-12-19T13:30:00,3.873,-,-
2022-12-19T13:15:00,3.872,-,-
2022-12-19T13:00:00,3.872,-,-
2022-12-19T12:45:00,3.873,-,-
2022-12-19T12:30:00,3.873,-,-
2022-12-19T12:15:00,3.873,-,-
2022-12-19T12:00:00,3.873,-,-
2022-12-19T11:45:00,3.873,-,-
2022-12-19T11:30:00,3.874,-,-
2022-12-19T11:15:00,3.875,-,-
2022-12-19T11:00:00,3.875,-,-
2022-12-19T10:45:00,3.874,-,-
2022-12-19T10:30:00,3.874,-,-
2022-12-19T10:15:00,3.874,-,-
2022-12-19T10:00:00,3.875,-,-
2022-12-19T09:45:00,3.875,-,-
2022-12-19T09:30:00,3.875,-,-
2022-12-19T09:15:00,3.875,-,-
2022-12-19T09:00:00,3.876,-,-
2022-12-19T08:45:00,3.876,-,-
2022-12-19T08:30:00,3.877,-,-
2022-12-19T08:15:00,3.877,-,-
2022-12-19T08:00:00,3.878,-,-
2022-12-19T07:45:00,3.879,-,-
2022-12-19T07:30:00,3.879,-,-
2022-12-19T07:15:00,3.880,-,-
2022-12-19T07:00:00,3.882,-,-
2022-12-19T06:45:00,3.883,-,-
2022-12-19T06:30:00,3.883,-,-
2022-12-19T06:15:00,3.885,-,-
2022-12-19T06:00:00,3.887,-,-
2022-12-19T05:45:00,3.887,-,-
2022-12-19T05:30:00,3.888,-,-
2022-12-19T05:15:00,3.890,-,-
2022-12-19T05:00:00,3.893,-,-
2022-12-19T04:45:00,3.895,-,-
2022-12-19T04:30:00,3.896,-,-
2022-12-19T04:15:00,3.899,-,-
2022-12-19T04:00:00,3.901,-,-
2022-12-19T03:45:00,3.904,-,-
2022-12-19T03:30:00,3.907,-,-
2022-12-19T03:15:00,3.909,-,-
2022-12-19T03:00:00,3.910,-,-
2022-12-19T02:45:00,3.911,-,-
2022-12-19T02:30:00,3.910,-,-
2022-12-19T02:15:00,3.909,-,-
2022-12-19T02:00:00,3.909,-,-
2022-12-19T01:45:00,3.911,-,-
2022-12-19T01:30:00,3.913,-,-
2022-12-19T01:15:00,3.917,-,-
2022-12-19T01:00:00,3.919,-,-
2022-12-19T00:45:00,3.923,-,-
2022-12-19T00:30:00,3.927,-,-
2022-12-19T00:15:00,3.932,-,-
2022-12-19T00:00:00,3.938,-,-
2022-12-18T23:45:00,3.943,-,-
2022-12-18T23:30:00,3.950,-,-
2022-12-18T23:15:00,3.957,-,-
2022-12-18T23:00:00,3.965,-,-
2022-12-18T22:45:00,3.974,-,-
2022-12-18T22:30:00,3.983,-,-
2022-12-18T22:15:00,3.992,-,-
2022-12-18T22:00:00,4.000,-,-
2022-12-18T21:45:00,4.008,-,-
2022-12-18T21:30:00,4.016,-,-
2022-12-18T21:15:00,4.021,-,-
2022-12-18T21:00:00,4.026,-,-
2022-12-18T20:45:00,4.029,-,-
2022-12-18T20:30:00,4.031,-,-
2022-12-18T20:15:00,4.032,-,-
2022-12-18T20:00:00,4.032,-,-
2022-12-18T19:45:00,4.032,-,-
2022-12-18T19:30:00,4.030,-,-
2022-12-18T19:15:00,4.031,-,-
2022-12-18T19:00:00,4.030,-,-
2022-12-18T18:45:00,4.031,-,-
2022-12-18T18:30:00,4.030,-,-
2022-12-18T18:15:00,4.029,-,-
2022-12-18T18:00:00,4.029,-,-
2022-12-18T17:45:00,4.027,-,-
2022-12-18T17:30:00,4.027,-,-
2022-12-18T17:15:00,4.024,-,-
2022-12-18T17:00:00,4.023,-,-
2022-12-18T16:45:00,4.021,-,-
2022-12-18T16:30:00,4.020,-,-
2022-12-18T16:15:00,4.015,-,-
2022-12-18T16:00:00,4.008,-,-
2022-12-18T15:45:00,4.002,-,-
2022-12-18T15:30:00,3.992,-,-
2022-12-18T15:15:00,3.979,-,-
2022-12-18T15:00:00,3.965,-,-
2022-12-18T14:45:00,3.949,-,-
2022-12-18T14:30:00,3.935,-,-
2022-12-18T14:15:00,3.923,-,-
2022-12-18T14:00:00,3.912,-,-
2022-12-18T13:45:00,3.906,-,-
2022-12-18T13:30:00,3.902,-,-
2022-12-18T13:15:00,3.900,-,-
2022-12-18T13:00:00,3.900,-,-
2022-12-18T12:45:00,3.901,-,-
2022-12-18T12:30:00,3.901,-,-
2022-12-18T12:15:00,3.902,-,-
2022-12-18T12:00:00,3.902,-,-
2022-12-18T11:45:00,3.906,-,-
2022-12-18T11:30:00,3.907,-,-
2022-12-18T11:15:00,3.909,-,-
2022-12-18T11:00:00,3.910,-,-
2022-12-18T10:45:00,3.911,-,-
2022-12-18T10:30:00,3.913,-,-
2022-12-18T10:15:00,3.917,-,-
2022-12-18T10:00:00,3.921,-,-
2022-12-18T09:45:00,3.924,-,-
2022-12-18T09:30:00,3.926,-,-
2022-12-18T09:15:00,3.927,-,-
2022-12-18T09:00:00,3.928,-,-
2022-12-18T08:45:00,3.929,-,-
2022-12-18T08:30:00,3.930,-,-
2022-12-18T08:15:00,3.931,-,-
2022-12-18T08:00:00,3.933,-,-
2022-12-18T07:45:00,3.935,-,-
2022-12-18T07:30:00,3.935,-,-
2022-12-18T07:15:00,3.934,-,-
2022-12-18T07:00:00,3.933,-,-
2022-12-18T06:45:00,3.935,-,-
2022-12-18T06:30:00,3.936,-,-
2022-12-18T06:15:00,3.937,-,-
2022-12-18T06:00:00,3.937,-,-
2022-12-18T05:45:00,3.937,-,-
2022-12-18T05:30:00,3.938,-,-
2022-12-18T05:15:00,3.941,-,-
2022-12-18T05:00:00,3.942,-,-
2022-12-18T04:45:00,3.944,-,-
2022-12-18T04:30:00,3.945,-,-
2022-12-18T04:15:00,3.947,-,-
2022-12-18T04:00:00,3.949,-,-
2022-12-18T03:45:00,3.951,-,-
2022-12-18T03:30:00,3.953,-,-
2022-12-18T03:15:00,3.955,-,-
2022-12-18T03:00:00,3.957,-,-
2022-12-18T02:45:00,3.959,-,-
2022-12-18T02:30:00,3.962,-,-
2022-12-18T02:15:00,3.964,-,-
2022-12-18T02:00:00,3.966,-,-
2022-12-18T01:45:00,3.968,-,-
2022-12-18T01:30:00,3.972,-,-
2022-12-18T01:15:00,3.976,-,-
2022-12-18T01:00:00,3.978,-,-
2022-12-18T00:45:00,3.982,-,-
2022-12-18T00:30:00,3.986,-,-
2022-12-18T00:15:00,3.990,-,-
2022-12-18T00:00:00,3.995,-,-
2022-12-17T23:45:00,3.999,-,-
2022-12-17T23:30:00,4.003,-,-
2022-12-17T23:15:00,4.009,-,-
2022-12-17T23:00:00,4.016,-,-
2022-12-17T22:45:00,4.022,-,-
2022-12-17T22:30:00,4.029,-,-
2022-12-17T22:15:00,4.036,-,-
2022-12-17T22:00:00,4.046,-,-
2022-12-17T21:45:00,4.053,-,-
2022-12-17T21:30:00,4.059,-,-
2022-12-17T21:15:00,4.065,-,-
2022-12-17T21:00:00,4.070,-,-
2022-12-17T20:45:00,4.074,-,-
2022-12-17T20:30:00,4.075,-,-
2022-12-17T20:15:00,4.077,-,-
2022-12-17T20:00:00,4.077,-,-
2022-12-17T19:45:00,4.078,-,-
2022-12-17T19:30:00,4.078,-,-
2022-12-17T19:15:00,4.078,-,-
2022-12-17T19:00:00,4.077,-,-
2022-12-17T18:45:00,4.077,-,-
2022-12-17T18:30:00,4.077,-,-
2022-12-17T18:15:00,4.077,-,-
2022-12-17T18:00:00,4.078,-,-
2022-12-17T17:45:00,4.078,-,-
2022-12-17T17:30:00,4.078,-,-
2022-12-17T17:15:00,4.077,-,-
2022-12-17T17:00:00,4.076,-,-
2022-12-17T16:45:00,4.075,-,-
2022-12-17T16:30:00,4.074,-,-
2022-12-17T16:15:00,4.074,-,-
2022-12-17T16:00:00,4.071,-,-
2022-12-17T15:45:00,4.068,-,-
2022-12-17T15:30:00,4.064,-,-
2022-12-17T15:15:00,4.059,-,-
2022-12-17T15:00:00,4.051,-,-
2022-12-17T14:45:00,4.045,-,-
2022-12-17T14:30:00,4.034,-,-
2022-12-17T14:15:00,4.025,-,-
2022-12-17T14:00:00,4.017,-,-
2022-12-17T13:45:00,4.012,-,-
2022-12-17T13:30:00,4.010,-,-
2022-12-17T13:15:00,4.010,-,-
2022-12-17T13:00:00,4.009,-,-
2022-12-17T12:45:00,4.011,-,-
2022-12-17T12:30:00,4.013,-,-
2022-12-17T12:15:00,4.014,-,-
2022-12-17T12:00:00,4.015,-,-
2022-12-17T11:45:00,4.017,-,-
2022-12-17T11:30:00,4.020,-,-
2022-12-17T11:15:00,4.025,-,-
2022-12-17T11:00:00,4.027,-,-
2022-12-17T10:45:00,4.033,-,-
2022-12-17T10:30:00,4.032,-,-
2022-12-17T10:15:00,4.031,-,-
2022-12-17T10:00:00,4.032,-,-
2022-12-17T09:45:00,4.032,-,-
2022-12-17T09:30:00,4.032,-,-
2022-12-17T09:15:00,4.033,-,-
2022-12-17T09:00:00,4.032,-,-
2022-12-17T08:45:00,4.031,-,-
2022-12-17T08:30:00,4.032,-,-
2022-12-17T08:15:00,4.033,-,-
2022-12-17T08:00:00,4.033,-,-
2022-12-17T07:45:00,4.032,-,-
2022-12-17T07:30:00,4.032,-,-
2022-12-17T07:15:00,4.032,-,-
2022-12-17T07:00:00,4.032,-,-
2022-12-17T06:45:00,4.032,-,-
2022-12-17T06:30:00,4.031,-,-
2022-12-17T06:15:00,4.030,-,-
2022-12-17T06:00:00,4.030,-,-
2022-12-17T05:45:00,4.029,-,-
2022-12-17T05:30:00,4.029,-,-
2022-12-17T05:15:00,4.028,-,-
2022-12-17T05:00:00,4.028,-,-
2022-12-17T04:45:00,4.027,-,-
2022-12-17T04:30:00,4.027,-,-
2022-12-17T04:15:00,4.026,-,-
2022-12-17T04:00:00,4.026,-,-
2022-12-17T03:45:00,4.026,-,-
2022-12-17T03:30:00,4.025,-,-
2022-12-17T03:15:00,4.024,-,-
2022-12-17T03:00:00,4.023,-,-
2022-12-17T02:45:00,4.023,-,-
2022-12-17T02:30:00,4.022,-,-
2022-12-17T02:15:00,4.021,-,-
2022-12-17T02:00:00,4.021,-,-
2022-12-17T01:45:00,4.021,-,-
2022-12-17T01:30:00,4.020,-,-
2022-12-17T01:15:00,4.019,-,-
2022-12-17T01:00:00,4.019,-,-
2022-12-17T00:45:00,4.018,-,-
2022-12-17T00:30:00,4.017,-,-
2022-12-17T00:15:00,4.017,-,-
2022-12-17T00:00:00,4.016,-,-
2022-12-30T23:45:00,4.392,-,-
2022-12-30T23:30:00,4.391,-,-
2022-12-30T23:15:00,4.388,-,-
2022-12-30T23:00:00,4.387,-,-
2022-12-30T22:45:00,4.384,-,-
2022-12-30T22:30:00,4.384,-,-
2022-12-30T22:15:00,4.380,-,-
2022-12-30T22:00:00,4.379,-,-
2022-12-30T21:45:00,4.376,-,-
2022-12-30T21:30:00,4.374,-,-
2022-12-30T21:15:00,4.372,-,-
2022-12-30T21:00:00,4.372,-,-
2022-12-30T20:45:00,4.369,-,-
2022-12-30T20:30:00,4.367,-,-
2022-12-30T20:15:00,4.366,-,-
2022-12-30T20:00:00,4.363,-,-
2022-12-30T19:45:00,4.362,-,-
2022-12-30T19:30:00,4.359,-,-
2022-12-30T19:15:00,4.359,-,-
2022-12-30T19:00:00,4.360,-,-
2022-12-30T18:45:00,4.359,-,-
2022-12-30T18:30:00,4.356,-,-
2022-12-30T18:15:00,4.355,-,-
2022-12-30T18:00:00,4.352,-,-
2022-12-30T17:45:00,4.351,-,-
2022-12-30T17:30:00,4.349,-,-
2022-12-30T17:15:00,4.347,-,-
2022-12-30T17:00:00,4.345,-,-
2022-12-30T16:45:00,4.345,-,-
2022-12-30T16:30:00,4.344,-,-
2022-12-30T16:15:00,4.343,-,-
2022-12-30T16:00:00,4.340,-,-
2022-12-30T15:45:00,4.338,-,-
2022-12-30T15:30:00,4.334,-,-
2022-12-30T15:15:00,4.332,-,-
2022-12-30T15:00:00,4.331,-,-
2022-12-30T14:45:00,4.328,-,-
2022-12-30T14:30:00,4.327,-,-
2022-12-30T14:15:00,4.322,-,-
2022-12-30T14:00:00,4.320,-,-
2022-12-30T13:45:00,4.318,-,-
2022-12-30T13:30:00,4.315,-,-
2022-12-30T13:15:00,4.312,-,-
2022-12-30T13:00:00,4.310,-,-
2022-12-30T12:45:00,4.307,-,-
2022-12-30T12:30:00,4.303,-,-
2022-12-30T12:15:00,4.299,-,-
2022-12-30T12:00:00,4.292,-,-
2022-12-30T11:45:00,4.281,-,-
2022-12-30T11:30:00,4.268,-,-
2022-12-30T11:15:00,4.246,-,-
2022-12-30T11:00:00,4.218,-,-
2022-12-30T10:45:00,4.180,-,-
2022-12-30T10:30:00,4.132,-,-
2022-12-30T10:15:00,4.083,-,-
2022-12-30T10:00:00,4.053,-,-
2022-12-30T09:45:00,4.045,-,-
2022-12-30T09:30:00,4.045,-,-
2022-12-30T09:15:00,4.047,-,-
2022-12-30T09:00:00,4.050,-,-
2022-12-30T08:45:00,4.053,-,-
2022-12-30T08:30:00,4.056,-,-
2022-12-30T08:15:00,4.059,-,-
2022-12-30T08:00:00,4.061,-,-
2022-12-30T07:45:00,4.062,-,-
2022-12-30T07:30:00,4.065,-,-
2022-12-30T07:15:00,4.068,-,-
2022-12-30T07:00:00,4.070,-,-
2022-12-30T06:45:00,4.073,-,-
2022-12-30T06:30:00,4.076,-,-
2022-12-30T06:15:00,4.079,-,-
2022-12-30T06:00:00,4.082,-,-
2022-12-30T05:45:00,4.085,-,-
2022-12-30T05:30:00,4.088,-,-
2022-12-30T05:15:00,4.091,-,-
2022-12-30T05:00:00,4.094,-,-
2022-12-30T04:45:00,4.096,-,-
2022-12-30T04:30:00,4.100,-,-
2022-12-30T04:15:00,4.103,-,-
2022-12-30T04:00:00,4.106,-,-
2022-12-30T03:45:00,4.110,-,-
2022-12-30T03:30:00,4.113,-,-
2022-12-30T03:15:00,4.117,-,-
2022-12-30T03:00:00,4.119,-,-
2022-12-30T02:45:00,4.123,-,-
2022-12-30T02:30:00,4.126,-,-
2022-12-30T02:15:00,4.129,-,-
2022-12-30T02:00:00,4.133,-,-
2022-12-30T01:45:00,4.137,-,-
2022-12-30T01:30:00,4.141,-,-
2022-12-30T01:15:00,4.145,-,-
2022-12-30T01:00:00,4.150,-,-
2022-12-30T00:45:00,4.155,-,-
2022-12-30T00:30:00,4.160,-,-
2022-12-30T00:15:00,4.166,-,-
2022-12-30T00:00:00,4.172,-,-
2022-12-29T23:45:00,4.178,-,-
2022-12-29T23:30:00,4.185,-,-
2022-12-29T23:15:00,4.193,-,-
2022-12-29T23:00:00,4.201,-,-
2022-12-29T22:45:00,4.210,-,-
2022-12-29T22:30:00,4.221,-,-
2022-12-29T22:15:00,4.232,-,-
2022-12-29T22:00:00,4.244,-,-
2022-12-29T21:45:00,4.255,-,-
2022-12-29T21:30:00,4.265,-,-
2022-12-29T21:15:00,4.275,-,-
2022-12-29T21:00:00,4.282,-,-
2022-12-29T20:45:00,4.288,-,-
2022-12-29T20:30:00,4.290,-,-
2022-12-29T20:15:00,4.291,-,-
2022-12-29T20:00:00,4.292,-,-
2022-12-29T19:45:00,4.292,-,-
2022-12-29T19:30:00,4.292,-,-
2022-12-29T19:15:00,4.292,-,-
2022-12-29T19:00:00,4.291,-,-
2022-12-29T18:45:00,4.291,-,-
2022-12-29T18:30:00,4.292,-,-
2022-12-29T18:15:00,4.290,-,-
2022-12-29T18:00:00,4.289,-,-
2022-12-29T17:45:00,4.288,-,-
2022-12-29T17:30:00,4.289,-,-
2022-12-29T17:15:00,4.288,-,-
2022-12-29T17:00:00,4.287,-,-
2022-12-29T16:45:00,4.287,-,-
2022-12-29T16:30:00,4.287,-,-
2022-12-29T16:15:00,4.286,-,-
2022-12-29T16:00:00,4.286,-,-
2022-12-29T15:45:00,4.285,-,-
2022-12-29T15:30:00,4.284,-,-
2022-12-29T15:15:00,4.282,-,-
2022-12-29T15:00:00,4.281,-,-
2022-12-29T14:45:00,4.280,-,-
2022-12-29T14:30:00,4.280,-,-
2022-12-29T14:15:00,4.280,-,-
2022-12-29T14:00:00,4.278,-,-
2022-12-29T13:45:00,4.276,-,-
2022-12-29T13:30:00,4.272,-,-
2022-12-29T13:15:00,4.270,-,-
2022-12-29T13:00:00,4.267,-,-
2022-12-29T12:45:00,4.265,-,-
2022-12-29T12:30:00,4.261,-,-
2022-12-29T12:15:00,4.256,-,-
2022-12-29T12:00:00,4.249,-,-
2022-12-29T11:45:00,4.239,-,-
2022-12-29T11:30:00,4.225,-,-
2022-12-29T11:15:00,4.206,-,-
2022-12-29T11:00:00,4.185,-,-
2022-12-29T10:45:00,4.161,-,-
2022-12-29T10:30:00,4.141,-,-
2022-12-29T10:15:00,4.130,-,-
2022-12-29T10:00:00,4.126,-,-
2022-12-29T09:45:00,4.125,-,-
2022-12-29T09:30:00,4.127,-,-
2022-12-29T09:15:00,4.129,-,-
2022-12-29T09:00:00,4.131,-,-
2022-12-29T08:45:00,4.134,-,-
2022-12-29T08:30:00,4.137,-,-
2022-12-29T08:15:00,4.139,-,-
2022-12-29T08:00:00,4.141,-,-
2022-12-29T07:45:00,4.143,-,-
2022-12-29T07:30:00,4.145,-,-
2022-12-29T07:15:00,4.146,-,-
2022-12-29T07:00:00,4.148,-,-
2022-12-29T06:45:00,4.151,-,-
2022-12-29T06:30:00,4.154,-,-
2022-12-29T06:15:00,4.156,-,-
2022-12-29T06:00:00,4.157,-,-
2022-12-29T05:45:00,4.160,-,-
2022-12-29T05:30:00,4.161,-,-
2022-12-29T05:15:00,4.163,-,-
2022-12-29T05:00:00,4.165,-,-
2022-12-29T04:45:00,4.167,-,-
2022-12-29T04:30:00,4.170,-,-
2022-12-29T04:15:00,4.172,-,-
2022-12-29T04:00:00,4.174,-,-
2022-12-29T03:45:00,4.177,-,-
2022-12-29T03:30:00,4.179,-,-
2022-12-29T03:15:00,4.181,-,-
2022-12-29T03:00:00,4.183,-,-
2022-12-29T02:45:00,4.184,-,-
2022-12-29T02:30:00,4.186,-,-
2022-12-29T02:15:00,4.188,-,-
2022-12-29T02:00:00,4.191,-,-
2022-12-29T01:45:00,4.193,-,-
2022-12-29T01:30:00,4.196,-,-
2022-12-29T01:15:00,4.199,-,-
2022-12-29T01:00:00,4.202,-,-
2022-12-29T00:45:00,4.205,-,-
2022-12-29T00:30:00,4.210,-,-
2022-12-29T00:15:00,4.214,-,-
2022-12-29T00:00:00,4.219,-,-
2022-12-28T23:45:00,4.224,-,-
2022-12-28T23:30:00,4.231,-,-
2022-12-28T23:15:00,4.237,-,-
2022-12-28T23:00:00,4.245,-,-
2022-12-28T22:45:00,4.253,-,-
2022-12-28T22:30:00,4.262,-,-
2022-12-28T22:15:00,4.271,-,-
2022-12-28T22:00:00,4.282,-,-
2022-12-28T21:45:00,4.292,-,-
2022-12-28T21:30:00,4.300,-,-
2022-12-28T21:15:00,4.306,-,-
2022-12-28T21:00:00,4.309,-,-
2022-12-28T20:45:00,4.311,-,-
2022-12-28T20:30:00,4.311,-,-
2022-12-28T20:15:00,4.310,-,-
2022-12-28T20:00:00,4.308,-,-
2022-12-28T19:45:00,4.306,-,-
2022-12-28T19:30:00,4.305,-,-
2022-12-28T19:15:00,4.304,-,-
2022-12-28T19:00:00,4.303,-,-
2022-12-28T18:45:00,4.301,-,-
2022-12-28T18:30:00,4.299,-,-
2022-12-28T18:15:00,4.298,-,-
2022-12-28T18:00:00,4.298,-,-
2022-12-28T17:45:00,4.297,-,-
2022-12-28T17:30:00,4.295,-,-
2022-12-28T17:15:00,4.294,-,-
2022-12-28T17:00:00,4.293,-,-
2022-12-28T16:45:00,4.292,-,-
2022-12-28T16:30:00,4.291,-,-
2022-12-28T16:15:00,4.290,-,-
2022-12-28T16:00:00,4.287,-,-
2022-12-28T15:45:00,4.285,-,-
2022-12-28T15:30:00,4.285,-,-
2022-12-28T15:15:00,4.283,-,-
2022-12-28T15:00:00,4.281,-,-
2022-12-28T14:45:00,4.279,-,-
2022-12-28T14:30:00,4.277,-,-
2022-12-28T14:15:00,4.275,-,-
2022-12-28T14:00:00,4.273,-,-
2022-12-28T13:45:00,4.271,-,-
2022-12-28T13:30:00,4.268,-,-
2022-12-28T13:15:00,4.266,-,-
2022-12-28T13:00:00,4.262,-,-
2022-12-28T12:45:00,4.259,-,-
2022-12-28T12:30:00,4.253,-,-
2022-12-28T12:15:00,4.246,-,-
2022-12-28T12:00:00,4.236,-,-
2022-12-28T11:45:00,4.222,-,-
2022-12-28T11:30:00,4.202,-,-
2022-12-28T11:15:00,4.180,-,-
2022-12-28T11:00:00,4.157,-,-
2022-12-28T10:45:00,4.139,-,-
2022-12-28T10:30:00,4.130,-,-
2022-12-28T10:15:00,4.127,-,-
2022-12-28T10:00:00,4.128,-,-
2022-12-28T09:45:00,4.129,-,-
2022-12-28T09:30:00,4.132,-,-
2022-12-28T09:15:00,4.134,-,-
2022-12-28T09:00:00,4.136,-,-
2022-12-28T08:45:00,4.138,-,-
2022-12-28T08:30:00,4.140,-,-
2022-12-28T08:15:00,4.141,-,-
2022-12-28T08:00:00,4.143,-,-
2022-12-28T07:45:00,4.145,-,-
2022-12-28T07:30:00,4.147,-,-
2022-12-28T07:15:00,4.149,-,-
2022-12-28T07:00:00,4.152,-,-
2022-12-28T06:45:00,4.153,-,-
2022-12-28T06:30:00,4.155,-,-
2022-12-28T06:15:00,4.157,-,-
2022-12-28T06:00:00,4.159,-,-
2022-12-28T05:45:00,4.161,-,-
2022-12-28T05:30:00,4.163,-,-
2022-12-28T05:15:00,4.165,-,-
2022-12-28T05:00:00,4.168,-,-
2022-12-28T04:45:00,4.170,-,-
2022-12-28T04:30:00,4.172,-,-
2022-12-28T04:15:00,4.174,-,-
2022-12-28T04:00:00,4.176,-,-
2022-12-28T03:45:00,4.179,-,-
2022-12-28T03:30:00,4.181,-,-
2022-12-28T03:15:00,4.183,-,-
2022-12-28T03:00:00,4.185,-,-
2022-12-28T02:45:00,4.187,-,-
2022-12-28T02:30:00,4.190,-,-
2022-12-28T02:15:00,4.192,-,-
2022-12-28T02:00:00,4.194,-,-
2022-12-28T01:45:00,4.196,-,-
2022-12-28T01:30:00,4.199,-,-
2022-12-28T01:15:00,4.202,-,-
2022-12-28T01:00:00,4.206,-,-
2022-12-28T00:45:00,4.210,-,-
2022-12-28T00:30:00,4.214,-,-
2022-12-28T00:15:00,4.219,-,-
2022-12-28T00:00:00,4.224,-,-
2022-12-27T23:45:00,4.229,-,-
2022-12-27T23:30:00,4.235,-,-
2022-12-27T23:15:00,4.241,-,-
2022-12-27T23:00:00,4.248,-,-
2022-12-27T22:45:00,4.257,-,-
2022-12-27T22:30:00,4.268,-,-
2022-12-27T22:15:00,4.281,-,-
2022-12-27T22:00:00,4.293,-,-
2022-12-27T21:45:00,4.306,-,-
2022-12-27T21:30:00,4.319,-,-
2022-12-27T21:15:00,4.332,-,-
2022-12-27T21:00:00,4.345,-,-
2022-12-27T20:45:00,4.353,-,-
2022-12-27T20:30:00,4.360,-,-
2022-12-27T20:15:00,4.363,-,-
2022-12-27T20:00:00,4.365,-,-
2022-12-27T19:45:00,4.364,-,-
2022-12-27T19:30:00,4.363,-,-
2022-12-27T19:15:00,4.361,-,-
2022-12-27T19:00:00,4.359,-,-
2022-12-27T18:45:00,4.356,-,-
2022-12-27T18:30:00,4.353,-,-
2022-12-27T18:15:00,4.350,-,-
2022-12-27T18:00:00,4.348,-,-
2022-12-27T17:45:00,4.344,-,-
2022-12-27T17:30:00,4.339,-,-
2022-12-27T17:15:00,4.337,-,-
2022-12-27T17:00:00,4.334,-,-
2022-12-27T16:45:00,4.330,-,-
2022-12-27T16:30:00,4.329,-,-
2022-12-27T16:15:00,4.329,-,-
2022-12-27T16:00:00,4.324,-,-
2022-12-27T15:45:00,4.322,-,-
2022-12-27T15:30:00,4.316,-,-
2022-12-27T15:15:00,4.315,-,-
2022-12-27T15:00:00,4.313,-,-
2022-12-27T14:45:00,4.308,-,-
2022-12-27T14:30:00,4.299,-,-
2022-12-27T14:15:00,4.287,-,-
2022-12-27T14:00:00,4.269,-,-
2022-12-27T13:45:00,4.245,-,-
2022-12-27T13:30:00,4.218,-,-
2022-12-27T13:15:00,4.185,-,-
2022-12-27T13:00:00,4.151,-,-
2022-12-27T12:45:00,4.125,-,-
2022-12-27T12:30:00,4.113,-,-
2022-12-27T12:15:00,4.109,-,-
2022-12-27T12:00:00,4.111,-,-
2022-12-27T11:45:00,4.117,-,-
2022-12-27T11:30:00,4.119,-,-
2022-12-27T11:15:00,4.121,-,-
2022-12-27T11:00:00,4.122,-,-
2022-12-27T10:45:00,4.125,-,-
2022-12-27T10:30:00,4.127,-,-
2022-12-27T10:15:00,4.129,-,-
2022-12-27T10:00:00,4.132,-,-
2022-12-27T09:45:00,4.135,-,-
2022-12-27T09:30:00,4.137,-,-
2022-12-27T09:15:00,4.139,-,-
2022-12-27T09:00:00,4.141,-,-
2022-12-27T08:45:00,4.143,-,-
2022-12-27T08:30:00,4.145,-,-
2022-12-27T08:15:00,4.147,-,-
2022-12-27T08:00:00,4.149,-,-
2022-12-27T07:45:00,4.152,-,-
2022-12-27T07:30:00,4.154,-,-
2022-12-27T07:15:00,4.156,-,-
2022-12-27T07:00:00,4.158,-,-
2022-12-27T06:45:00,4.160,-,-
2022-12-27T06:30:00,4.163,-,-
2022-12-27T06:15:00,4.165,-,-
2022-12-27T06:00:00,4.166,-,-
2022-12-27T05:45:00,4.168,-,-
2022-12-27T05:30:00,4.171,-,-
2022-12-27T05:15:00,4.173,-,-
2022-12-27T05:00:00,4.175,-,-
2022-12-27T04:45:00,4.177,-,-
2022-12-27T04:30:00,4.180,-,-
2022-12-27T04:15:00,4.181,-,-
2022-12-27T04:00:00,4.183,-,-
2022-12-27T03:45:00,4.186,-,-
2022-12-27T03:30:00,4.188,-,-
2022-12-27T03:15:00,4.190,-,-
2022-12-27T03:00:00,4.193,-,-
2022-12-27T02:45:00,4.195,-,-
2022-12-27T02:30:00,4.197,-,-
2022-12-27T02:15:00,4.200,-,-
2022-12-27T02:00:00,4.203,-,-
2022-12-27T01:45:00,4.205,-,-
2022-12-27T01:30:00,4.207,-,-
2022-12-27T01:15:00,4.210,-,-
2022-12-27T01:00:00,4.214,-,-
2022-12-27T00:45:00,4.217,-,-
2022-12-27T00:30:00,4.221,-,-
2022-12-27T00:15:00,4.225,-,-
2022-12-27T00:00:00,4.229,-,-
2022-12-26T23:45:00,4.234,-,-
2022-12-26T23:30:00,4.238,-,-
2022-12-26T23:15:00,4.243,-,-
2022-12-26T23:00:00,4.249,-,-
2022-12-26T22:45:00,4.257,-,-
2022-12-26T22:30:00,4.265,-,-
2022-12-26T22:15:00,4.274,-,-
2022-12-26T22:00:00,4.282,-,-
2022-12-26T21:45:00,4.292,-,-
2022-12-26T21:30:00,4.300,-,-
2022-12-26T21:15:00,4.309,-,-
2022-12-26T21:00:00,4.315,-,-
2022-12-26T20:45:00,4.319,-,-
2022-12-26T20:30:00,4.323,-,-
2022-12-26T20:15:00,4.323,-,-
2022-12-26T20:00:00,4.321,-,-
2022-12-26T19:45:00,4.321,-,-
2022-12-26T19:30:00,4.320,-,-
2022-12-26T19:15:00,4.317,-,-
2022-12-26T19:00:00,4.316,-,-
2022-12-26T18:45:00,4.316,-,-
2022-12-26T18:30:00,4.314,-,-
2022-12-26T18:15:00,4.312,-,-
2022-12-26T18:00:00,4.312,-,-
2022-12-26T17:45:00,4.312,-,-
2022-12-26T17:30:00,4.310,-,-
2022-12-26T17:15:00,4.308,-,-
2022-12-26T17:00:00,4.307,-,-
2022-12-26T16:45:00,4.305,-,-
2022-12-26T16:30:00,4.303,-,-
2022-12-26T16:15:00,4.303,-,-
2022-12-26T16:00:00,4.301,-,-
2022-12-26T15:45:00,4.298,-,-
2022-12-26T15:30:00,4.296,-,-
2022-12-26T15:15:00,4.295,-,-
2022-12-26T15:00:00,4.294,-,-
2022-12-26T14:45:00,4.294,-,-
2022-12-26T14:30:00,4.293,-,-
2022-12-26T14:15:00,4.291,-,-
2022-12-26T14:00:00,4.290,-,-
2022-12-26T13:45:00,4.286,-,-
2022-12-26T13:30:00,4.282,-,-
2022-12-26T13:15:00,4.279,-,-
2022-12-26T13:00:00,4.276,-,-
2022-12-26T12:45:00,4.275,-,-
2022-12-26T12:30:00,4.273,-,-
2022-12-26T12:15:00,4.269,-,-
2022-12-26T12:00:00,4.264,-,-
2022-12-26T11:45:00,4.257,-,-
2022-12-26T11:30:00,4.246,-,-
2022-12-26T11:15:00,4.230,-,-
2022-12-26T11:00:00,4.212,-,-
2022-12-26T10:45:00,4.196,-,-
2022-12-26T10:30:00,4.185,-,-
2022-12-26T10:15:00,4.180,-,-
2022-12-26T10:00:00,4.180,-,-
2022-12-26T09:45:00,4.179,-,-
2022-12-26T09:30:00,4.180,-,-
2022-12-26T09:15:00,4.183,-,-
2022-12-26T09:00:00,4.184,-,-
2022-12-26T08:45:00,4.186,-,-
2022-12-26T08:30:00,4.187,-,-
2022-12-26T08:15:00,4.189,-,-
2022-12-26T08:00:00,4.190,-,-
2022-12-26T07:45:00,4.191,-,-
2022-12-26T07:30:00,4.192,-,-
2022-12-26T07:15:00,4.193,-,-
2022-12-26T07:00:00,4.195,-,-
2022-12-26T06:45:00,4.196,-,-
2022-12-26T06:30:00,4.197,-,-
2022-12-26T06:15:00,4.199,-,-
2022-12-26T06:00:00,4.200,-,-
2022-12-26T05:45:00,4.201,-,-
2022-12-26T05:30:00,4.202,-,-
2022-12-26T05:15:00,4.203,-,-
2022-12-26T05:00:00,4.205,-,-
2022-12-26T04:45:00,4.206,-,-
2022-12-26T04:30:00,4.207,-,-
2022-12-26T04:15:00,4.209,-,-
2022-12-26T04:00:00,4.211,-,-
2022-12-26T03:45:00,4.211,-,-
2022-12-26T03:30:00,4.213,-,-
2022-12-26T03:15:00,4.215,-,-
2022-12-26T03:00:00,4.217,-,-
2022-12-26T02:45:00,4.220,-,-
2022-12-26T02:30:00,4.221,-,-
2022-12-26T02:15:00,4.223,-,-
2022-12-26T02:00:00,4.225,-,-
2022-12-26T01:45:00,4.226,-,-
2022-12-26T01:30:00,4.228,-,-
2022-12-26T01:15:00,4.231,-,-
2022-12-26T01:00:00,4.233,-,-
2022-12-26T00:45:00,4.236,-,-
2022-12-26T00:30:00,4.240,-,-
2022-12-26T00:15:00,4.244,-,-
2022-12-26T00:00:00,4.248,-,-
2022-12-25T23:45:00,4.253,-,-
2022-12-25T23:30:00,4.258,-,-
2022-12-25T23:15:00,4.265,-,-
2022-12-25T23:00:00,4.272,-,-
2022-12-25T22:45:00,4.280,-,-
2022-12-25T22:30:00,4.292,-,-
2022-12-25T22:15:00,4.303,-,-
2022-12-25T22:00:00,4.316,-,-
2022-12-25T21:45:00,4.331,-,-
2022-12-25T21:30:00,4.347,-,-
2022-12-25T21:15:00,4.360,-,-
2022-12-25T21:00:00,4.372,-,-
2022-12-25T20:45:00,4.380,-,-
2022-12-25T20:30:00,4.383,-,-
2022-12-25T20:15:00,4.383,-,-
2022-12-25T20:00:00,4.380,-,-
2022-12-25T19:45:00,4.377,-,-
2022-12-25T19:30:00,4.374,-,-
2022-12-25T19:15:00,4.372,-,-
2022-12-25T19:00:00,4.367,-,-
2022-12-25T18:45:00,4.365,-,-
2022-12-25T18:30:00,4.362,-,-
2022-12-25T18:15:00,4.359,-,-
2022-12-25T18:00:00,4.355,-,-
2022-12-25T17:45:00,4.353,-,-
2022-12-25T17:30:00,4.349,-,-
2022-12-25T17:15:00,4.347,-,-
2022-12-25T17:00:00,4.344,-,-
2022-12-25T16:45:00,4.340,-,-
2022-12-25T16:30:00,4.337,-,-
2022-12-25T16:15:00,4.333,-,-
2022-12-25T16:00:00,4.331,-,-
2022-12-25T15:45:00,4.328,-,-
2022-12-25T15:30:00,4.325,-,-
2022-12-25T15:15:00,4.323,-,-
2022-12-25T15:00:00,4.319,-,-
2022-12-25T14:45:00,4.317,-,-
2022-12-25T14:30:00,4.314,-,-
2022-12-25T14:15:00,4.311,-,-
2022-12-25T14:00:00,4.308,-,-
2022-12-25T13:45:00,4.306,-,-
2022-12-25T13:30:00,4.303,-,-
2022-12-25T13:15:00,4.301,-,-
2022-12-25T13:00:00,4.296,-,-
2022-12-25T12:45:00,4.292,-,-
2022-12-25T12:30:00,4.288,-,-
2022-12-25T12:15:00,4.282,-,-
2022-12-25T12:00:00,4.274,-,-
2022-12-25T11:45:00,4.265,-,-
2022-12-25T11:30:00,4.251,-,-
2022-12-25T11:15:00,4.232,-,-
2022-12-25T11:00:00,4.204,-,-
2022-12-25T10:45:00,4.169,-,-
2022-12-25T10:30:00,4.124,-,-
2022-12-25T10:15:00,4.071,-,-
2022-12-25T10:00:00,4.035,-,-
2022-12-25T09:45:00,4.019,-,-
2022-12-25T09:30:00,4.015,-,-
2022-12-25T09:15:00,4.015,-,-
2022-12-25T09:00:00,4.016,-,-
2022-12-25T08:45:00,4.017,-,-
2022-12-25T08:30:00,4.018,-,-
2022-12-25T08:15:00,4.019,-,-
2022-12-25T08:00:00,4.020,-,-
2022-12-25T07:45:00,4.021,-,-
2022-12-25T07:30:00,4.022,-,-
2022-12-25T07:15:00,4.022,-,-
2022-12-25T07:00:00,4.023,-,-
2022-12-25T06:45:00,4.024,-,-
2022-12-25T06:30:00,4.025,-,-
2022-12-25T06:15:00,4.026,-,-
2022-12-25T06:00:00,4.026,-,-
2022-12-25T05:45:00,4.027,-,-
2022-12-25T05:30:00,4.027,-,-
2022-12-25T05:15:00,4.029,-,-
2022-12-25T05:00:00,4.030,-,-
2022-12-25T04:45:00,4.031,-,-
2022-12-25T04:30:00,4.031,-,-
2022-12-25T04:15:00,4.033,-,-
2022-12-25T04:00:00,4.034,-,-
2022-12-25T03:45:00,4.035,-,-
2022-12-25T03:30:00,4.036,-,-
2022-12-25T03:15:00,4.037,-,-
2022-12-25T03:00:00,4.038,-,-
2022-12-25T02:45:00,4.040,-,-
2022-12-25T02:30:00,4.041,-,-
2022-12-25T02:15:00,4.043,-,-
2022-12-25T02:00:00,4.046,-,-
2022-12-25T01:45:00,4.047,-,-
2022-12-25T01:30:00,4.050,-,-
2022-12-25T01:15:00,4.053,-,-
2022-12-25T01:00:00,4.057,-,-
2022-12-25T00:45:00,4.060,-,-
2022-12-25T00:30:00,4.064,-,-
2022-12-25T00:15:00,4.069,-,-
2022-12-25T00:00:00,4.075,-,-
2022-12-24T23:45:00,4.081,-,-
2022-12-24T23:30:00,4.089,-,-
2022-12-24T23:15:00,4.097,-,-
2022-12-24T23:00:00,4.106,-,-
2022-12-24T22:45:00,4.117,-,-
2022-12-24T22:30:00,4.127,-,-
2022-12-24T22:15:00,4.139,-,-
2022-12-24T22:00:00,4.150,-,-
2022-12-24T21:45:00,4.161,-,-
2022-12-24T21:30:00,4.170,-,-
2022-12-24T21:15:00,4.176,-,-
2022-12-24T21:00:00,4.180,-,-
2022-12-24T20:45:00,4.182,-,-
2022-12-24T20:30:00,4.181,-,-
2022-12-24T20:15:00,4.179,-,-
2022-12-24T20:00:00,4.177,-,-
2022-12-24T19:45:00,4.173,-,-
2022-12-24T19:30:00,4.170,-,-
2022-12-24T19:15:00,4.169,-,-
2022-12-24T19:00:00,4.166,-,-
2022-12-24T18:45:00,4.163,-,-
2022-12-24T18:30:00,4.157,-,-
2022-12-24T18:15:00,4.150,-,-
2022-12-24T18:00:00,4.142,-,-
2022-12-24T17:45:00,4.132,-,-
2022-12-24T17:30:00,4.120,-,-
2022-12-24T17:15:00,4.108,-,-
2022-12-24T17:00:00,4.098,-,-
2022-12-24T16:45:00,4.086,-,-
2022-12-24T16:30:00,4.079,-,-
2022-12-24T16:15:00,4.075,-,-
2022-12-24T16:00:00,4.071,-,-
2022-12-24T15:45:00,4.069,-,-
2022-12-24T15:30:00,4.064,-,-
2022-12-24T15:15:00,4.059,-,-
2022-12-24T15:00:00,4.052,-,-
2022-12-24T14:45:00,4.047,-,-
2022-12-24T14:30:00,4.037,-,-
2022-12-24T14:15:00,4.027,-,-
2022-12-24T14:00:00,4.019,-,-
2022-12-24T13:45:00,4.013,-,-
2022-12-24T13:30:00,4.010,-,-
2022-12-24T13:15:00,4.009,-,-
2022-12-24T13:00:00,4.009,-,-
2022-12-24T12:45:00,4.008,-,-
2022-12-24T12:30:00,4.009,-,-
2022-12-24T12:15:00,4.010,-,-
2022-12-24T12:00:00,4.011,-,-
2022-12-24T11:45:00,4.012,-,-
2022-12-24T11:30:00,4.013,-,-
2022-12-24T11:15:00,4.014,-,-
2022-12-24T11:00:00,4.014,-,-
2022-12-24T10:45:00,4.018,-,-
2022-12-24T10:30:00,4.019,-,-
2022-12-24T10:15:00,4.020,-,-
2022-12-24T10:00:00,4.020,-,-
2022-12-24T09:45:00,4.017,-,-
2022-12-24T09:30:00,4.018,-,-
2022-12-24T09:15:00,4.018,-,-
2022-12-24T09:00:00,4.020,-,-
2022-12-24T08:45:00,4.021,-,-
2022-12-24T08:30:00,4.022,-,-
2022-12-24T08:15:00,4.023,-,-
2022-12-24T08:00:00,4.024,-,-
2022-12-24T07:45:00,4.025,-,-
2022-12-24T07:30:00,4.026,-,-
2022-12-24T07:15:00,4.026,-,-
2022-12-24T07:00:00,4.027,-,-
2022-12-24T06:45:00,4.028,-,-
2022-12-24T06:30:00,4.028,-,-
2022-12-24T06:15:00,4.029,-,-
2022-12-24T06:00:00,4.030,-,-
2022-12-24T05:45:00,4.030,-,-
2022-12-24T05:30:00,4.031,-,-
2022-12-24T05:15:00,4.033,-,-
2022-12-24T05:00:00,4.034,-,-
2022-12-24T04:45:00,4.033,-,-
2022-12-24T04:30:00,4.033,-,-
2022-12-24T04:15:00,4.033,-,-
2022-12-24T04:00:00,4.034,-,-
2022-12-24T03:45:00,4.035,-,-
2022-12-24T03:30:00,4.036,-,-
2022-12-24T03:15:00,4.039,-,-
2022-12-24T03:00:00,4.042,-,-
2022-12-24T02:45:00,4.045,-,-
2022-12-24T02:30:00,4.048,-,-
2022-12-24T02:15:00,4.047,-,-
2022-12-24T02:00:00,4.047,-,-
2022-12-24T01:45:00,4.049,-,-
2022-12-24T01:30:00,4.051,-,-
2022-12-24T01:15:00,4.056,-,-
2022-12-24T01:00:00,4.061,-,-
2022-12-24T00:45:00,4.067,-,-
2022-12-24T00:30:00,4.074,-,-
2022-12-24T00:15:00,4.083,-,-
2022-12-24T00:00:00,4.092,-,-
2022-12-31T23:45:00,4.469,-,-
2022-12-31T23:30:00,4.469,-,-
2022-12-31T23:15:00,4.470,-,-
2022-12-31T23:00:00,4.469,-,-
2022-12-31T22:45:00,4.469,-,-
2022-12-31T22:30:00,4.467,-,-
2022-12-31T22:15:00,4.468,-,-
2022-12-31T22:00:00,4.468,-,-
2022-12-31T21:45:00,4.467,-,-
2022-12-31T21:30:00,4.468,-,-
2022-12-31T21:15:00,4.467,-,-
2022-12-31T21:00:00,4.466,-,-
2022-12-31T20:45:00,4.467,-,-
2022-12-31T20:30:00,4.467,-,-
2022-12-31T20:15:00,4.466,-,-
2022-12-31T20:00:00,4.466,-,-
2022-12-31T19:45:00,4.467,-,-
2022-12-31T19:30:00,4.466,-,-
2022-12-31T19:15:00,4.467,-,-
2022-12-31T19:00:00,4.468,-,-
2022-12-31T18:45:00,4.467,-,-
2022-12-31T18:30:00,4.469,-,-
2022-12-31T18:15:00,4.468,-,-
2022-12-31T18:00:00,4.467,-,-
2022-12-31T17:45:00,4.467,-,-
2022-12-31T17:30:00,4.467,-,-
2022-12-31T17:15:00,4.468,-,-
2022-12-31T17:00:00,4.466,-,-
2022-12-31T16:45:00,4.467,-,-
2022-12-31T16:30:00,4.467,-,-
2022-12-31T16:15:00,4.465,-,-
2022-12-31T16:00:00,4.465,-,-
2022-12-31T15:45:00,4.463,-,-
2022-12-31T15:30:00,4.463,-,-
2022-12-31T15:15:00,4.462,-,-
2022-12-31T15:00:00,4.461,-,-
2022-12-31T14:45:00,4.463,-,-
2022-12-31T14:30:00,4.462,-,-
2022-12-31T14:15:00,4.463,-,-
2022-12-31T14:00:00,4.464,-,-
2022-12-31T13:45:00,4.464,-,-
2022-12-31T13:30:00,4.464,-,-
2022-12-31T13:15:00,4.463,-,-
2022-12-31T13:00:00,4.464,-,-
2022-12-31T12:45:00,4.465,-,-
2022-12-31T12:30:00,4.468,-,-
2022-12-31T12:15:00,4.467,-,-
2022-12-31T12:00:00,4.469,-,-
2022-12-31T11:45:00,4.469,-,-
2022-12-31T11:30:00,4.468,-,-
2022-12-31T11:15:00,4.467,-,-
2022-12-31T11:00:00,4.466,-,-
2022-12-31T10:45:00,4.466,-,-
2022-12-31T10:30:00,4.465,-,-
2022-12-31T10:15:00,4.464,-,-
2022-12-31T10:00:00,4.462,-,-
2022-12-31T09:45:00,4.461,-,-
2022-12-31T09:30:00,4.459,-,-
2022-12-31T09:15:00,4.459,-,-
2022-12-31T09:00:00,4.457,-,-
2022-12-31T08:45:00,4.457,-,-
2022-12-31T08:30:00,4.459,-,-
2022-12-31T08:15:00,4.457,-,-
2022-12-31T08:00:00,4.455,-,-
2022-12-31T07:45:00,4.455,-,-
2022-12-31T07:30:00,4.454,-,-
2022-12-31T07:15:00,4.451,-,-
2022-12-31T07:00:00,4.449,-,-
2022-12-31T06:45:00,4.447,-,-
2022-12-31T06:30:00,4.444,-,-
2022-12-31T06:15:00,4.444,-,-
2022-12-31T06:00:00,4.441,-,-
2022-12-31T05:45:00,4.440,-,-
2022-12-31T05:30:00,4.437,-,-
2022-12-31T05:15:00,4.436,-,-
2022-12-31T05:00:00,4.434,-,-
2022-12-31T04:45:00,4.432,-,-
2022-12-31T04:30:00,4.430,-,-
2022-12-31T04:15:00,4.428,-,-
2022-12-31T04:00:00,4.427,-,-
2022-12-31T03:45:00,4.425,-,-
2022-12-31T03:30:00,4.423,-,-
2022-12-31T03:15:00,4.421,-,-
2022-12-31T03:00:00,4.419,-,-
2022-12-31T02:45:00,4.416,-,-
2022-12-31T02:30:00,4.414,-,-
2022-12-31T02:15:00,4.412,-,-
2022-12-31T02:00:00,4.411,-,-
2022-12-31T01:45:00,4.409,-,-
2022-12-31T01:30:00,4.407,-,-
2022-12-31T01:15:00,4.405,-,-
2022-12-31T01:00:00,4.403,-,-
2022-12-31T00:45:00,4.401,-,-
2022-12-31T00:30:00,4.399,-,-
2022-12-31T00:15:00,4.397,-,-
2022-12-31T00:00:00,4.395,-,-
